# conditioning on: None.
# p2freq: 0.0,6.874149844194554e-05,0.00013548299688389108,0.00033870749220972767,0.0006774149844194553,0.0013548299688389107,0.01135482996883891,0.02135482996883891,0.031354829968838906,0.041354829968838915,0.05135482996883891,0.061354829968838905,0.07135482996883892,0.08135482996883892,0.09135482996883891,0.10135482996883892,0.1113548299688389,0.1213548299688389,0.13135482996883893,0.14135482996883894,0.1513548299688389,0.1613548299688389,0.1713548299688389,0.1813548299688389,0.19135482996883893,0.2013548299688389,0.21135482996883892,0.2213548299688389,0.23135482996883894,0.2413548299688389,0.2513548299688389,0.2613548299688389,0.2713548299688389,0.2813548299688389,0.2913548299688389,0.3013548299688389,0.31135482996883895,0.3213548299688389,0.3313548299688389,0.3413548299688389,0.35135482996883893,0.3613548299688389,0.3713548299688389,0.38135482996883896,0.3913548299688389,0.4013548299688389,0.41135482996883893,0.4213548299688389,0.4313548299688389,0.4413548299688389,0.45135482996883897,0.4613548299688389,0.47135482996883893,0.4813548299688389,0.4913548299688389,0.501354829968839,0.5113548299688389,0.521354829968839,0.531354829968839,0.541354829968839,0.5513548299688389,0.561354829968839,0.5713548299688389,0.5813548299688388,0.5913548299688389,0.6013548299688388,0.6113548299688389,0.621354829968839,0.6313548299688388,0.641354829968839,0.651354829968839,0.6613548299688389,0.671354829968839,0.6813548299688389,0.6913548299688389,0.701354829968839,0.7113548299688388,0.7213548299688388,0.7313548299688389,0.7413548299688388,0.751354829968839,0.761354829968839,0.7713548299688389,0.781354829968839,0.791354829968839,0.8013548299688389,0.811354829968839,0.8213548299688389,0.831354829968839,0.8413548299688389,0.8513548299688388,0.8613548299688389,0.871354829968839,0.8813548299688388,0.891354829968839,0.901354829968839,0.9113548299688389,0.921354829968839,0.9313548299688389,0.9413548299688389,0.951354829968839,0.9613548299688388,0.9713548299688388,0.9813548299688389,0.9913548299688388,0.9996612925077902,0.9998645170031161,0.9999322585015581,1.0
7.818243562038111882e-01
1.844307516604161006e-05
0.000000000000000000e+00
6.659486667776795662e-05
1.197368830582275272e-04
1.977505237315629557e-04
3.920058068266082593e-03
3.516144893382556428e-03
3.749490602392647337e-03
3.626815557167837288e-03
3.602255695393544351e-03
3.458072170801582915e-03
3.349207723764511743e-03
3.000905890001606159e-03
3.304823747752842853e-03
3.504585003960507435e-03
3.050198160901558628e-03
3.353427778291564413e-03
3.135054180102994116e-03
3.112279259909925093e-03
2.751624949030646861e-03
2.843155875562834462e-03
2.794339564781320520e-03
3.027428688940024364e-03
3.085055552915301827e-03
3.246012832970145492e-03
2.863984767323856338e-03
2.701055436048299847e-03
2.836526378430016294e-03
2.728713246012698726e-03
2.864272230506859432e-03
2.243973931924410706e-03
2.487694138038515444e-03
2.351574291915383731e-03
2.373689827182745050e-03
2.437153632390041437e-03
2.301021942186419478e-03
2.417517711731140273e-03
2.158373952527449600e-03
2.138472760182505688e-03
2.340247722259106850e-03
2.257463377138092808e-03
1.986407588057430371e-03
2.299684894421322352e-03
2.070921625736178023e-03
1.972510784314783494e-03
2.047840689223252679e-03
1.966159601591370779e-03
1.868165258936281027e-03
2.081734577807132884e-03
2.003150148812868694e-03
1.914114756373768485e-03
1.719125981713424478e-03
1.734246092856695908e-03
1.830926782469584867e-03
1.612691470962053942e-03
1.627897888321907897e-03
1.611144925782804051e-03
1.656613283325792003e-03
1.749004426575984355e-03
1.620534154257621730e-03
1.869952662941838607e-03
1.533242098608374269e-03
1.765570848456659257e-03
1.532062702533823484e-03
1.386361890006786602e-03
1.563321487814506999e-03
1.599402318944006390e-03
1.496828252221630261e-03
1.594389546759837368e-03
1.418456510220060009e-03
1.427585020667328404e-03
1.458235317938046550e-03
1.319195278562105677e-03
1.403009481553706616e-03
1.253142444283586541e-03
1.472839959246545136e-03
1.195648913159408225e-03
1.331738868999358212e-03
1.183199615041684045e-03
1.173275765831931173e-03
1.313961630706621687e-03
1.303313325550854674e-03
1.263501162111501080e-03
1.202802000010837679e-03
1.172409052625792737e-03
1.311456214950154804e-03
1.143341277721659013e-03
1.122908021665332875e-03
1.079366742358406090e-03
1.174094494551221248e-03
1.097028420085996263e-03
1.042693142080751596e-03
1.059373513512804283e-03
1.057112449565934201e-03
1.146602603705932722e-03
1.012141888189547340e-03
1.040965908348660644e-03
9.974474551369954135e-04
9.493493918059440735e-04
9.760501267860070482e-04
9.559867063901995128e-04
1.037624849748398394e-03
1.103302491238579994e-03
9.175611576678907935e-04
7.718812483809583567e-04
1.762507812651013204e-05
8.401104104649195252e-06
2.121181153300780858e-02
