# conditioning on: None.
# p2freq: 0.0,6.874149844194554e-05,0.00013548299688389108,0.00033870749220972767,0.0006774149844194553,0.0013548299688389107,0.01135482996883891,0.02135482996883891,0.031354829968838906,0.041354829968838915,0.05135482996883891,0.061354829968838905,0.07135482996883892,0.08135482996883892,0.09135482996883891,0.10135482996883892,0.1113548299688389,0.1213548299688389,0.13135482996883893,0.14135482996883894,0.1513548299688389,0.1613548299688389,0.1713548299688389,0.1813548299688389,0.19135482996883893,0.2013548299688389,0.21135482996883892,0.2213548299688389,0.23135482996883894,0.2413548299688389,0.2513548299688389,0.2613548299688389,0.2713548299688389,0.2813548299688389,0.2913548299688389,0.3013548299688389,0.31135482996883895,0.3213548299688389,0.3313548299688389,0.3413548299688389,0.35135482996883893,0.3613548299688389,0.3713548299688389,0.38135482996883896,0.3913548299688389,0.4013548299688389,0.41135482996883893,0.4213548299688389,0.4313548299688389,0.4413548299688389,0.45135482996883897,0.4613548299688389,0.47135482996883893,0.4813548299688389,0.4913548299688389,0.501354829968839,0.5113548299688389,0.521354829968839,0.531354829968839,0.541354829968839,0.5513548299688389,0.561354829968839,0.5713548299688389,0.5813548299688388,0.5913548299688389,0.6013548299688388,0.6113548299688389,0.621354829968839,0.6313548299688388,0.641354829968839,0.651354829968839,0.6613548299688389,0.671354829968839,0.6813548299688389,0.6913548299688389,0.701354829968839,0.7113548299688388,0.7213548299688388,0.7313548299688389,0.7413548299688388,0.751354829968839,0.761354829968839,0.7713548299688389,0.781354829968839,0.791354829968839,0.8013548299688389,0.811354829968839,0.8213548299688389,0.831354829968839,0.8413548299688389,0.8513548299688388,0.8613548299688389,0.871354829968839,0.8813548299688388,0.891354829968839,0.901354829968839,0.9113548299688389,0.921354829968839,0.9313548299688389,0.9413548299688389,0.951354829968839,0.9613548299688388,0.9713548299688388,0.9813548299688389,0.9913548299688388,0.9996612925077902,0.9998645170031161,0.9999322585015581,1.0
9.724519735937543485e-01
4.971807763159123484e-06
0.000000000000000000e+00
1.550017895812454811e-04
5.131299323404623069e-05
1.771802003917299646e-04
1.871202722317157237e-03
1.603701284296759223e-03
1.606954529066695683e-03
1.373983512638776976e-03
1.021195924848063066e-03
1.476246115886700261e-03
1.413691621545472114e-03
8.911318307726710103e-04
1.275651829859221747e-03
1.127213384529521896e-03
1.112545605485693208e-03
1.130660162710636759e-03
9.099095813403613531e-04
4.959448672281108368e-04
9.330793866280167811e-04
4.171706979184908138e-04
4.703302958142472614e-04
4.265734553274190218e-04
7.129255144595992655e-04
4.922505077561097932e-04
5.009855667870514442e-04
6.494894558343323587e-04
3.042923402770451543e-04
2.666621951071681900e-04
1.467165011252577684e-04
2.505470626409899955e-04
2.971815916938220711e-04
2.066902725653746095e-04
2.195732994524097342e-04
3.113561066908840380e-04
1.521934575137863076e-04
1.292332524780100979e-04
1.727072294390046589e-04
2.198573172347061751e-04
1.645273164760691249e-04
9.608149466309876202e-05
1.425613085659523907e-04
1.657874480466785109e-04
1.571054002306557131e-04
1.010770917596115953e-04
5.277977223104957734e-05
9.010291925066430275e-05
1.363733756165437180e-04
9.049695536023891250e-05
1.054739531327491837e-04
7.570131179769890560e-05
8.888949705186598399e-05
4.355603750792985500e-05
4.220470212189356184e-05
1.921369034299833076e-04
7.177932556477333330e-05
1.822309949200061308e-04
1.001289862293549682e-05
3.842200527052654763e-05
7.946213164857408404e-06
2.366585166550772782e-05
6.847324238338498958e-05
4.771685458966317680e-05
1.774128863543240718e-05
2.050609602040595115e-05
3.871504045067259445e-05
5.030062425293405318e-06
2.503668770520063935e-05
4.086714185483145348e-06
3.569985820082342122e-06
1.737234321296830534e-05
3.742820528139779822e-05
2.943877049288913578e-06
3.834551865849619658e-05
1.516898777691281318e-05
3.122646517102936994e-06
4.050645981756202697e-06
3.225420478821530251e-05
1.475903755840955031e-05
9.115651445316805328e-06
2.512993635011153104e-06
6.039470644922734156e-06
2.213773429592729888e-06
1.922451032013017253e-05
6.054734068604022524e-07
2.245410284137406279e-06
2.843689230796587987e-06
3.063204725246934080e-06
5.938257792724403708e-07
1.390902536024677440e-06
6.990834898387757507e-06
1.136773151640308180e-06
1.328189148139234922e-06
2.436566892619684925e-06
2.138939720008486480e-06
6.612939108277945624e-07
2.641644414079362759e-07
2.984418708033218790e-06
1.583540416064690054e-07
9.910676123754821480e-08
1.912024767253836371e-07
2.610311158742951919e-06
6.082118045350802393e-07
5.783753852360841855e-07
1.082460181813484316e-07
1.190815167835383213e-12
6.391402720567735417e-13
2.233302472977290117e-05
