# conditioning on: None.
# p2freq: 0.0,6.874149844194554e-05,0.00013548299688389108,0.00033870749220972767,0.0006774149844194553,0.0013548299688389107,0.01135482996883891,0.02135482996883891,0.031354829968838906,0.041354829968838915,0.05135482996883891,0.061354829968838905,0.07135482996883892,0.08135482996883892,0.09135482996883891,0.10135482996883892,0.1113548299688389,0.1213548299688389,0.13135482996883893,0.14135482996883894,0.1513548299688389,0.1613548299688389,0.1713548299688389,0.1813548299688389,0.19135482996883893,0.2013548299688389,0.21135482996883892,0.2213548299688389,0.23135482996883894,0.2413548299688389,0.2513548299688389,0.2613548299688389,0.2713548299688389,0.2813548299688389,0.2913548299688389,0.3013548299688389,0.31135482996883895,0.3213548299688389,0.3313548299688389,0.3413548299688389,0.35135482996883893,0.3613548299688389,0.3713548299688389,0.38135482996883896,0.3913548299688389,0.4013548299688389,0.41135482996883893,0.4213548299688389,0.4313548299688389,0.4413548299688389,0.45135482996883897,0.4613548299688389,0.47135482996883893,0.4813548299688389,0.4913548299688389,0.501354829968839,0.5113548299688389,0.521354829968839,0.531354829968839,0.541354829968839,0.5513548299688389,0.561354829968839,0.5713548299688389,0.5813548299688388,0.5913548299688389,0.6013548299688388,0.6113548299688389,0.621354829968839,0.6313548299688388,0.641354829968839,0.651354829968839,0.6613548299688389,0.671354829968839,0.6813548299688389,0.6913548299688389,0.701354829968839,0.7113548299688388,0.7213548299688388,0.7313548299688389,0.7413548299688388,0.751354829968839,0.761354829968839,0.7713548299688389,0.781354829968839,0.791354829968839,0.8013548299688389,0.811354829968839,0.8213548299688389,0.831354829968839,0.8413548299688389,0.8513548299688388,0.8613548299688389,0.871354829968839,0.8813548299688388,0.891354829968839,0.901354829968839,0.9113548299688389,0.921354829968839,0.9313548299688389,0.9413548299688389,0.951354829968839,0.9613548299688388,0.9713548299688388,0.9813548299688389,0.9913548299688388,0.9996612925077902,0.9998645170031161,0.9999322585015581,1.0
5.778585316386377624e-01
6.080107837267598860e-06
0.000000000000000000e+00
2.882036654660452297e-05
6.900207696591169945e-05
1.010360932654214949e-04
2.005122781366056733e-03
1.693109930958029783e-03
1.766715644291781684e-03
1.958374255771788870e-03
1.960137074756703682e-03
1.976527164763580442e-03
2.037388317946719953e-03
1.954061896943753637e-03
2.110090758688681987e-03
1.863185254453367506e-03
1.703668114473499019e-03
1.739018808000416735e-03
1.950106107210685703e-03
1.813971528064240281e-03
1.984010278944052779e-03
2.127367603310657308e-03
1.707686499022506186e-03
2.213538440478785528e-03
1.904486593360898332e-03
1.845587021577744027e-03
2.185368999931096724e-03
1.870580479387198066e-03
1.865628736256483332e-03
1.885946668571315170e-03
1.872023031778869036e-03
1.902897453993788492e-03
1.819677846360272244e-03
2.025926461993637732e-03
2.149704254778108878e-03
2.080716596943327917e-03
2.150898358160150022e-03
2.588805919670708090e-03
2.170862277534491014e-03
2.242353052055734604e-03
2.196065068802437788e-03
2.227640008061385676e-03
2.157828034749950403e-03
2.312972759933664552e-03
2.273222039077375106e-03
2.275835972749852380e-03
2.367953982124850962e-03
2.379059731458296051e-03
2.112788817707958629e-03
2.128775782537553271e-03
2.555868533135265304e-03
2.190792521726284137e-03
2.573411614660139034e-03
2.526259680517254844e-03
2.394238554637878082e-03
2.329889166950050924e-03
2.766625984864397488e-03
2.262775725556747351e-03
2.479003212891959726e-03
2.632721928196414887e-03
2.437817379938248506e-03
2.458851028949207360e-03
2.778062418847582898e-03
2.773735269339504955e-03
2.575874403870583376e-03
2.797482740742597476e-03
2.498056669150730720e-03
2.530750735586312361e-03
2.694287619275187191e-03
2.805625478627746770e-03
2.708129544477755075e-03
2.726897799177222057e-03
2.715315147136696319e-03
2.975810195340441045e-03
2.837052544186625946e-03
2.886483126176338058e-03
3.265317530190016242e-03
2.997725313047358564e-03
3.127675790306035791e-03
3.163787383818485611e-03
3.134332993456371078e-03
3.076723608305317534e-03
3.312922267062409342e-03
3.145345828202482201e-03
3.533986356910486654e-03
3.446964688294687582e-03
3.518399258109399918e-03
3.718069700621381719e-03
3.679464636495862438e-03
3.647315118559210124e-03
3.697766267958845984e-03
3.860548269008366902e-03
3.666374375326225850e-03
4.090209652859627502e-03
4.121323473405727467e-03
4.001161628952330795e-03
4.121092139811674201e-03
4.607107063637595236e-03
4.466006209544215108e-03
4.441700018135439146e-03
4.593905365271004106e-03
4.842276644547099246e-03
4.733374824157947879e-03
5.035332495895467053e-03
4.974455300105186384e-03
4.433567051199437288e-03
7.111665288507772176e-05
2.933129381948221712e-05
1.479123450838851217e-01
