# conditioning on: None.
# p2freq: 0.0,6.874149844194554e-05,0.00013548299688389108,0.00033870749220972767,0.0006774149844194553,0.0013548299688389107,0.01135482996883891,0.02135482996883891,0.031354829968838906,0.041354829968838915,0.05135482996883891,0.061354829968838905,0.07135482996883892,0.08135482996883892,0.09135482996883891,0.10135482996883892,0.1113548299688389,0.1213548299688389,0.13135482996883893,0.14135482996883894,0.1513548299688389,0.1613548299688389,0.1713548299688389,0.1813548299688389,0.19135482996883893,0.2013548299688389,0.21135482996883892,0.2213548299688389,0.23135482996883894,0.2413548299688389,0.2513548299688389,0.2613548299688389,0.2713548299688389,0.2813548299688389,0.2913548299688389,0.3013548299688389,0.31135482996883895,0.3213548299688389,0.3313548299688389,0.3413548299688389,0.35135482996883893,0.3613548299688389,0.3713548299688389,0.38135482996883896,0.3913548299688389,0.4013548299688389,0.41135482996883893,0.4213548299688389,0.4313548299688389,0.4413548299688389,0.45135482996883897,0.4613548299688389,0.47135482996883893,0.4813548299688389,0.4913548299688389,0.501354829968839,0.5113548299688389,0.521354829968839,0.531354829968839,0.541354829968839,0.5513548299688389,0.561354829968839,0.5713548299688389,0.5813548299688388,0.5913548299688389,0.6013548299688388,0.6113548299688389,0.621354829968839,0.6313548299688388,0.641354829968839,0.651354829968839,0.6613548299688389,0.671354829968839,0.6813548299688389,0.6913548299688389,0.701354829968839,0.7113548299688388,0.7213548299688388,0.7313548299688389,0.7413548299688388,0.751354829968839,0.761354829968839,0.7713548299688389,0.781354829968839,0.791354829968839,0.8013548299688389,0.811354829968839,0.8213548299688389,0.831354829968839,0.8413548299688389,0.8513548299688388,0.8613548299688389,0.871354829968839,0.8813548299688388,0.891354829968839,0.901354829968839,0.9113548299688389,0.921354829968839,0.9313548299688389,0.9413548299688389,0.951354829968839,0.9613548299688388,0.9713548299688388,0.9813548299688389,0.9913548299688388,0.9996612925077902,0.9998645170031161,0.9999322585015581,1.0
9.667296288931259696e-01
2.113155835257546651e-06
0.000000000000000000e+00
1.580878792438311298e-05
4.690928979077889209e-05
1.050699509179714198e-04
1.894459455609979245e-03
1.343893257434833951e-03
1.320751191287346856e-03
1.519394860832547255e-03
1.500435818873411620e-03
1.697839931464941885e-03
1.412607122456386579e-03
1.098179927532558914e-03
9.338727349631711395e-04
9.793094306070580790e-04
6.693223403967966598e-04
9.303324524493614741e-04
7.066376140574585039e-04
6.413766769394458299e-04
1.108702109985945086e-03
1.081838096178447482e-03
8.118929513606417802e-04
4.888396688550606653e-04
5.969567947743669193e-04
5.871133658570609022e-04
4.658505054739478209e-04
3.473887688380988869e-04
2.892408803055489578e-04
4.106912485052650061e-04
3.553698484792176229e-04
3.922507950868007803e-04
3.907991826004214879e-04
4.133072059376739424e-04
2.939777626378116881e-04
3.720588905932966815e-04
5.895745260983647866e-04
5.040472863590828023e-04
5.983486663252988221e-04
3.390892401847287060e-04
3.084454855115764367e-04
1.693895592718578432e-04
2.154232061655726380e-04
1.747684798376838327e-04
1.571905118186208827e-04
1.416775159927991532e-04
3.017078086568020191e-04
1.731927333535155462e-04
1.450658211243510980e-04
1.043018840297057787e-04
9.343815576145635430e-05
1.001806126681468941e-04
1.841534524625856243e-04
1.289543172424939381e-04
1.114861889619219522e-04
9.014035002118971334e-05
4.855262509621302406e-05
1.610074442837080070e-04
7.248892872449075927e-05
6.662130256614631611e-05
1.187638515824946398e-04
8.881290392449963929e-05
8.737436450129528387e-05
8.808402129261978623e-05
5.499658395125523678e-05
6.833073139209772887e-05
1.175755662273079727e-04
7.063064504702804588e-05
6.411533376360086889e-05
1.365742355763144614e-04
9.163262766137672327e-05
4.631535616109733861e-05
9.941421261892456271e-05
1.647440096900257527e-04
8.570047626797169847e-05
5.081274349029569722e-05
7.077513747649196796e-05
5.206901291994930268e-05
3.632463494217055030e-05
4.561549467453903197e-05
7.335218648947436056e-05
4.598710610645762357e-05
2.884132098552848471e-05
4.216192488584494485e-05
9.162918066231626993e-05
5.450214165985102580e-05
8.335594141375450507e-05
3.746956761489417031e-05
3.147921990822600267e-05
9.126221835624264127e-05
5.450406058764994694e-05
3.207894145271309041e-05
2.494314914400410437e-05
5.208789714098086671e-05
5.050398532464051037e-05
1.831206105737781233e-05
2.653716199413775614e-05
2.658234034548137532e-05
4.448672584208446950e-05
2.625362400797192291e-05
2.759177620922417852e-05
2.162588842683532448e-05
2.564666677070949848e-05
2.952125630841378752e-05
2.111294798697161044e-05
2.016178934171988823e-05
3.006323267163886299e-07
9.672931335154820278e-08
3.454825446874273606e-04
