# conditioning on: None.
# p1freq: 0.0,5.1e-05,0.0001,0.00025,0.0005,0.001,0.011,0.021,0.031,0.041,0.051,0.061,0.07100000000000001,0.081,0.091,0.101,0.111,0.121,0.131,0.14100000000000001,0.151,0.161,0.171,0.181,0.191,0.201,0.211,0.221,0.231,0.241,0.251,0.261,0.271,0.281,0.291,0.301,0.311,0.321,0.331,0.341,0.35100000000000003,0.361,0.371,0.381,0.391,0.401,0.411,0.421,0.431,0.441,0.451,0.461,0.471,0.481,0.491,0.501,0.511,0.521,0.531,0.541,0.551,0.561,0.5710000000000001,0.581,0.591,0.601,0.611,0.621,0.631,0.641,0.651,0.661,0.671,0.681,0.6910000000000001,0.7010000000000001,0.711,0.721,0.731,0.741,0.751,0.761,0.771,0.781,0.791,0.801,0.811,0.821,0.831,0.841,0.851,0.861,0.871,0.881,0.891,0.901,0.911,0.921,0.931,0.941,0.951,0.961,0.971,0.981,0.991,0.99975,0.9999,0.99995,1.0
9.089726458770773787e-01
3.162058449398622977e-05
1.662690698971139248e-04
1.940862470172729538e-04
5.856936272249475221e-04
9.550414169360308455e-04
1.629660854129279940e-02
1.247203947211722799e-02
1.094738093778934232e-02
9.586131546639819687e-03
6.565499666511541953e-03
4.823732492663266799e-03
4.570972444166362947e-03
3.757067607557533582e-03
2.933792135650894334e-03
2.575648207868505221e-03
1.873433770928684475e-03
1.475040354028312036e-03
1.717299567570857322e-03
9.640257519212879021e-04
1.168627018517980325e-03
1.259834375275588206e-03
9.704494412552422703e-04
6.912510054690894140e-04
5.613925428432035153e-04
4.213604324148831608e-04
2.589143869295241281e-04
3.079204686415675483e-04
2.076150251039976264e-04
2.394481808463403056e-04
1.493406374992081839e-04
1.399353613319881417e-04
1.391170378855167348e-04
1.128986975464134010e-04
1.107989875665653953e-04
1.179922765013863940e-04
8.800164672139926584e-05
7.914401017164071053e-05
6.650272155149449210e-05
7.411170323022193431e-05
6.616734665226058575e-05
5.086141877101739488e-05
4.649460169662169141e-05
5.584415996917801636e-05
4.165082478395732091e-05
4.506179739547143761e-05
5.883230344365522136e-05
3.048272406259003363e-05
3.183534076742163449e-05
2.886181861503128498e-05
2.659328877271034843e-05
2.286059766103214322e-05
2.232494498738536541e-05
2.871225029052791946e-05
1.918688040872713896e-05
1.935183554937362543e-05
1.789346332604298441e-05
2.055196320394647667e-05
1.765833873795018822e-05
1.685986404489250818e-05
1.531505012138003989e-05
1.518603672510474164e-05
1.426468213269555123e-05
1.606460523015519848e-05
1.341479295535866492e-05
1.177286448338520304e-05
1.322234475234966382e-05
1.265436652353409252e-05
1.141180604769638239e-05
1.153073031716599152e-05
1.073559404752687426e-05
1.128363518656477044e-05
1.151221028035102792e-05
1.049648558570419346e-05
1.118138317957654427e-05
1.011605351830492144e-05
1.002969821472039343e-05
1.023285939687938747e-05
9.434711324155754597e-06
9.674707144502240103e-06
1.070683182369707980e-05
9.923856481757745482e-06
9.526806268275979714e-06
1.003888744204810862e-05
9.621907339485373371e-06
1.025410719482274115e-05
1.053980271809025241e-05
1.013152492531231883e-05
1.049138107243963720e-05
1.086406846937403340e-05
1.088828734017193141e-05
1.124112627588719709e-05
1.056230078434454077e-05
1.168888664166023184e-05
1.183799374716515223e-05
1.271909546161690792e-05
1.260659208311026665e-05
1.357503277219830007e-05
1.457807929400237241e-05
1.459067685149119007e-05
1.558578688577613004e-05
1.670771822404348939e-05
1.807528354292499829e-05
1.957312515855437867e-05
2.026400615342799480e-05
1.988991275346255953e-05
3.379284646338134686e-07
1.976119046799292076e-07
1.266757249623755614e-04
