# conditioning on: None.
# p2freq: 0.0,7.875876674275971e-06,1.3751753348551941e-05,3.437938337137985e-05,6.87587667427597e-05,0.0001375175334855194,0.01013751753348552,0.02013751753348552,0.03013751753348552,0.040137517533485524,0.05013751753348552,0.06013751753348552,0.07013751753348552,0.08013751753348552,0.09013751753348552,0.10013751753348551,0.11013751753348552,0.12013751753348552,0.1301375175334855,0.14013751753348552,0.1501375175334855,0.16013751753348554,0.17013751753348555,0.1801375175334855,0.1901375175334855,0.20013751753348552,0.2101375175334855,0.22013751753348554,0.23013751753348552,0.24013751753348553,0.2501375175334855,0.2601375175334855,0.2701375175334855,0.28013751753348554,0.2901375175334855,0.3001375175334855,0.3101375175334855,0.32013751753348557,0.3301375175334855,0.34013751753348553,0.35013751753348554,0.3601375175334855,0.3701375175334855,0.3801375175334855,0.3901375175334855,0.40013751753348553,0.41013751753348554,0.4201375175334855,0.4301375175334855,0.44013751753348557,0.4501375175334856,0.46013751753348553,0.4701375175334855,0.4801375175334855,0.4901375175334855,0.5001375175334856,0.5101375175334856,0.5201375175334856,0.5301375175334855,0.5401375175334855,0.5501375175334855,0.5601375175334855,0.5701375175334855,0.5801375175334854,0.5901375175334854,0.6001375175334854,0.6101375175334854,0.6201375175334854,0.6301375175334856,0.6401375175334856,0.6501375175334856,0.6601375175334856,0.6701375175334856,0.6801375175334856,0.6901375175334856,0.7001375175334856,0.7101375175334855,0.7201375175334855,0.7301375175334855,0.7401375175334856,0.7501375175334856,0.7601375175334856,0.7701375175334856,0.7801375175334855,0.7901375175334855,0.8001375175334855,0.8101375175334855,0.8201375175334855,0.8301375175334855,0.8401375175334854,0.8501375175334854,0.8601375175334854,0.8701375175334854,0.8801375175334856,0.8901375175334856,0.9001375175334856,0.9101375175334856,0.9201375175334855,0.9301375175334856,0.9401375175334855,0.9501375175334856,0.9601375175334855,0.9701375175334854,0.9801375175334855,0.9901375175334854,0.9999656206166286,0.9999862482466515,0.9999931241233257,1.0
9.802974051985356985e-01
3.176864135809537391e-03
1.345159080264372690e-03
2.194926679230000191e-03
1.761988929095996241e-03
1.761205277384476561e-03
7.379166788422639178e-03
4.270417711309592375e-04
2.037457277488944533e-04
1.323394276160762913e-04
9.812955763802220632e-05
7.811266991007710496e-05
6.484290190511162973e-05
5.546989919594494438e-05
4.850887609916336012e-05
4.305962847490822594e-05
3.874519885557620711e-05
3.525245876761896684e-05
3.230676029796009308e-05
2.986174195534287528e-05
2.773350216007525114e-05
2.590904731632906610e-05
2.433152180493565017e-05
2.290820628109133781e-05
2.165789100432049499e-05
2.055320155675165040e-05
1.953130665491473490e-05
1.861895999248825063e-05
1.780041941896601121e-05
1.702942046603094580e-05
1.634408071922448488e-05
1.569125114666970706e-05
1.509844663284767151e-05
1.455887059016619623e-05
1.403801713320885662e-05
1.356205058626639211e-05
1.312619996772891355e-05
1.270060829105748866e-05
1.230980882557026282e-05
1.195051101311107080e-05
1.159609047908888055e-05
1.126961124524582303e-05
1.096837110287198599e-05
1.066857868993313628e-05
1.039864634157544467e-05
1.012847100688026772e-05
9.878517600703601312e-06
9.647174622005668548e-06
9.413755183880922027e-06
9.197479750988300310e-06
8.997049153683937922e-06
8.793271745610228417e-06
8.604441983030628374e-06
8.429058584664148382e-06
8.249635403289605183e-06
8.088564631066864853e-06
7.923000082060736789e-06
7.769276077029335108e-06
7.626585503799541922e-06
7.479010954057353891e-06
7.341724747277745949e-06
7.214486878730076506e-06
7.081947537099033268e-06
6.958852349496037983e-06
6.844634193388490308e-06
6.724989930256395695e-06
6.613893099954442613e-06
6.510842016144024758e-06
6.402289513117716468e-06
6.305811731448299105e-06
6.203817111137268178e-06
6.109119720863855071e-06
6.021420461788685996e-06
5.928165438767057406e-06
5.841697819213974222e-06
5.761633056944301636e-06
5.676034153653443635e-06
5.596691841412209932e-06
5.523301559509982825e-06
5.444446266641307099e-06
5.375126723319033326e-06
5.300321683335388500e-06
5.231090059206085896e-06
5.167081753278259035e-06
5.097877222412140497e-06
5.033808989009318508e-06
4.974694656227455538e-06
4.910253759279210749e-06
4.850869112692889237e-06
4.796078620045952881e-06
4.735990814354495128e-06
4.680753658737611924e-06
4.629734528848277033e-06
4.573779662455029768e-06
4.525201136712510762e-06
4.471534514568703779e-06
4.422187403303642602e-06
4.376839313035488092e-06
4.326494238015162372e-06
4.280352552785012735e-06
4.237760760296675263e-06
4.190442399166740025e-06
4.146910954047676713e-06
4.106968553111945973e-06
4.061903697716601930e-06
3.951111427651958093e-06
7.737939128258092782e-09
2.244979311813260825e-09
8.716429419869964017e-06
