# conditioning on: None.
# p2freq: 0.0,7.875876674275971e-06,1.3751753348551941e-05,3.437938337137985e-05,6.87587667427597e-05,0.0001375175334855194,0.01013751753348552,0.02013751753348552,0.03013751753348552,0.040137517533485524,0.05013751753348552,0.06013751753348552,0.07013751753348552,0.08013751753348552,0.09013751753348552,0.10013751753348551,0.11013751753348552,0.12013751753348552,0.1301375175334855,0.14013751753348552,0.1501375175334855,0.16013751753348554,0.17013751753348555,0.1801375175334855,0.1901375175334855,0.20013751753348552,0.2101375175334855,0.22013751753348554,0.23013751753348552,0.24013751753348553,0.2501375175334855,0.2601375175334855,0.2701375175334855,0.28013751753348554,0.2901375175334855,0.3001375175334855,0.3101375175334855,0.32013751753348557,0.3301375175334855,0.34013751753348553,0.35013751753348554,0.3601375175334855,0.3701375175334855,0.3801375175334855,0.3901375175334855,0.40013751753348553,0.41013751753348554,0.4201375175334855,0.4301375175334855,0.44013751753348557,0.4501375175334856,0.46013751753348553,0.4701375175334855,0.4801375175334855,0.4901375175334855,0.5001375175334856,0.5101375175334856,0.5201375175334856,0.5301375175334855,0.5401375175334855,0.5501375175334855,0.5601375175334855,0.5701375175334855,0.5801375175334854,0.5901375175334854,0.6001375175334854,0.6101375175334854,0.6201375175334854,0.6301375175334856,0.6401375175334856,0.6501375175334856,0.6601375175334856,0.6701375175334856,0.6801375175334856,0.6901375175334856,0.7001375175334856,0.7101375175334855,0.7201375175334855,0.7301375175334855,0.7401375175334856,0.7501375175334856,0.7601375175334856,0.7701375175334856,0.7801375175334855,0.7901375175334855,0.8001375175334855,0.8101375175334855,0.8201375175334855,0.8301375175334855,0.8401375175334854,0.8501375175334854,0.8601375175334854,0.8701375175334854,0.8801375175334856,0.8901375175334856,0.9001375175334856,0.9101375175334856,0.9201375175334855,0.9301375175334856,0.9401375175334855,0.9501375175334856,0.9601375175334855,0.9701375175334854,0.9801375175334855,0.9901375175334854,0.9999656206166286,0.9999862482466515,0.9999931241233257,1.0
9.780035233230585101e-01
3.170586652522578482e-03
1.342872717005637751e-03
2.192472683557772448e-03
1.762109170391418624e-03
1.765071012237958261e-03
7.699576183347326547e-03
5.098444970893150968e-04
2.428944031245688917e-04
1.556009976263287296e-04
1.142283473033652708e-04
9.053294765308669226e-05
7.515544024835312117e-05
6.447649687402277202e-05
5.664163465859542104e-05
5.055354573384263295e-05
4.576095198754672491e-05
4.189816859232086728e-05
3.864971314826753295e-05
3.596917620209413516e-05
3.364472445462453679e-05
3.166807536534223814e-05
2.997578660121241235e-05
2.845902248085802234e-05
2.714416750318877870e-05
2.600017453525620392e-05
2.495026284829366433e-05
2.402981316366308311e-05
2.322082704092154085e-05
2.246415064396233509e-05
2.181108767498124302e-05
2.119218592349681618e-05
2.064507788904602572e-05
2.016209169022825312e-05
1.969640169009818551e-05
1.928510573363629598e-05
1.892298574640057172e-05
1.856784976490797275e-05
1.825583115310031455e-05
1.798357583525960266e-05
1.771192642582720668e-05
1.747616714576675731e-05
1.727377156512216564e-05
1.706796953690157290e-05
1.690460185876712520e-05
1.673593025834976066e-05
1.659585647921289241e-05
1.648319267849841527e-05
1.636331553036340244e-05
1.626957713657531252e-05
1.620124868658482352e-05
1.612441487527342817e-05
1.607277983311184444e-05
1.604486959165563888e-05
1.600815020021137885e-05
1.600638692815975866e-05
1.599544732224975922e-05
1.600839791589774827e-05
1.604527990767418019e-05
1.607327315993188242e-05
1.612513238715716427e-05
1.620193687393025486e-05
1.627019170003044115e-05
1.636367236553464311e-05
1.648319139109624730e-05
1.659529448405381376e-05
1.673453112152321242e-05
1.690205555728881278e-05
1.706382192894670324e-05
1.726754033207359492e-05
1.746713115479357601e-05
1.769926943158292115e-05
1.796626287954635146e-05
1.823249599249594647e-05
1.853695190643621303e-05
1.888241393048265310e-05
1.923237593050794323e-05
1.962839098765232845e-05
2.007472935502566607e-05
2.053370078785768355e-05
2.106561987865988256e-05
2.161775642105480402e-05
2.223919545528965029e-05
2.293790787991350100e-05
2.367562469566944684e-05
2.450722263268602014e-05
2.544604968341107514e-05
2.645206450566210687e-05
2.759437260323555167e-05
2.889266354903178847e-05
3.030902417263058962e-05
3.193240595969261837e-05
3.379629169126354999e-05
3.587398507467390427e-05
3.830979672967882221e-05
4.106216461526933332e-05
4.428909858599793556e-05
4.809212990431475568e-05
5.249589897001966581e-05
5.775330312391678973e-05
6.407072742935412664e-05
7.157551604383814595e-05
8.072157979328377939e-05
9.196050113391510692e-05
1.056524087505061638e-04
1.204362637205283086e-04
2.559986199573405484e-07
7.430073796691106880e-08
1.966892200022794693e-04
