# conditioning on: None.
# p2freq: 0.0,7.875876674275971e-06,1.3751753348551941e-05,3.437938337137985e-05,6.87587667427597e-05,0.0001375175334855194,0.01013751753348552,0.02013751753348552,0.03013751753348552,0.040137517533485524,0.05013751753348552,0.06013751753348552,0.07013751753348552,0.08013751753348552,0.09013751753348552,0.10013751753348551,0.11013751753348552,0.12013751753348552,0.1301375175334855,0.14013751753348552,0.1501375175334855,0.16013751753348554,0.17013751753348555,0.1801375175334855,0.1901375175334855,0.20013751753348552,0.2101375175334855,0.22013751753348554,0.23013751753348552,0.24013751753348553,0.2501375175334855,0.2601375175334855,0.2701375175334855,0.28013751753348554,0.2901375175334855,0.3001375175334855,0.3101375175334855,0.32013751753348557,0.3301375175334855,0.34013751753348553,0.35013751753348554,0.3601375175334855,0.3701375175334855,0.3801375175334855,0.3901375175334855,0.40013751753348553,0.41013751753348554,0.4201375175334855,0.4301375175334855,0.44013751753348557,0.4501375175334856,0.46013751753348553,0.4701375175334855,0.4801375175334855,0.4901375175334855,0.5001375175334856,0.5101375175334856,0.5201375175334856,0.5301375175334855,0.5401375175334855,0.5501375175334855,0.5601375175334855,0.5701375175334855,0.5801375175334854,0.5901375175334854,0.6001375175334854,0.6101375175334854,0.6201375175334854,0.6301375175334856,0.6401375175334856,0.6501375175334856,0.6601375175334856,0.6701375175334856,0.6801375175334856,0.6901375175334856,0.7001375175334856,0.7101375175334855,0.7201375175334855,0.7301375175334855,0.7401375175334856,0.7501375175334856,0.7601375175334856,0.7701375175334856,0.7801375175334855,0.7901375175334855,0.8001375175334855,0.8101375175334855,0.8201375175334855,0.8301375175334855,0.8401375175334854,0.8501375175334854,0.8601375175334854,0.8701375175334854,0.8801375175334856,0.8901375175334856,0.9001375175334856,0.9101375175334856,0.9201375175334855,0.9301375175334856,0.9401375175334855,0.9501375175334856,0.9601375175334855,0.9701375175334854,0.9801375175334855,0.9901375175334854,0.9999656206166286,0.9999862482466515,0.9999931241233257,1.0
9.823858980584552203e-01
3.182302028851046252e-03
1.346970711077152740e-03
2.196319711705507424e-03
1.760486464957370474e-03
1.754964913227432611e-03
6.914351013138741835e-03
2.592122822005652003e-04
9.141250311942548685e-05
4.401711441575327510e-05
2.414218589670087523e-05
1.420893714948285155e-05
8.734678159715420610e-06
5.548918026698406927e-06
3.614912424688387984e-06
2.398625525094863400e-06
1.619066856091421042e-06
1.108788856191704200e-06
7.673771548447509141e-07
5.374479280110070207e-07
3.794340399223049973e-07
2.703536567853911399e-07
1.942466961741651557e-07
1.403594791075764238e-07
1.021745866626592662e-07
7.488806374364002163e-08
5.513327043722871427e-08
4.084834088573561514e-08
3.044340231319392539e-08
2.277386435810307609e-08
1.714349515789111269e-08
1.294829246960920080e-08
9.832203038455600360e-09
7.503808076222897374e-09
5.743590965940971788e-09
4.418216815545952075e-09
3.414673967203944097e-09
2.645991862526158609e-09
2.059979872589961842e-09
1.610896955933060632e-09
1.262700556696650714e-09
9.941956650699002392e-10
7.860956059735766603e-10
6.229077472218485437e-10
4.960102345856849169e-10
3.957784469129630648e-10
3.171162655189668560e-10
2.550946747293592591e-10
2.055961371799871656e-10
1.663685654628073800e-10
1.351407931492318065e-10
1.099704588582459382e-10
8.983804928907959233e-11
7.366267752145999120e-11
6.050165611891250958e-11
4.991135105068092633e-11
4.124141324477034881e-11
3.420427048169823021e-11
2.846901029614058554e-11
2.373189296339424874e-11
1.985431555639301684e-11
1.666887288784206815e-11
1.401472548436546351e-11
1.182519538880373065e-11
1.001188670658986337e-11
8.488428695692576985e-12
7.221972059252664360e-12
6.165152436030330305e-12
5.270009228362441162e-12
4.523196366829863863e-12
3.887272067173507286e-12
3.352101237966904815e-12
2.900113933706755799e-12
2.512215431500550060e-12
2.183489744040588461e-12
1.903919790102479145e-12
1.662138777616690673e-12
1.455845042898326751e-12
1.279227476441978715e-12
1.125335664639306612e-12
9.938136532244514764e-13
8.786382305584372938e-13
7.793025078295969560e-13
6.933333609952238243e-13
6.175202188120191621e-13
5.517162775927847722e-13
4.944221942858288416e-13
4.435173432590646146e-13
3.990824566435039701e-13
3.601604515512141245e-13
3.253288327428634193e-13
2.947526966133745185e-13
2.678120575211343365e-13
2.435440299968655431e-13
2.222553230922271237e-13
2.029836013493888790e-13
1.859065183916447975e-13
1.707308483740894223e-13
1.568939269928869808e-13
1.445756356566987948e-13
1.335642259983100680e-13
1.234615696411519135e-13
1.144175657256637905e-13
1.062981536550654352e-13
9.878601644490672003e-14
9.047746470893919695e-14
1.718942976530411937e-16
4.985784813901674289e-17
3.905967780701210090e-13
