# conditioning on: None.
# p2freq: 0.0,7.875876674275971e-06,1.3751753348551941e-05,3.437938337137985e-05,6.87587667427597e-05,0.0001375175334855194,0.01013751753348552,0.02013751753348552,0.03013751753348552,0.040137517533485524,0.05013751753348552,0.06013751753348552,0.07013751753348552,0.08013751753348552,0.09013751753348552,0.10013751753348551,0.11013751753348552,0.12013751753348552,0.1301375175334855,0.14013751753348552,0.1501375175334855,0.16013751753348554,0.17013751753348555,0.1801375175334855,0.1901375175334855,0.20013751753348552,0.2101375175334855,0.22013751753348554,0.23013751753348552,0.24013751753348553,0.2501375175334855,0.2601375175334855,0.2701375175334855,0.28013751753348554,0.2901375175334855,0.3001375175334855,0.3101375175334855,0.32013751753348557,0.3301375175334855,0.34013751753348553,0.35013751753348554,0.3601375175334855,0.3701375175334855,0.3801375175334855,0.3901375175334855,0.40013751753348553,0.41013751753348554,0.4201375175334855,0.4301375175334855,0.44013751753348557,0.4501375175334856,0.46013751753348553,0.4701375175334855,0.4801375175334855,0.4901375175334855,0.5001375175334856,0.5101375175334856,0.5201375175334856,0.5301375175334855,0.5401375175334855,0.5501375175334855,0.5601375175334855,0.5701375175334855,0.5801375175334854,0.5901375175334854,0.6001375175334854,0.6101375175334854,0.6201375175334854,0.6301375175334856,0.6401375175334856,0.6501375175334856,0.6601375175334856,0.6701375175334856,0.6801375175334856,0.6901375175334856,0.7001375175334856,0.7101375175334855,0.7201375175334855,0.7301375175334855,0.7401375175334856,0.7501375175334856,0.7601375175334856,0.7701375175334856,0.7801375175334855,0.7901375175334855,0.8001375175334855,0.8101375175334855,0.8201375175334855,0.8301375175334855,0.8401375175334854,0.8501375175334854,0.8601375175334854,0.8701375175334854,0.8801375175334856,0.8901375175334856,0.9001375175334856,0.9101375175334856,0.9201375175334855,0.9301375175334856,0.9401375175334855,0.9501375175334856,0.9601375175334855,0.9701375175334854,0.9801375175334855,0.9901375175334854,0.9999656206166286,0.9999862482466515,0.9999931241233257,1.0
9.823545552559016514e-01
3.182196421317928445e-03
1.346923172464598462e-03
2.196235411449745743e-03
1.760406288252711797e-03
1.754861371669738093e-03
6.912341840508057049e-03
2.606761183147703032e-04
9.388988777134339920e-05
4.683161182051942425e-05
2.695662437480004218e-05
1.685256675926507603e-05
1.112755087302242008e-05
7.670720560834594408e-06
5.473780363646181136e-06
4.012791731315540639e-06
3.016040292025139568e-06
2.316482995110015193e-06
1.809798608585482566e-06
1.439320189141652494e-06
1.160063701522240127e-06
9.481353180992944712e-07
7.848334926763939600e-07
6.558988370110102174e-07
5.540863441833567255e-07
4.727429773249441619e-07
4.062313903323257188e-07
3.521034316747540044e-07
3.076258843596749724e-07
2.702438712500651195e-07
2.392441754813844619e-07
2.127695676540311529e-07
1.904174143794584486e-07
1.714178233094438466e-07
1.548593159415647905e-07
1.406481133310408471e-07
1.283812527019355723e-07
1.175043093150344499e-07
1.080440358954400257e-07
9.977715044974712081e-08
9.233708841360538397e-08
8.579672918526293394e-08
8.002318638193685811e-08
7.475961063077212533e-08
7.013860111990349466e-08
6.589263069911386414e-08
6.210970541515127573e-08
5.873008298257468647e-08
5.559147421165447876e-08
5.277972244457083165e-08
5.025563786089316931e-08
4.788864482958181055e-08
4.576177629945450706e-08
4.384496255548527320e-08
4.203304654109911709e-08
4.042772546762471988e-08
3.890197640904230729e-08
3.752735510127142442e-08
3.628917672485598660e-08
3.510420645974402715e-08
3.403740632760590006e-08
3.308124413106142307e-08
3.215954886510911967e-08
3.133560700567136926e-08
3.060208493574884084e-08
2.989160976099880332e-08
2.926367966981963243e-08
2.871314457253009636e-08
2.817811314195417111e-08
2.773428900820313181e-08
2.730277926632630824e-08
2.693885073648962774e-08
2.664051925836758693e-08
2.635184871290770983e-08
2.612723045025888550e-08
2.596561927855981116e-08
2.581371980143135871e-08
2.572551030537271603e-08
2.570163450169853441e-08
2.569068787180029093e-08
2.576523968295699374e-08
2.585656262061743116e-08
2.602092137285997576e-08
2.626206846802684634e-08
2.653202504334882713e-08
2.688899709678323439e-08
2.734115287859885286e-08
2.784039603555427114e-08
2.845441723493484675e-08
2.919571413745338689e-08
3.001916919531150721e-08
3.100597408997204297e-08
3.217877006596664068e-08
3.350308932279606799e-08
3.510440905596180177e-08
3.693428584070111780e-08
3.912622039524804578e-08
4.176042240347740149e-08
4.485291787423377720e-08
4.862309288829132745e-08
5.325529585600381446e-08
5.888820012393681713e-08
6.596250074888920426e-08
7.496858758732868694e-08
8.641648303421502519e-08
9.953067775706890223e-08
2.131738755688924775e-10
6.187264196056143914e-11
1.659042694335255419e-07
