# conditioning on: None.
# p1freq: 0.0,5.1e-05,0.0001,0.00025,0.0005,0.001,0.011,0.021,0.031,0.041,0.051,0.061,0.07100000000000001,0.081,0.091,0.101,0.111,0.121,0.131,0.14100000000000001,0.151,0.161,0.171,0.181,0.191,0.201,0.211,0.221,0.231,0.241,0.251,0.261,0.271,0.281,0.291,0.301,0.311,0.321,0.331,0.341,0.35100000000000003,0.361,0.371,0.381,0.391,0.401,0.411,0.421,0.431,0.441,0.451,0.461,0.471,0.481,0.491,0.501,0.511,0.521,0.531,0.541,0.551,0.561,0.5710000000000001,0.581,0.591,0.601,0.611,0.621,0.631,0.641,0.651,0.661,0.671,0.681,0.6910000000000001,0.7010000000000001,0.711,0.721,0.731,0.741,0.751,0.761,0.771,0.781,0.791,0.801,0.811,0.821,0.831,0.841,0.851,0.861,0.871,0.881,0.891,0.901,0.911,0.921,0.931,0.941,0.951,0.961,0.971,0.981,0.991,0.99975,0.9999,0.99995,1.0
9.971573101103786696e-01
4.465625275760268221e-04
1.899868122322688089e-04
3.128563271781301027e-04
2.560494613023328678e-04
2.636509813501644725e-04
8.831714392300779592e-04
1.966575951513670293e-04
9.869243479569068576e-05
5.896667046704869215e-05
3.828607081760827341e-05
2.609859605779487083e-05
1.836070629073158572e-05
1.321326794212515436e-05
9.672359350442250362e-06
7.174454797344007094e-06
5.375839305155719399e-06
4.062950382804286270e-06
3.092891521343682469e-06
2.368927368888213207e-06
1.824338830382382099e-06
1.411467182362649871e-06
1.096292614880611118e-06
8.546394778217781211e-07
6.684727048865603929e-07
5.244420965168670577e-07
4.125849224602175840e-07
3.254137076471997704e-07
2.572661580747645407e-07
2.038661344741947893e-07
1.618715214844289866e-07
1.287547573572045761e-07
1.025984922744499920e-07
8.189526891849198106e-08
6.547517371290420923e-08
5.242739361521753911e-08
4.204078060760108699e-08
3.375858867570028340e-08
2.714385715369505685e-08
2.185283309199108372e-08
1.761449259324568281e-08
1.421470926004837934e-08
1.148397753384453969e-08
9.287865338092929747e-09
7.519569268115758016e-09
6.094094611424424097e-09
4.943694729635135693e-09
4.014289076121155965e-09
3.262791539252193049e-09
2.654706245222253038e-09
2.161428118810563859e-09
1.761325688398189340e-09
1.436521405203893891e-09
1.172608311621954011e-09
9.579837309316381224e-10
7.832798833414203736e-10
6.409831705116849836e-10
5.249701762072586803e-10
4.303027512450481671e-10
3.529970329171730180e-10
2.898189441904160449e-10
2.381461229844965326e-10
1.958443224898800300e-10
1.611699593520540204e-10
1.327761317556377373e-10
1.094824368341205451e-10
9.035566009649325583e-11
7.463813946151587657e-11
6.171204122420430147e-11
5.107318272364200757e-11
4.230982627461534601e-11
3.508548583140010904e-11
2.912497633878289823e-11
2.420308565273029089e-11
2.013536912414671065e-11
1.677066351846197248e-11
1.398499464480746178e-11
1.167661560839192166e-11
9.761962964842989722e-12
8.172358633141797950e-12
6.851318165113766822e-12
5.752344989138158254e-12
4.836286660404205719e-12
4.073249098180805389e-12
3.436832929182293920e-12
2.905042570067708791e-12
2.460145504397246093e-12
2.087481126747038725e-12
1.774919554480047575e-12
1.512416829981867013e-12
1.291646316614699639e-12
1.105430771292952027e-12
9.486001597449706735e-13
8.161947540235146371e-13
7.041534048455214661e-13
6.091845669820911179e-13
5.285417946470739544e-13
4.597744780573089478e-13
4.013330100896169396e-13
3.514545833252413645e-13
3.087776851038225058e-13
2.720453990372644650e-13
2.406009650497711165e-13
2.135310976110149511e-13
1.900186464940562250e-13
1.491375971627307016e-13
2.292947805101092836e-15
6.645611448217116039e-16
8.912846376631101477e-13
