# conditioning on: None.
# p2freq: 0.0,0.00016766666666666666,0.0003333333333333333,0.0008333333333333334,0.0016666666666666668,0.0033333333333333335,0.013333333333333334,0.023333333333333334,0.03333333333333333,0.043333333333333335,0.05333333333333334,0.06333333333333334,0.07333333333333335,0.08333333333333333,0.09333333333333334,0.10333333333333333,0.11333333333333333,0.12333333333333334,0.13333333333333333,0.14333333333333334,0.15333333333333332,0.16333333333333333,0.17333333333333334,0.18333333333333332,0.19333333333333333,0.20333333333333334,0.21333333333333335,0.22333333333333333,0.23333333333333334,0.24333333333333335,0.25333333333333335,0.2633333333333333,0.2733333333333333,0.2833333333333334,0.2933333333333333,0.30333333333333334,0.31333333333333335,0.3233333333333333,0.3333333333333333,0.3433333333333333,0.35333333333333333,0.36333333333333334,0.37333333333333335,0.38333333333333336,0.3933333333333333,0.4033333333333333,0.41333333333333333,0.42333333333333334,0.43333333333333335,0.44333333333333336,0.4533333333333333,0.4633333333333333,0.47333333333333333,0.48333333333333334,0.49333333333333335,0.5033333333333333,0.5133333333333333,0.5233333333333333,0.5333333333333333,0.5433333333333333,0.5533333333333335,0.5633333333333335,0.5733333333333334,0.5833333333333333,0.5933333333333334,0.6033333333333334,0.6133333333333333,0.6233333333333333,0.6333333333333333,0.6433333333333333,0.6533333333333333,0.6633333333333333,0.6733333333333335,0.6833333333333333,0.6933333333333334,0.7033333333333334,0.7133333333333334,0.7233333333333334,0.7333333333333333,0.7433333333333333,0.7533333333333333,0.7633333333333333,0.7733333333333333,0.7833333333333333,0.7933333333333333,0.8033333333333333,0.8133333333333334,0.8233333333333334,0.8333333333333334,0.8433333333333334,0.8533333333333334,0.8633333333333333,0.8733333333333333,0.8833333333333333,0.8933333333333333,0.9033333333333333,0.9133333333333333,0.9233333333333333,0.9333333333333333,0.9433333333333334,0.9533333333333334,0.9633333333333334,0.9733333333333334,0.9833333333333333,0.9933333333333333,0.9991666666666666,0.9996666666666667,0.9998333333333334,1.0
9.965551036051374378e-01
1.341772696090225256e-04
5.723042372216047334e-05
9.465979924619716854e-05
7.824401293916390554e-05
8.205533721266093823e-05
1.759782618170749389e-04
7.905969942897605692e-05
5.492560656482379318e-05
4.363144535955407503e-05
3.705842031438807467e-05
3.274642444634380257e-05
2.970006555812306143e-05
2.744389762975807132e-05
2.567617265678229658e-05
2.426309981468859311e-05
2.310743732282213834e-05
2.214415905908700079e-05
2.132858426847792174e-05
2.062899973876657740e-05
2.002227662616754507e-05
1.949115345488227859e-05
1.902248279610072094e-05
1.860755495661354071e-05
1.824384655178698479e-05
1.791174375163486301e-05
1.761034923356566973e-05
1.733759475877901755e-05
1.709002800308164879e-05
1.686479897957723483e-05
1.665952955329801273e-05
1.647222258006865857e-05
1.630119138314664053e-05
1.614500449056038809e-05
1.573683331792948513e-05
1.613806895406099775e-05
1.575416499274046343e-05
1.564678700261782490e-05
1.554966487959664041e-05
1.546222930994415657e-05
1.538399062923155022e-05
1.531452843039556405e-05
1.525348290706344074e-05
1.520054761344312043e-05
1.515546338807877296e-05
1.511801323942327696e-05
1.508801803133740465e-05
1.506533283744763488e-05
1.504984385824731832e-05
1.504146581411048505e-05
1.504013974322432658e-05
1.504583114592644209e-05
1.505852842362271002e-05
1.507824189865848347e-05
1.510498352329810886e-05
1.513871145285119276e-05
1.517981498845024594e-05
1.522814222964500344e-05
1.528377520671263015e-05
1.534689103828229350e-05
1.541762986167916901e-05
1.549615003361909922e-05
1.558262741859047157e-05
1.541514753336849783e-05
1.604235384273171278e-05
1.589182786938719678e-05
1.601224983582062608e-05
1.614177893517953086e-05
1.628070195114338724e-05
1.642932586629136324e-05
1.658797856265533096e-05
1.675700960300592333e-05
1.693679109539363207e-05
1.712771864445715534e-05
1.733021239370955533e-05
1.754471816465360043e-05
1.777170869963292074e-05
1.801168501671180215e-05
1.826517788642729391e-05
1.853274944167238123e-05
1.881499493403101570e-05
1.911254465153920068e-05
1.942606601668788455e-05
1.975626588722376628e-05
2.010389311425929979e-05
2.046974345283132424e-05
2.085399117524219849e-05
2.124962175737888192e-05
2.166938314745748881e-05
2.211500042023929725e-05
2.258329448993982971e-05
2.307535394195743000e-05
2.359233862616019043e-05
2.413548552856948609e-05
2.470611923614142441e-05
2.530566716193339432e-05
2.593568238434362620e-05
2.659786066922855687e-05
2.727810391469658908e-05
2.799117685176002971e-05
2.875334013400900540e-05
2.955415583141830411e-05
3.039637269188257549e-05
3.127897631298073150e-05
3.210606568231990802e-05
1.901928065048399808e-05
1.562963450033980297e-06
4.539193233270731005e-07
7.741208020832049700e-04
