# conditioning on: None.
# p2freq: 0.0,0.00016766666666666666,0.0003333333333333333,0.0008333333333333334,0.0016666666666666668,0.0033333333333333335,0.013333333333333334,0.023333333333333334,0.03333333333333333,0.043333333333333335,0.05333333333333334,0.06333333333333334,0.07333333333333335,0.08333333333333333,0.09333333333333334,0.10333333333333333,0.11333333333333333,0.12333333333333334,0.13333333333333333,0.14333333333333334,0.15333333333333332,0.16333333333333333,0.17333333333333334,0.18333333333333332,0.19333333333333333,0.20333333333333334,0.21333333333333335,0.22333333333333333,0.23333333333333334,0.24333333333333335,0.25333333333333335,0.2633333333333333,0.2733333333333333,0.2833333333333334,0.2933333333333333,0.30333333333333334,0.31333333333333335,0.3233333333333333,0.3333333333333333,0.3433333333333333,0.35333333333333333,0.36333333333333334,0.37333333333333335,0.38333333333333336,0.3933333333333333,0.4033333333333333,0.41333333333333333,0.42333333333333334,0.43333333333333335,0.44333333333333336,0.4533333333333333,0.4633333333333333,0.47333333333333333,0.48333333333333334,0.49333333333333335,0.5033333333333333,0.5133333333333333,0.5233333333333333,0.5333333333333333,0.5433333333333333,0.5533333333333335,0.5633333333333335,0.5733333333333334,0.5833333333333333,0.5933333333333334,0.6033333333333334,0.6133333333333333,0.6233333333333333,0.6333333333333333,0.6433333333333333,0.6533333333333333,0.6633333333333333,0.6733333333333335,0.6833333333333333,0.6933333333333334,0.7033333333333334,0.7133333333333334,0.7233333333333334,0.7333333333333333,0.7433333333333333,0.7533333333333333,0.7633333333333333,0.7733333333333333,0.7833333333333333,0.7933333333333333,0.8033333333333333,0.8133333333333334,0.8233333333333334,0.8333333333333334,0.8433333333333334,0.8533333333333334,0.8633333333333333,0.8733333333333333,0.8833333333333333,0.8933333333333333,0.9033333333333333,0.9133333333333333,0.9233333333333333,0.9333333333333333,0.9433333333333334,0.9533333333333334,0.9633333333333334,0.9733333333333334,0.9833333333333333,0.9933333333333333,0.9991666666666666,0.9996666666666667,0.9998333333333334,1.0
9.981493751411909532e-01
1.344171750735864712e-04
5.736825657472681390e-05
9.495415712073739976e-05
7.861884901578736012e-05
8.269061888342684266e-05
1.791386385884987222e-04
8.175356983959584001e-05
5.726028959223549716e-05
4.563622156697100290e-05
3.875031483371898415e-05
3.413764828835506155e-05
3.080090866709046094e-05
2.826274668641519754e-05
2.622011791439255433e-05
2.454014838224717889e-05
2.312509291889175780e-05
2.190948124111317892e-05
2.084824773596254344e-05
1.990933311683491992e-05
1.906928915671900874e-05
1.831055419361906486e-05
1.761969545354462817e-05
1.698758907402653559e-05
1.641057308371947056e-05
1.586999617913948039e-05
1.536472940801415603e-05
1.489225840898322782e-05
1.444888418305731254e-05
1.403151334883050222e-05
1.363752840906754951e-05
1.326469632090512291e-05
1.291109748639822018e-05
1.257507005558235845e-05
1.205345240804175706e-05
1.215182838292842614e-05
1.165879771192624825e-05
1.138022120483062778e-05
1.111350072436932676e-05
1.085784413841747571e-05
1.061253905055657309e-05
1.037694208319385873e-05
1.015046989447735718e-05
9.932591608412530074e-06
9.722822403728101430e-06
9.520718057952704466e-06
9.325870283307678607e-06
9.137902722058051960e-06
8.956467493873901105e-06
8.781242207189217202e-06
8.611927362348755250e-06
8.448244086877916513e-06
8.289932151339303061e-06
8.136748402004890331e-06
7.988455118525181469e-06
7.844793562950277781e-06
7.705727494840307264e-06
7.570937510795264541e-06
7.440237242337005325e-06
7.313485748446714078e-06
7.190523224352459288e-06
7.071198719661903165e-06
6.955369146769939426e-06
6.729754383696564046e-06
6.846802876461500061e-06
6.627525910074030509e-06
6.524384218614756061e-06
6.424122334958869200e-06
6.326634352125508059e-06
6.231819254889193120e-06
6.139580629522269909e-06
6.049826397694420496e-06
5.962468572353457540e-06
5.877423033730947777e-06
5.794609323772225126e-06
5.713950457709155478e-06
5.635372751621475925e-06
5.558805664966718112e-06
5.484181657207479661e-06
5.411436057659290013e-06
5.340506947719478942e-06
5.271335054518515596e-06
5.203863655262782055e-06
5.138038491455368037e-06
5.073807698722795445e-06
5.011122245914490955e-06
4.949779607987329403e-06
4.887991738162308382e-06
4.828576970012038796e-06
4.771510350105295971e-06
4.715760326176221916e-06
4.661288958569502308e-06
4.608061262411308462e-06
4.556045123866380425e-06
4.505211838249734572e-06
4.455537079061204362e-06
4.407002496729730806e-06
4.359595300639442158e-06
4.310852280244050730e-06
4.263102279426694759e-06
4.218394744293565228e-06
4.174694415058579730e-06
4.132058125030068225e-06
4.089998265358802067e-06
4.036446336365678907e-06
2.317511846239749530e-06
1.880726253371059134e-07
5.455078922440673379e-08
6.671936313129504911e-05
