# conditioning on: None.
# p2freq: 0.0,0.00016766666666666666,0.0003333333333333333,0.0008333333333333334,0.0016666666666666668,0.0033333333333333335,0.013333333333333334,0.023333333333333334,0.03333333333333333,0.043333333333333335,0.05333333333333334,0.06333333333333334,0.07333333333333335,0.08333333333333333,0.09333333333333334,0.10333333333333333,0.11333333333333333,0.12333333333333334,0.13333333333333333,0.14333333333333334,0.15333333333333332,0.16333333333333333,0.17333333333333334,0.18333333333333332,0.19333333333333333,0.20333333333333334,0.21333333333333335,0.22333333333333333,0.23333333333333334,0.24333333333333335,0.25333333333333335,0.2633333333333333,0.2733333333333333,0.2833333333333334,0.2933333333333333,0.30333333333333334,0.31333333333333335,0.3233333333333333,0.3333333333333333,0.3433333333333333,0.35333333333333333,0.36333333333333334,0.37333333333333335,0.38333333333333336,0.3933333333333333,0.4033333333333333,0.41333333333333333,0.42333333333333334,0.43333333333333335,0.44333333333333336,0.4533333333333333,0.4633333333333333,0.47333333333333333,0.48333333333333334,0.49333333333333335,0.5033333333333333,0.5133333333333333,0.5233333333333333,0.5333333333333333,0.5433333333333333,0.5533333333333335,0.5633333333333335,0.5733333333333334,0.5833333333333333,0.5933333333333334,0.6033333333333334,0.6133333333333333,0.6233333333333333,0.6333333333333333,0.6433333333333333,0.6533333333333333,0.6633333333333333,0.6733333333333335,0.6833333333333333,0.6933333333333334,0.7033333333333334,0.7133333333333334,0.7233333333333334,0.7333333333333333,0.7433333333333333,0.7533333333333333,0.7633333333333333,0.7733333333333333,0.7833333333333333,0.7933333333333333,0.8033333333333333,0.8133333333333334,0.8233333333333334,0.8333333333333334,0.8433333333333334,0.8533333333333334,0.8633333333333333,0.8733333333333333,0.8833333333333333,0.8933333333333333,0.9033333333333333,0.9133333333333333,0.9233333333333333,0.9333333333333333,0.9433333333333334,0.9533333333333334,0.9633333333333334,0.9733333333333334,0.9833333333333333,0.9933333333333333,0.9991666666666666,0.9996666666666667,0.9998333333333334,1.0
9.991256498928011709e-01
1.342629948608517227e-04
5.712240840432781874e-05
9.410073493453672752e-05
7.709187162492953820e-05
7.954234138281426154e-05
1.600082277121609798e-04
6.279083195068783853e-05
3.858806504945617516e-05
2.728520272516697954e-05
2.072382646776284643e-05
1.643602258561960622e-05
1.341967577640954364e-05
1.119044491416329071e-05
9.467746286223241019e-06
8.105050606902291141e-06
7.003516131938744714e-06
6.097353690275656490e-06
5.341228715093627503e-06
4.702854432842309241e-06
4.158590980214422346e-06
3.690716657369434955e-06
3.285672552433667852e-06
2.933118101631453152e-06
2.625367130172501517e-06
2.353753630144276765e-06
2.113675155431105425e-06
1.900988970258984453e-06
1.711993268917174490e-06
1.543596731562063567e-06
1.393196242358864548e-06
1.258584153987169375e-06
1.137876115413504132e-06
1.029454305644459085e-06
9.171355576215894063e-07
8.588559228376615133e-07
7.648396725203398434e-07
6.933111866226309636e-07
6.286736293046442530e-07
5.702135011800488334e-07
5.173004116553133017e-07
4.693758279757091516e-07
4.259436051646232510e-07
3.865619725561915274e-07
3.508367190122568777e-07
3.184153703127226070e-07
2.889821923215777474e-07
2.622538850182443685e-07
2.379758573957174052e-07
2.159189930330497338e-07
1.958768320114690382e-07
1.776631076037175833e-07
1.611095864611603633e-07
1.460641722672612804e-07
1.323890761639755660e-07
1.199590065811007506e-07
1.086634419879811057e-07
9.839784003400741397e-08
8.906913875801286758e-08
8.059328059223262107e-08
7.289350479588526457e-08
6.590003605217390698e-08
5.954941707293456269e-08
5.293180752352993036e-08
4.940309195897459310e-08
4.380279363489771005e-08
3.949578153903878232e-08
3.559027397908155296e-08
3.205012742357818452e-08
2.884241000707641048e-08
2.593711235927523030e-08
2.330688562796839408e-08
2.092680394085041521e-08
1.877414885949814956e-08
1.682821364812737855e-08
1.507012541698924974e-08
1.348268340774970199e-08
1.205021187114464318e-08
1.075842614873539682e-08
9.594310713055462276e-09
8.546008046824456255e-09
7.602717353839972961e-09
6.754602194381226486e-09
5.992706226835173513e-09
5.308876322559169966e-09
4.695692781269231227e-09
4.146286461319535582e-09
3.653309244155995691e-09
3.213482320814927945e-09
2.821486320792906476e-09
2.471921028415577431e-09
2.160603753775468748e-09
1.883737224989755260e-09
1.637875537898906360e-09
1.419893278214868009e-09
1.226957398469996352e-09
1.056501594645782436e-09
9.062024315232199102e-10
7.735442770777270656e-10
6.571375955949106807e-10
5.555237967177005236e-10
4.667626745752912219e-10
3.894620365630133795e-10
3.223339184076228831e-10
2.635395460954136147e-10
1.293292918467820194e-10
9.844967481124961396e-12
2.838987573445394027e-12
4.878227179779545063e-10
