# conditioning on: None.
# p2freq: 0.0,0.00016766666666666666,0.0003333333333333333,0.0008333333333333334,0.0016666666666666668,0.0033333333333333335,0.013333333333333334,0.023333333333333334,0.03333333333333333,0.043333333333333335,0.05333333333333334,0.06333333333333334,0.07333333333333335,0.08333333333333333,0.09333333333333334,0.10333333333333333,0.11333333333333333,0.12333333333333334,0.13333333333333333,0.14333333333333334,0.15333333333333332,0.16333333333333333,0.17333333333333334,0.18333333333333332,0.19333333333333333,0.20333333333333334,0.21333333333333335,0.22333333333333333,0.23333333333333334,0.24333333333333335,0.25333333333333335,0.2633333333333333,0.2733333333333333,0.2833333333333334,0.2933333333333333,0.30333333333333334,0.31333333333333335,0.3233333333333333,0.3333333333333333,0.3433333333333333,0.35333333333333333,0.36333333333333334,0.37333333333333335,0.38333333333333336,0.3933333333333333,0.4033333333333333,0.41333333333333333,0.42333333333333334,0.43333333333333335,0.44333333333333336,0.4533333333333333,0.4633333333333333,0.47333333333333333,0.48333333333333334,0.49333333333333335,0.5033333333333333,0.5133333333333333,0.5233333333333333,0.5333333333333333,0.5433333333333333,0.5533333333333335,0.5633333333333335,0.5733333333333334,0.5833333333333333,0.5933333333333334,0.6033333333333334,0.6133333333333333,0.6233333333333333,0.6333333333333333,0.6433333333333333,0.6533333333333333,0.6633333333333333,0.6733333333333335,0.6833333333333333,0.6933333333333334,0.7033333333333334,0.7133333333333334,0.7233333333333334,0.7333333333333333,0.7433333333333333,0.7533333333333333,0.7633333333333333,0.7733333333333333,0.7833333333333333,0.7933333333333333,0.8033333333333333,0.8133333333333334,0.8233333333333334,0.8333333333333334,0.8433333333333334,0.8533333333333334,0.8633333333333333,0.8733333333333333,0.8833333333333333,0.8933333333333333,0.9033333333333333,0.9133333333333333,0.9233333333333333,0.9333333333333333,0.9433333333333334,0.9533333333333334,0.9633333333333334,0.9733333333333334,0.9833333333333333,0.9933333333333333,0.9991666666666666,0.9996666666666667,0.9998333333333334,1.0
9.991041291722766449e-01
1.342602969451262083e-04
5.712141217261064181e-05
9.409953210013971472e-05
7.709191782139455365e-05
7.954520233911078304e-05
1.600628981680797460e-04
6.289697651343211643e-05
3.873976098118669823e-05
2.747783302368070002e-05
2.095327009511039151e-05
1.669841729956599783e-05
1.371144116952806011e-05
1.150837451748492001e-05
9.808384781586982541e-06
8.465338538711643951e-06
7.380612970315275344e-06
6.488618064511328699e-06
5.744211374614970442e-06
5.115291004726434034e-06
4.578394430642394433e-06
4.115969482312655217e-06
3.714618596228777764e-06
3.364189106079472433e-06
3.057275302581383002e-06
2.785033331263489832e-06
2.543079918603377196e-06
2.327444034911118411e-06
2.134537848949545245e-06
1.961376630884501988e-06
1.805456475318492958e-06
1.664661871026218624e-06
1.537193841989519850e-06
1.421513500279575419e-06
1.295169242049677556e-06
1.241529131515233411e-06
1.132831475760065868e-06
1.052722020228750500e-06
9.793141857516265307e-07
9.119414167268834414e-07
8.500159922492366955e-07
7.930180532076176433e-07
7.404863992641180505e-07
6.920107310081280938e-07
6.472250791405055563e-07
6.058022140734754190e-07
5.674488695696021177e-07
5.319016456183153935e-07
4.989234807442072182e-07
4.683006038043402052e-07
4.398398912471280842e-07
4.133665686067801445e-07
3.887222053025409062e-07
3.657629675017699603e-07
3.443576642625578113e-07
3.243853676488561795e-07
3.057442542541245579e-07
2.883298349613098366e-07
2.720511771510305658e-07
2.568264829103775662e-07
2.425797503318620944e-07
2.292412847709026110e-07
2.167470971049304511e-07
2.017129868741409429e-07
1.973864300714272605e-07
1.837652638368413997e-07
1.741051663164316597e-07
1.650384220841582761e-07
1.565259727302818822e-07
1.485317470161396089e-07
1.410224107609114899e-07
1.339671406900240112e-07
1.273374197436738133e-07
1.211068516412466262e-07
1.152509927542191416e-07
1.097471995713046024e-07
1.045744902368995755e-07
9.971341881818620311e-08
9.514596111038751870e-08
9.085541092297631354e-08
8.682628590830094559e-08
8.304424209672526319e-08
7.949599640007498040e-08
7.616925642998015644e-08
7.305265714576846640e-08
7.013571030159310235e-08
6.740668889203373895e-08
6.483331855240009141e-08
6.244507717913177413e-08
6.023485497346538249e-08
5.818245190844691158e-08
5.628157501252667183e-08
5.452653578728658149e-08
5.291222914664404257e-08
5.143412517037822161e-08
5.008827243623930448e-08
4.887131720549814036e-08
4.778051478663201388e-08
4.678682713241062730e-08
4.591226265983593812e-08
4.517854631780812960e-08
4.456302576810356984e-08
4.406631196782495638e-08
4.368453276103550542e-08
4.328846130008393572e-08
2.497908713607559430e-08
2.032472049161794667e-09
5.897681126325705198e-10
7.431086945141609788e-07
