# conditioning on: None.
# p2freq: 0.0,0.00051,0.001,0.0025,0.005,0.01,0.02,0.03,0.04,0.05,0.06,0.07,0.08,0.09,0.1,0.11,0.12,0.13,0.14,0.15,0.16,0.17,0.18,0.19,0.2,0.21,0.22,0.23,0.24,0.25,0.26,0.27,0.28,0.29,0.3,0.31,0.32,0.33,0.34,0.35,0.36000000000000004,0.37,0.38,0.39,0.4,0.41,0.42000000000000004,0.43,0.44,0.45,0.46,0.47,0.48000000000000004,0.49,0.5,0.51,0.52,0.53,0.54,0.55,0.56,0.57,0.5800000000000001,0.59,0.6,0.61,0.62,0.63,0.64,0.65,0.66,0.67,0.68,0.69,0.7000000000000001,0.7100000000000001,0.72,0.73,0.74,0.75,0.76,0.77,0.78,0.79,0.8,0.81,0.82,0.8300000000000001,0.8400000000000001,0.85,0.86,0.87,0.88,0.89,0.9,0.91,0.92,0.93,0.94,0.9500000000000001,0.9600000000000001,0.97,0.98,0.99,0.9975,0.999,0.9995,1.0
9.996969206514901840e-01
4.478914596897442353e-05
1.906150076337934695e-05
3.141584528841212466e-05
2.576731752259037308e-05
2.664450054190939466e-05
2.702219918790917122e-05
1.584085905902346203e-05
1.120843163909174152e-05
8.656917946708308172e-06
7.046483363459927139e-06
5.926173690204318923e-06
5.100187810968133600e-06
4.468221707299819933e-06
3.968843560929017748e-06
3.564111459400759301e-06
3.229317187635345783e-06
2.947676441831989373e-06
2.707386527436818332e-06
2.499904948010274656e-06
2.318895891900495089e-06
2.159560563836578258e-06
2.018197499257805423e-06
1.891905682935804235e-06
1.778379128203472223e-06
1.675761643514078056e-06
1.582542167117652090e-06
1.497478031788135667e-06
1.419537877949671522e-06
1.347858200935739355e-06
1.281709945256113878e-06
1.220564269826791712e-06
1.164124596943417323e-06
1.111654478825999554e-06
1.062351971535100501e-06
1.016087348414469265e-06
9.727208244233334771e-07
9.319971878481038030e-07
8.936834453218640453e-07
8.575746339489874908e-07
8.234886612467146355e-07
7.912632600908076226e-07
7.607533449476660068e-07
7.318287817732413769e-07
7.043724973783914869e-07
6.782788690221360774e-07
6.534523468983164560e-07
6.298062711873328493e-07
6.072618524683637920e-07
5.857472893924645371e-07
5.651969982267725522e-07
5.455510086172184712e-07
5.267541077644821195e-07
5.087517272772702175e-07
4.914948895948419790e-07
4.749574235770445124e-07
4.591007781314221296e-07
4.438706268568531937e-07
4.292343652619801350e-07
4.151648774202730548e-07
4.016330751017843639e-07
3.886115356755122099e-07
3.760747570673312871e-07
3.639989278247144256e-07
3.523617902320940634e-07
3.411425134912178118e-07
3.303215789389130621e-07
3.198806762708966413e-07
3.098026095796534144e-07
3.000712120919793231e-07
2.906712686207766715e-07
2.815884451953216083e-07
2.728092249365844566e-07
2.643208279847689312e-07
2.561114896101041039e-07
2.481676167945604332e-07
2.404447031575613777e-07
2.329014579218523392e-07
2.256219017507332340e-07
2.186383485460330071e-07
2.118891388945518099e-07
2.053496295131615174e-07
1.990122763805938773e-07
1.928696277057975911e-07
1.869145528367041937e-07
1.811402640364370521e-07
1.755402909155255554e-07
1.701084632252838597e-07
1.648388947192422219e-07
1.597259686801794740e-07
1.547643251681181296e-07
1.499488502012751454e-07
1.452746672801981468e-07
1.407371320112961378e-07
1.363318312225520589e-07
1.320545891957945956e-07
1.279014862884849075e-07
1.238688874622734415e-07
1.199532918333035083e-07
1.160521235771655854e-07
1.121529331113896173e-07
1.084989838768609235e-07
1.049155028078338950e-07
1.012916758437239637e-07
7.305648990868547403e-08
1.375923623211517661e-08
3.980033354067600888e-09
1.458303420796490697e-06
