# conditioning on: None.
# p2freq: 0.0,0.000501,0.001,0.0025,0.005,0.01,0.02,0.03,0.04,0.05,0.06,0.07,0.08,0.09,0.1,0.11,0.12,0.13,0.14,0.15,0.16,0.17,0.18,0.19,0.2,0.21,0.22,0.23,0.24,0.25,0.26,0.27,0.28,0.29,0.3,0.31,0.32,0.33,0.34,0.35,0.36000000000000004,0.37,0.38,0.39,0.4,0.41,0.42000000000000004,0.43,0.44,0.45,0.46,0.47,0.48000000000000004,0.49,0.5,0.51,0.52,0.53,0.54,0.55,0.56,0.57,0.5800000000000001,0.59,0.6,0.61,0.62,0.63,0.64,0.65,0.66,0.67,0.68,0.69,0.7000000000000001,0.7100000000000001,0.72,0.73,0.74,0.75,0.76,0.77,0.78,0.79,0.8,0.81,0.82,0.8300000000000001,0.8400000000000001,0.85,0.86,0.87,0.88,0.89,0.9,0.91,0.92,0.93,0.94,0.9500000000000001,0.9600000000000001,0.97,0.98,0.99,0.9975,0.999,0.9995,1.0
9.976507544435868624e-01
4.494788298846480435e-05
1.929116472317308196e-05
3.219424705417950642e-05
2.714812208260421360e-05
2.949091606090329480e-05
3.282656814693037459e-05
2.171981152997972805e-05
1.714166205619574522e-05
1.463884421643210858e-05
1.308288616725402437e-05
1.200980010809759572e-05
1.122588348124629099e-05
1.063578829275611770e-05
1.017823516157285027e-05
9.815378491364159033e-06
9.522573780293895303e-06
9.283081690011542065e-06
9.085132937164040634e-06
8.920211017895197144e-06
8.782001184359947501e-06
8.665722335492175393e-06
8.567688341211549121e-06
8.485011834639060542e-06
8.415399252350947107e-06
8.357005923731829883e-06
8.308331637476233289e-06
8.268144057069437775e-06
8.235421981369258899e-06
8.209310174108132402e-06
8.189082778679646608e-06
8.174763887488378059e-06
8.167606760913097611e-06
8.165387834884823653e-06
8.164655408806552363e-06
8.166369976392534339e-06
8.171353827535315218e-06
8.179410943846726723e-06
8.190309859971094093e-06
8.203855450509219579e-06
8.219874845051789266e-06
8.238215041258474636e-06
8.258740257945600518e-06
8.281329710619128787e-06
8.305875729585943416e-06
8.332282157673371082e-06
8.360462979463741541e-06
8.390341144550572384e-06
8.421847556440081598e-06
8.454920188355008557e-06
8.489503257243398359e-06
8.525547995259699963e-06
8.563002472088276584e-06
8.601741176845971218e-06
8.641717308987124880e-06
8.683219969366936421e-06
8.726167604938797316e-06
8.770243564415924054e-06
8.815479738816447969e-06
8.861922133311787264e-06
8.909554319959642795e-06
8.958359412597331241e-06
9.008323462241137137e-06
9.059434311842209605e-06
9.111681550036308629e-06
9.165056395121329885e-06
9.219551591592851960e-06
9.275161318739037322e-06
9.331881111506008325e-06
9.389707791811423746e-06
9.448639407847486912e-06
9.508675190603154491e-06
9.569815522020466461e-06
9.632061048971867620e-06
9.695426027604629090e-06
9.759824989800077721e-06
9.823819200165748308e-06
9.885861811700163510e-06
9.949747704597563153e-06
1.001750706215845849e-05
1.008705410572590153e-05
1.015770265114293739e-05
1.022947327499487947e-05
1.030237536194765592e-05
1.037641739400653790e-05
1.045160894709363395e-05
1.052796047354439815e-05
1.060548342055779145e-05
1.068419036429908004e-05
1.076409520432515388e-05
1.084521344398085876e-05
1.092756260026844259e-05
1.101116281443935146e-05
1.109603778399427828e-05
1.118221622879175924e-05
1.126973428347234011e-05
1.135863959034621774e-05
1.144899737946963563e-05
1.154088112899085242e-05
1.162416155696276339e-05
1.169638331591846840e-05
1.178281036151600556e-05
1.186604634798573636e-05
1.193247256568725713e-05
8.918166196501468276e-06
1.710321610375697224e-06
4.965829265685703795e-07
1.206464257579797526e-03
