# conditioning on: None.
# p1freq: 0.0,6e-05,0.0001,0.00025,0.0005,0.001,0.011,0.021,0.031,0.041,0.051,0.061,0.07100000000000001,0.081,0.091,0.101,0.111,0.121,0.131,0.14100000000000001,0.151,0.161,0.171,0.181,0.191,0.201,0.211,0.221,0.231,0.241,0.251,0.261,0.271,0.281,0.291,0.301,0.311,0.321,0.331,0.341,0.35100000000000003,0.361,0.371,0.381,0.391,0.401,0.411,0.421,0.431,0.441,0.451,0.461,0.471,0.481,0.491,0.501,0.511,0.521,0.531,0.541,0.551,0.561,0.5710000000000001,0.581,0.591,0.601,0.611,0.621,0.631,0.641,0.651,0.661,0.671,0.681,0.6910000000000001,0.7010000000000001,0.711,0.721,0.731,0.741,0.751,0.761,0.771,0.781,0.791,0.801,0.811,0.821,0.831,0.841,0.851,0.861,0.871,0.881,0.891,0.901,0.911,0.921,0.931,0.941,0.951,0.961,0.971,0.981,0.991,0.99975,0.9999,0.99995,1.0
9.971573101103786696e-01
4.465625275760269305e-04
1.899868122322687818e-04
3.128563271781302653e-04
2.560494613023330305e-04
2.636509813501647435e-04
8.831714392300790435e-04
1.966575951513668396e-04
9.869243479569088904e-05
5.896667046704875991e-05
3.828607081760832084e-05
2.609859605779493182e-05
1.836070629073162638e-05
1.321326794212527972e-05
9.672359350442318125e-06
7.174454797344001165e-06
5.375839305155714316e-06
4.062950382804265941e-06
3.092891521343662563e-06
2.368927368888199231e-06
1.824338830382372146e-06
1.411467182362643518e-06
1.096292614880604977e-06
8.546394778217740977e-07
6.684727048865589106e-07
5.244420965168666342e-07
4.125849224602172663e-07
3.254137076471992939e-07
2.572661580747642231e-07
2.038661344741946040e-07
1.618715214844288278e-07
1.287547573572045761e-07
1.025984922744499126e-07
8.189526891849191489e-08
6.547517371290420923e-08
5.242739361521752587e-08
4.204078060760107375e-08
3.375858867570026354e-08
2.714385715369504362e-08
2.185283309199107711e-08
1.761449259324567950e-08
1.421470926004837273e-08
1.148397753384453638e-08
9.287865338092931401e-09
7.519569268115751399e-09
6.094094611424420789e-09
4.943694729635129902e-09
4.014289076121151002e-09
3.262791539252186845e-09
2.654706245222248902e-09
2.161428118810560550e-09
1.761325688398187892e-09
1.436521405203891410e-09
1.172608311621952770e-09
9.579837309316362612e-10
7.832798833414196498e-10
6.409831705116843632e-10
5.249701762072582667e-10
4.303027512450480637e-10
3.529970329171726561e-10
2.898189441904156830e-10
2.381461229844964292e-10
1.958443224898797456e-10
1.611699593520538911e-10
1.327761317556376081e-10
1.094824368341205192e-10
9.035566009649322998e-11
7.463813946151588950e-11
6.171204122420428855e-11
5.107318272364196233e-11
4.230982627461532016e-11
3.508548583140010258e-11
2.912497633878289823e-11
2.420308565273028766e-11
2.013536912414670419e-11
1.677066351846196925e-11
1.398499464480746340e-11
1.167661560839192651e-11
9.761962964842986491e-12
8.172358633141801181e-12
6.851318165113770861e-12
5.752344989138159870e-12
4.836286660404214605e-12
4.073249098180816698e-12
3.436832929182301998e-12
2.905042570067711214e-12
2.460145504397246901e-12
2.087481126747041552e-12
1.774919554480051614e-12
1.512416829981869638e-12
1.291646316614701457e-12
1.105430771292954046e-12
9.486001597449720872e-13
8.161947540235168585e-13
7.041534048455222739e-13
6.091845669820907140e-13
5.285417946470739544e-13
4.597744780573075341e-13
4.013330100896148697e-13
3.514545833252395469e-13
3.087776851038215465e-13
2.720453990372634048e-13
2.406009650497706117e-13
2.135310976110146482e-13
1.900186464940554677e-13
1.491375971627295908e-13
2.292947805101048660e-15
6.645611448216825146e-16
8.912857525422355104e-13
