# conditioning on: None.
# p2freq: 0.0,0.00051,0.001,0.0025,0.005,0.01,0.02,0.03,0.04,0.05,0.06,0.07,0.08,0.09,0.1,0.11,0.12,0.13,0.14,0.15,0.16,0.17,0.18,0.19,0.2,0.21,0.22,0.23,0.24,0.25,0.26,0.27,0.28,0.29,0.3,0.31,0.32,0.33,0.34,0.35,0.36000000000000004,0.37,0.38,0.39,0.4,0.41,0.42000000000000004,0.43,0.44,0.45,0.46,0.47,0.48000000000000004,0.49,0.5,0.51,0.52,0.53,0.54,0.55,0.56,0.57,0.5800000000000001,0.59,0.6,0.61,0.62,0.63,0.64,0.65,0.66,0.67,0.68,0.69,0.7000000000000001,0.7100000000000001,0.72,0.73,0.74,0.75,0.76,0.77,0.78,0.79,0.8,0.81,0.82,0.8300000000000001,0.8400000000000001,0.85,0.86,0.87,0.88,0.89,0.9,0.91,0.92,0.93,0.94,0.9500000000000001,0.9600000000000001,0.97,0.98,0.99,0.9975,0.999,0.9995,1.0
9.990701971218944877e-01
4.497985896856286745e-05
1.928868040060002345e-05
3.214507168256452492e-05
2.702469254331475612e-05
2.919703806182046156e-05
3.215820284660266670e-05
2.097873213996681802e-05
1.633721030047092886e-05
1.377368510849549365e-05
1.215664099570889749e-05
1.102351867945040394e-05
1.018049117498309242e-05
9.531332387305808937e-06
9.014646733731507036e-06
8.592515686045877678e-06
8.240246103075427812e-06
7.941064266751704314e-06
7.683175345206108748e-06
7.458042976998313495e-06
7.259336345459182618e-06
7.082260871493821883e-06
6.923118757723152692e-06
6.779012257802152602e-06
6.647638357108929929e-06
6.527143609190157047e-06
6.416019520393801434e-06
6.313025837579674592e-06
6.217133643932008470e-06
6.127480657569135646e-06
6.043335751504211610e-06
5.964540146807870345e-06
5.891808429195182696e-06
5.823341606161694514e-06
5.756586657163969759e-06
5.692191288621928071e-06
5.630661036384057280e-06
5.571775147200966520e-06
5.515297066110476494e-06
5.461023694885989342e-06
5.408774372790601484e-06
5.358388251914956588e-06
5.309721644074841624e-06
5.262645788201703842e-06
5.217044959879871903e-06
5.172814861275347819e-06
5.129861243578850372e-06
5.088098724062531007e-06
5.047449768155086924e-06
5.007843802603560959e-06
4.969216413169596254e-06
4.931509496839619566e-06
4.894665199951983277e-06
4.858586736982047997e-06
4.823225536699612929e-06
4.788718336432600069e-06
4.754991716283938383e-06
4.721849924803669613e-06
4.689292700858496193e-06
4.657326250497384103e-06
4.625923179268989240e-06
4.595056694466677129e-06
4.564702333600673829e-06
4.534837273426961544e-06
4.505440235802596369e-06
4.476491362288488459e-06
4.447972100789629133e-06
4.419865103265831935e-06
4.392154133918915144e-06
4.364823986282308132e-06
4.337860407477995576e-06
4.311250033268628058e-06
4.284980330457957745e-06
4.259039171013714426e-06
4.233420552721888068e-06
4.208075867050837450e-06
4.182389974036423499e-06
4.155743818372418577e-06
4.129757918678244547e-06
4.105228634793397546e-06
4.081242867351846217e-06
4.057502420501707356e-06
4.034005861342424739e-06
4.010747111593575166e-06
3.987719799769023213e-06
3.964918046649768678e-06
3.942336349952327580e-06
3.919969600894134332e-06
3.897813101081819319e-06
3.875862594531210855e-06
3.854114320331321530e-06
3.832565095839051000e-06
3.811212446627991152e-06
3.790054810696223507e-06
3.769091865439184967e-06
3.748325066839219330e-06
3.727758578472291172e-06
3.707400537182050681e-06
3.687258819321797612e-06
3.664152462889633763e-06
3.637504328034419962e-06
3.615206438194090381e-06
3.591779521156551384e-06
3.563228743611443238e-06
2.631727700385339259e-06
5.016575091811845001e-07
1.454639452171538074e-07
1.961776422386781078e-04
