# conditioning on: None.
# p2freq: 0.0,0.00051,0.001,0.0025,0.005,0.01,0.02,0.03,0.04,0.05,0.06,0.07,0.08,0.09,0.1,0.11,0.12,0.13,0.14,0.15,0.16,0.17,0.18,0.19,0.2,0.21,0.22,0.23,0.24,0.25,0.26,0.27,0.28,0.29,0.3,0.31,0.32,0.33,0.34,0.35,0.36000000000000004,0.37,0.38,0.39,0.4,0.41,0.42000000000000004,0.43,0.44,0.45,0.46,0.47,0.48000000000000004,0.49,0.5,0.51,0.52,0.53,0.54,0.55,0.56,0.57,0.5800000000000001,0.59,0.6,0.61,0.62,0.63,0.64,0.65,0.66,0.67,0.68,0.69,0.7000000000000001,0.7100000000000001,0.72,0.73,0.74,0.75,0.76,0.77,0.78,0.79,0.8,0.81,0.82,0.8300000000000001,0.8400000000000001,0.85,0.86,0.87,0.88,0.89,0.9,0.91,0.92,0.93,0.94,0.9500000000000001,0.9600000000000001,0.97,0.98,0.99,0.9975,0.999,0.9995,1.0
9.996814819041769384e-01
4.478604456949205297e-05
1.905852338478824701e-05
3.140705453110817784e-05
2.575307104911794964e-05
2.661726070563815480e-05
2.697243521312875158e-05
1.579720258511370113e-05
1.117074391589965889e-05
8.625073961668581424e-06
7.020345818077589401e-06
5.905681906821143662e-06
5.085239161590255015e-06
4.458696428286546523e-06
3.964626612904087913e-06
3.565091170810055213e-06
3.235384511555183308e-06
2.958724524367523109e-06
2.723310446595389016e-06
2.520601550332239319e-06
2.344263687450221129e-06
2.189499657150750991e-06
2.052609542989757298e-06
1.930693846076729235e-06
1.821448073767124116e-06
1.723017512385916318e-06
1.633892565905377174e-06
1.552832023092191273e-06
1.478805973877496165e-06
1.410952343291793051e-06
1.348543438835861544e-06
1.291057441907353025e-06
1.238218169488732936e-06
1.189279304373935065e-06
1.143407901206031555e-06
1.100483068956877110e-06
1.060376660806272323e-06
1.022835534755292839e-06
9.876280549464650781e-07
9.545506993952064377e-07
9.234227888763978804e-07
8.940834511255059781e-07
8.663889774545453147e-07
8.402105930346686463e-07
8.154325666003227768e-07
7.919506003002606334e-07
7.696704523724550853e-07
7.485067543370791449e-07
7.283819915979640581e-07
7.092256207226347228e-07
6.909732989533014346e-07
6.735663228639612327e-07
6.569503394728838586e-07
6.410698529113158674e-07
6.258790711113450304e-07
6.113592127676615563e-07
5.974672196281920189e-07
5.841468563795504642e-07
5.713694262304952369e-07
5.591091651653262964e-07
5.473378955206642344e-07
5.360292693396236949e-07
5.251588387684928155e-07
5.147038303982739850e-07
5.046430103553723134e-07
4.949565575243636711e-07
4.856259490991410348e-07
4.766338571398532020e-07
4.679640550032710378e-07
4.596013325158517210e-07
4.515314188796123517e-07
4.437409129394091441e-07
4.362172198207225105e-07
4.289484576494548897e-07
4.219239558429277580e-07
4.151295333207887800e-07
4.084969280608005662e-07
4.019575075956652166e-07
3.956597644262816936e-07
3.896735592280214952e-07
3.839029580197130241e-07
3.783120819557418794e-07
3.728943673714934686e-07
3.676431233038220640e-07
3.625519406697375928e-07
3.576147504176130339e-07
3.528257948243261177e-07
3.481796134256966412e-07
3.436710305764485208e-07
3.392951461965632023e-07
3.350473304428840690e-07
3.309232236535689740e-07
3.269187438339820338e-07
3.230301055879665556e-07
3.192538574359784114e-07
3.155869503813711676e-07
3.120268631012909243e-07
3.085718024189973825e-07
3.052205480085748905e-07
3.017104962546336341e-07
2.979866461137003491e-07
2.946983001425755892e-07
2.913980076401068204e-07
2.877687991649728745e-07
2.117483665268964764e-07
4.029601079334534102e-08
1.168269874565232403e-08
5.692730302625131232e-06
