# conditioning on: None.
# CEUfreq: 0.0,1.6762428675010246e-05,3.152485735002049e-05,7.881214337505123e-05,0.00015762428675010246,0.0003152485735002049,0.010315248573500205,0.020315248573500203,0.030315248573500205,0.040315248573500204,0.05031524857350021,0.06031524857350021,0.07031524857350022,0.0803152485735002,0.0903152485735002,0.10031524857350022,0.1103152485735002,0.1203152485735002,0.13031524857350021,0.14031524857350022,0.1503152485735002,0.16031524857350019,0.17031524857350022,0.1803152485735002,0.19031524857350018,0.20031524857350022,0.2103152485735002,0.2203152485735002,0.2303152485735002,0.2403152485735002,0.2503152485735002,0.26031524857350025,0.2703152485735002,0.28031524857350026,0.2903152485735002,0.30031524857350017,0.31031524857350024,0.3203152485735002,0.3303152485735002,0.34031524857350026,0.3503152485735002,0.36031524857350017,0.37031524857350023,0.3803152485735002,0.3903152485735002,0.40031524857350026,0.4103152485735002,0.4203152485735002,0.43031524857350023,0.4403152485735002,0.45031524857350025,0.4603152485735002,0.4703152485735002,0.4803152485735002,0.4903152485735002,0.5003152485735002,0.5103152485735002,0.5203152485735003,0.5303152485735002,0.5403152485735002,0.5503152485735003,0.5603152485735002,0.5703152485735002,0.5803152485735003,0.5903152485735002,0.6003152485735002,0.6103152485735003,0.6203152485735002,0.6303152485735002,0.6403152485735002,0.6503152485735002,0.6603152485735002,0.6703152485735002,0.6803152485735002,0.6903152485735002,0.7003152485735002,0.7103152485735001,0.7203152485735002,0.7303152485735002,0.7403152485735003,0.7503152485735002,0.7603152485735002,0.7703152485735003,0.7803152485735002,0.7903152485735002,0.8003152485735003,0.8103152485735002,0.8203152485735002,0.8303152485735004,0.8403152485735002,0.8503152485735002,0.8603152485735003,0.8703152485735002,0.8803152485735002,0.8903152485735002,0.9003152485735002,0.9103152485735002,0.9203152485735002,0.9303152485735002,0.9403152485735002,0.9503152485735002,0.9603152485735001,0.9703152485735002,0.9803152485735002,0.9903152485735003,0.999921187856625,0.99996847514265,0.999984237571325,1.0
9.936306196397712842e-01
3.947554091844724384e-07
0.000000000000000000e+00
1.775395059555405803e-06
3.790587773977521952e-06
9.764913059153620788e-06
5.446797413907241564e-04
5.056469872695151671e-04
4.594246227832753061e-04
3.998327333678205488e-04
3.866900156040963292e-04
3.358696580234245190e-04
3.083493244195240394e-04
2.790391144144322702e-04
2.502512530126980864e-04
2.444075999666335368e-04
2.204796874172275660e-04
2.025841495989225073e-04
1.840629680147843521e-04
1.670330396316265648e-04
1.538796577655832608e-04
1.390252438427807158e-04
1.309515022078232879e-04
1.193677643073221277e-04
1.022028852205643260e-04
9.507633138101984256e-05
8.956351118283341762e-05
8.455022405485687045e-05
7.917394767514477445e-05
6.889027004204654407e-05
6.000858589309021368e-05
5.637673690240060801e-05
5.526685159360862138e-05
4.589411113982308455e-05
4.377701325888685188e-05
3.990304163228929144e-05
3.667431476083671341e-05
3.269150595764840691e-05
3.582360670794856872e-05
2.958904723343200340e-05
2.564629452337008662e-05
2.559219673189959860e-05
2.386400480217828516e-05
2.390040031019172460e-05
2.149926123580001269e-05
1.750008923932470584e-05
1.630947996036187240e-05
1.555008835230625713e-05
1.668456181358687500e-05
1.169615745919143525e-05
1.119624667126092432e-05
1.092680620981583938e-05
9.602979692941098313e-06
9.381856401470781379e-06
1.142201999693904633e-05
8.877748070549366753e-06
7.716371355357389347e-06
7.190090292286604534e-06
6.290948807642995311e-06
6.890784456779674873e-06
5.074408381227745856e-06
5.907183256015108731e-06
4.930638577367942144e-06
4.317125090592944969e-06
4.078420558247999415e-06
4.175788973885100751e-06
3.823317382016379969e-06
3.305980911542035107e-06
3.374174368469360445e-06
2.788720121709890387e-06
3.121077275210269478e-06
2.308305341508148818e-06
2.608073921929580771e-06
2.030626060145594555e-06
2.082767307231432145e-06
2.324547698121988792e-06
2.333745200902183952e-06
1.734656037778513455e-06
1.372485446574051514e-06
1.184919583044466975e-06
1.360363444339119897e-06
1.517382005335347457e-06
1.157921841672074999e-06
1.062633653581915866e-06
9.225561629000875685e-07
7.636997767555102142e-07
9.395507648392264644e-07
8.202064764694832432e-07
1.047358890036696935e-06
7.159187591993175124e-07
7.589746866298386954e-07
7.374295766398588034e-07
3.466293638754115087e-07
4.177749233087024603e-07
4.104089438731315784e-07
4.090569596112130636e-07
3.657182058718383820e-07
2.500581891059069635e-07
2.146168831128341534e-07
2.377212153665921545e-07
2.874729642246461321e-07
1.904232331191689681e-07
1.567806425467450018e-07
1.911759494249509150e-07
2.820940573534292151e-07
1.184474885372650825e-07
2.271281480411382411e-08
0.000000000000000000e+00
2.972255029290228356e-07
