# conditioning on: None.
# ooAfreq: 0.0,0.00017761603673613563,0.00035323207347227127,0.0008830801836806782,0.0017661603673613563,0.0035323207347227126,0.013532320734722714,0.023532320734722716,0.03353232073472271,0.04353232073472271,0.053532320734722715,0.0635323207347227,0.07353232073472273,0.08353232073472272,0.0935323207347227,0.10353232073472272,0.11353232073472272,0.1235323207347227,0.13353232073472274,0.14353232073472272,0.1535323207347227,0.16353232073472274,0.17353232073472272,0.1835323207347227,0.1935323207347227,0.20353232073472272,0.2135323207347227,0.22353232073472273,0.23353232073472271,0.2435323207347227,0.2535323207347227,0.2635323207347227,0.2735323207347227,0.28353232073472273,0.2935323207347227,0.3035323207347227,0.3135323207347227,0.3235323207347227,0.3335323207347227,0.34353232073472273,0.35353232073472274,0.36353232073472264,0.3735323207347227,0.3835323207347227,0.3935323207347228,0.4035323207347227,0.41353232073472274,0.4235323207347227,0.4335323207347227,0.44353232073472276,0.4535323207347227,0.4635323207347227,0.4735323207347228,0.4835323207347227,0.49353232073472275,0.5035323207347228,0.5135323207347227,0.5235323207347228,0.5335323207347228,0.5435323207347227,0.5535323207347228,0.5635323207347227,0.5735323207347227,0.5835323207347226,0.5935323207347227,0.6035323207347226,0.6135323207347226,0.6235323207347228,0.6335323207347227,0.6435323207347228,0.6535323207347228,0.6635323207347227,0.6735323207347228,0.6835323207347228,0.6935323207347227,0.7035323207347228,0.7135323207347227,0.7235323207347226,0.7335323207347227,0.7435323207347228,0.7535323207347228,0.7635323207347227,0.7735323207347227,0.7835323207347228,0.7935323207347228,0.8035323207347228,0.8135323207347227,0.8235323207347227,0.8335323207347227,0.8435323207347227,0.8535323207347226,0.8635323207347226,0.8735323207347226,0.8835323207347228,0.8935323207347228,0.9035323207347228,0.9135323207347227,0.9235323207347227,0.9335323207347227,0.9435323207347228,0.9535323207347228,0.9635323207347226,0.9735323207347226,0.9835323207347227,0.9935323207347228,0.9991169198163193,0.9996467679265277,0.9998233839632639,1.0
6.960309455868219919e-01
3.882160200927961855e-05
0.000000000000000000e+00
1.943125948098327143e-04
2.974759211364233838e-04
4.930274475607509871e-04
3.217217933667735653e-03
3.232492821823971726e-03
3.185953295260588597e-03
3.074054431685445746e-03
3.303338117414138589e-03
3.378957958301641740e-03
3.340709742326589821e-03
3.292050355005811998e-03
3.065508309901357389e-03
3.342896843766701622e-03
3.187779346284023985e-03
3.079224851904594808e-03
2.858862324472611315e-03
2.942896065005039079e-03
3.004223984008559840e-03
3.159713797843802935e-03
2.999344097018414711e-03
2.934015703867879667e-03
2.771115919047468980e-03
2.755114925989481621e-03
2.661197874176540312e-03
2.623174291675795314e-03
3.023922028233693663e-03
2.899227791756686136e-03
2.755656593655656308e-03
2.781408553153299611e-03
2.786886335646311663e-03
2.778768195419271080e-03
2.524258109168831671e-03
2.753021972516975398e-03
2.395977940784790872e-03
2.473687872416045243e-03
2.543329296083271171e-03
2.444585021532267709e-03
2.451238486971775085e-03
2.386842367661244461e-03
2.376015530889302556e-03
2.521397367571513032e-03
2.576301097283917492e-03
2.553608226357998931e-03
2.244336045596901676e-03
2.322844651419058576e-03
2.494715893036621862e-03
2.300269877112371200e-03
2.395122193889567992e-03
2.585167412510217151e-03
2.206378580340598652e-03
2.342041591558232955e-03
2.369800419616804876e-03
2.262497445223540793e-03
2.301489477465027897e-03
2.300328258517055340e-03
2.177986217045386683e-03
2.220472035520167347e-03
2.385687788827376733e-03
2.089602292459336562e-03
2.210613554393181263e-03
2.333248973800477327e-03
2.189133207722277537e-03
2.290476058559617716e-03
2.225091403548657819e-03
2.140045855612083062e-03
2.166875311574128875e-03
2.173329676699486263e-03
2.334085585863789405e-03
2.108208739450005871e-03
2.224074169258183353e-03
2.116531269872615195e-03
2.032863119175719845e-03
2.120626649671909173e-03
2.174421832319349459e-03
2.001070267805642438e-03
2.149364256585626406e-03
1.959635033629933409e-03
1.974129791422034493e-03
2.262990892718571255e-03
2.084513338502238036e-03
2.155194647430992531e-03
1.983840362910546835e-03
2.107852112521282559e-03
2.073841652035288054e-03
1.925083917836215193e-03
1.967552755120117059e-03
2.147124100967763918e-03
1.949556951190575382e-03
2.161515258498682666e-03
1.927632441913602803e-03
2.078451478260841777e-03
2.037156763321506733e-03
1.981571939926682173e-03
2.024089318318126381e-03
1.993145066153266011e-03
1.940361735763304271e-03
2.045805322344859505e-03
1.945174976733033030e-03
2.030137423449469066e-03
2.049952795289197195e-03
1.909679630927747177e-03
2.012866014307771421e-03
1.154190057933601743e-03
1.105922282285566464e-04
2.928965511696200448e-05
6.049771329528705333e-02
