# conditioning on: None.
# ooAfreq: 0.0,0.00017761603673613563,0.00035323207347227127,0.0008830801836806782,0.0017661603673613563,0.0035323207347227126,0.013532320734722714,0.023532320734722716,0.03353232073472271,0.04353232073472271,0.053532320734722715,0.0635323207347227,0.07353232073472273,0.08353232073472272,0.0935323207347227,0.10353232073472272,0.11353232073472272,0.1235323207347227,0.13353232073472274,0.14353232073472272,0.1535323207347227,0.16353232073472274,0.17353232073472272,0.1835323207347227,0.1935323207347227,0.20353232073472272,0.2135323207347227,0.22353232073472273,0.23353232073472271,0.2435323207347227,0.2535323207347227,0.2635323207347227,0.2735323207347227,0.28353232073472273,0.2935323207347227,0.3035323207347227,0.3135323207347227,0.3235323207347227,0.3335323207347227,0.34353232073472273,0.35353232073472274,0.36353232073472264,0.3735323207347227,0.3835323207347227,0.3935323207347228,0.4035323207347227,0.41353232073472274,0.4235323207347227,0.4335323207347227,0.44353232073472276,0.4535323207347227,0.4635323207347227,0.4735323207347228,0.4835323207347227,0.49353232073472275,0.5035323207347228,0.5135323207347227,0.5235323207347228,0.5335323207347228,0.5435323207347227,0.5535323207347228,0.5635323207347227,0.5735323207347227,0.5835323207347226,0.5935323207347227,0.6035323207347226,0.6135323207347226,0.6235323207347228,0.6335323207347227,0.6435323207347228,0.6535323207347228,0.6635323207347227,0.6735323207347228,0.6835323207347228,0.6935323207347227,0.7035323207347228,0.7135323207347227,0.7235323207347226,0.7335323207347227,0.7435323207347228,0.7535323207347228,0.7635323207347227,0.7735323207347227,0.7835323207347228,0.7935323207347228,0.8035323207347228,0.8135323207347227,0.8235323207347227,0.8335323207347227,0.8435323207347227,0.8535323207347226,0.8635323207347226,0.8735323207347226,0.8835323207347228,0.8935323207347228,0.9035323207347228,0.9135323207347227,0.9235323207347227,0.9335323207347227,0.9435323207347228,0.9535323207347228,0.9635323207347226,0.9735323207347226,0.9835323207347227,0.9935323207347228,0.9991169198163193,0.9996467679265277,0.9998233839632639,1.0
9.772109123937198216e-01
2.019253168183222792e-06
0.000000000000000000e+00
2.630560317824029865e-05
1.091611244867260699e-04
1.197059305925430949e-04
1.114821289651560330e-03
1.077290724367789120e-03
1.089059765669693090e-03
9.265866820438313197e-04
6.359553229848214024e-04
8.779870051790321112e-04
6.518064573238055610e-04
7.118331627497312668e-04
9.028336927123629691e-04
6.390324898467416095e-04
7.276964205635484033e-04
8.561752258905204081e-04
7.079835198561057821e-04
5.460384000268378186e-04
6.076961264925745702e-04
4.415216868169240835e-04
5.048664495378141735e-04
4.584856266177118325e-04
4.435127697625084191e-04
6.197989483928228972e-04
4.404333820055468269e-04
4.883423960737308953e-04
4.188982385502011989e-04
3.451942600575520466e-04
2.937537729448555859e-04
3.990457479627016477e-04
3.349096313823372428e-04
1.563687563066550707e-04
3.766514811244509172e-04
2.863135318172975105e-04
1.656903757436819851e-04
2.495508278831884029e-04
2.475841233038511991e-04
1.853678505376453890e-04
2.578198402111502811e-04
2.484356888535336517e-04
1.911730669161710845e-04
1.091214308596875557e-04
1.049241484046947021e-04
1.289149156356260146e-04
1.844290937599996614e-04
1.783646995069508730e-04
1.339154415388269252e-04
1.906229895886453409e-04
9.323429813586824261e-05
1.068116256123099810e-04
6.088934492378777997e-05
5.400841562986074401e-05
3.628659288006853725e-05
4.238998645721584960e-05
3.761377992884776288e-05
6.053117768506108905e-05
9.560519049200494552e-05
5.878495637320807666e-05
7.587546258774010058e-05
8.220375553443152561e-05
4.969590122395604225e-05
8.727030252975178878e-05
4.890121923152781363e-05
7.660462093989332149e-05
3.736249619215447498e-05
4.506804995924943423e-05
6.472693247612863710e-05
1.642670505199203779e-05
2.491404915950981553e-05
3.750864938210455446e-05
8.371251356797232944e-05
2.084195656682782212e-05
6.133610039981128128e-06
1.043798134070861540e-05
2.070817848878629062e-05
4.430862319581806695e-05
1.425250880625350964e-05
9.276284572888507030e-06
1.905913264401458212e-05
2.755100270906459529e-05
3.342969430016034794e-05
1.872511401515954818e-05
6.913612683637424187e-06
7.255096027739254411e-05
5.630231218221473979e-06
7.380819702205641200e-06
7.219171860072253864e-06
1.152223020732667221e-06
4.070739249464918995e-05
8.112378652144778359e-07
4.589458963258898164e-05
9.930851046048444090e-06
1.027443342271691317e-06
7.762508593424827623e-06
3.538689754078637261e-06
2.027681268176430084e-06
5.515130360256514729e-05
1.025693051633994286e-06
5.743253269740141122e-07
6.038605339302127837e-07
3.618445237870154868e-07
1.353479635317984606e-06
1.825423877222440254e-07
4.870114419793033135e-08
4.607640016482547605e-11
1.047033088587083536e-08
2.078445391951918803e-06
