# conditioning on: None.
# CEUfreq: 0.0,1.6762428675010246e-05,3.152485735002049e-05,7.881214337505123e-05,0.00015762428675010246,0.0003152485735002049,0.010315248573500205,0.020315248573500203,0.030315248573500205,0.040315248573500204,0.05031524857350021,0.06031524857350021,0.07031524857350022,0.0803152485735002,0.0903152485735002,0.10031524857350022,0.1103152485735002,0.1203152485735002,0.13031524857350021,0.14031524857350022,0.1503152485735002,0.16031524857350019,0.17031524857350022,0.1803152485735002,0.19031524857350018,0.20031524857350022,0.2103152485735002,0.2203152485735002,0.2303152485735002,0.2403152485735002,0.2503152485735002,0.26031524857350025,0.2703152485735002,0.28031524857350026,0.2903152485735002,0.30031524857350017,0.31031524857350024,0.3203152485735002,0.3303152485735002,0.34031524857350026,0.3503152485735002,0.36031524857350017,0.37031524857350023,0.3803152485735002,0.3903152485735002,0.40031524857350026,0.4103152485735002,0.4203152485735002,0.43031524857350023,0.4403152485735002,0.45031524857350025,0.4603152485735002,0.4703152485735002,0.4803152485735002,0.4903152485735002,0.5003152485735002,0.5103152485735002,0.5203152485735003,0.5303152485735002,0.5403152485735002,0.5503152485735003,0.5603152485735002,0.5703152485735002,0.5803152485735003,0.5903152485735002,0.6003152485735002,0.6103152485735003,0.6203152485735002,0.6303152485735002,0.6403152485735002,0.6503152485735002,0.6603152485735002,0.6703152485735002,0.6803152485735002,0.6903152485735002,0.7003152485735002,0.7103152485735001,0.7203152485735002,0.7303152485735002,0.7403152485735003,0.7503152485735002,0.7603152485735002,0.7703152485735003,0.7803152485735002,0.7903152485735002,0.8003152485735003,0.8103152485735002,0.8203152485735002,0.8303152485735004,0.8403152485735002,0.8503152485735002,0.8603152485735003,0.8703152485735002,0.8803152485735002,0.8903152485735002,0.9003152485735002,0.9103152485735002,0.9203152485735002,0.9303152485735002,0.9403152485735002,0.9503152485735002,0.9603152485735001,0.9703152485735002,0.9803152485735002,0.9903152485735003,0.999921187856625,0.99996847514265,0.999984237571325,1.0
5.578084969796589521e-01
0.000000000000000000e+00
0.000000000000000000e+00
0.000000000000000000e+00
1.153817137383778096e-05
1.774803799208809303e-05
7.536060084968907802e-04
6.907589778122663528e-04
8.322235121359113606e-04
7.443114999071506104e-04
7.753847131030417329e-04
7.877216756857817557e-04
7.715147067753544419e-04
8.440570045675272913e-04
7.969982580995018826e-04
8.243080430692393060e-04
9.031044813952835044e-04
8.742648872557155434e-04
8.387200763818646390e-04
8.720488288585103061e-04
8.977304704804405346e-04
8.501599426267033265e-04
9.162882533159929848e-04
8.455578405537265930e-04
8.655840029988718471e-04
9.864238052317902614e-04
1.002064106657078128e-03
9.365297012793451052e-04
9.712935829288861771e-04
9.650102621622145497e-04
1.004668987239696904e-03
1.092601306247255755e-03
1.050205034889272263e-03
1.050730123928280552e-03
1.108377098287303877e-03
1.019925365842441062e-03
1.185890018943872286e-03
1.062989156977953934e-03
1.142478067944198818e-03
1.140174174131012002e-03
1.179377253812785792e-03
1.299477921425339078e-03
1.206803179479621268e-03
1.274334086927235822e-03
1.378989902523401019e-03
1.164941651186558519e-03
1.304888298299083926e-03
1.312786448989206739e-03
1.240280460743148783e-03
1.367673953229388457e-03
1.330266272136647505e-03
1.335894861282441864e-03
1.520783455289556867e-03
1.485546832987824466e-03
1.555546258924550736e-03
1.466451058685817833e-03
1.442609270549778189e-03
1.457584763127755048e-03
1.578198501991603074e-03
1.642598368391960488e-03
1.666225239343009298e-03
1.704846728642781407e-03
1.723805626404519096e-03
1.863001743170581044e-03
1.809930929094837916e-03
1.994436621450779330e-03
1.943357638868646077e-03
2.004976639919260270e-03
2.085015071205499788e-03
1.975148214026117496e-03
2.123269075579606487e-03
2.092074888580001436e-03
2.187695914827655821e-03
2.124594252035963762e-03
2.297757151024730146e-03
2.232105150478238230e-03
2.228204621209377463e-03
2.492508411495558164e-03
2.504129976455745157e-03
2.617060456331463981e-03
2.731836898214545784e-03
2.801381347801945587e-03
2.785553749334327301e-03
2.890585405913220340e-03
2.901231262653089157e-03
3.118064946940970767e-03
3.160086488199235263e-03
3.432415468397414897e-03
3.423660683137727187e-03
3.595799374711184174e-03
3.760501221614023434e-03
3.693294740740102680e-03
4.040796630196965070e-03
4.007469528586431184e-03
4.059021754156429476e-03
4.330878329386733845e-03
4.427924419616129786e-03
4.671439833021723102e-03
4.833311195670198651e-03
5.092303877155333891e-03
5.309366603392920089e-03
5.492092504397280521e-03
5.847779659434889504e-03
6.240964967217324348e-03
6.421717035488040855e-03
6.522113289912246509e-03
4.102221363824251458e-05
5.316622335883721621e-06
2.319054056333723635e-01
