# conditioning on: None.
# ooAfreq: 0.0,0.00017761603673613563,0.00035323207347227127,0.0008830801836806782,0.0017661603673613563,0.0035323207347227126,0.013532320734722714,0.023532320734722716,0.03353232073472271,0.04353232073472271,0.053532320734722715,0.0635323207347227,0.07353232073472273,0.08353232073472272,0.0935323207347227,0.10353232073472272,0.11353232073472272,0.1235323207347227,0.13353232073472274,0.14353232073472272,0.1535323207347227,0.16353232073472274,0.17353232073472272,0.1835323207347227,0.1935323207347227,0.20353232073472272,0.2135323207347227,0.22353232073472273,0.23353232073472271,0.2435323207347227,0.2535323207347227,0.2635323207347227,0.2735323207347227,0.28353232073472273,0.2935323207347227,0.3035323207347227,0.3135323207347227,0.3235323207347227,0.3335323207347227,0.34353232073472273,0.35353232073472274,0.36353232073472264,0.3735323207347227,0.3835323207347227,0.3935323207347228,0.4035323207347227,0.41353232073472274,0.4235323207347227,0.4335323207347227,0.44353232073472276,0.4535323207347227,0.4635323207347227,0.4735323207347228,0.4835323207347227,0.49353232073472275,0.5035323207347228,0.5135323207347227,0.5235323207347228,0.5335323207347228,0.5435323207347227,0.5535323207347228,0.5635323207347227,0.5735323207347227,0.5835323207347226,0.5935323207347227,0.6035323207347226,0.6135323207347226,0.6235323207347228,0.6335323207347227,0.6435323207347228,0.6535323207347228,0.6635323207347227,0.6735323207347228,0.6835323207347228,0.6935323207347227,0.7035323207347228,0.7135323207347227,0.7235323207347226,0.7335323207347227,0.7435323207347228,0.7535323207347228,0.7635323207347227,0.7735323207347227,0.7835323207347228,0.7935323207347228,0.8035323207347228,0.8135323207347227,0.8235323207347227,0.8335323207347227,0.8435323207347227,0.8535323207347226,0.8635323207347226,0.8735323207347226,0.8835323207347228,0.8935323207347228,0.9035323207347228,0.9135323207347227,0.9235323207347227,0.9335323207347227,0.9435323207347228,0.9535323207347228,0.9635323207347226,0.9735323207347226,0.9835323207347227,0.9935323207347228,0.9991169198163193,0.9996467679265277,0.9998233839632639,1.0
5.503114401895099483e-01
2.891685353363369665e-05
0.000000000000000000e+00
9.558771811837828440e-05
1.156260805780072595e-04
2.964018187860128508e-04
1.648082350474460150e-03
1.613649299927980441e-03
1.770119661322752756e-03
1.726385618175695297e-03
1.760236938563386607e-03
1.755685258057136308e-03
1.897920187262260592e-03
1.773314049018147624e-03
1.569485943837484101e-03
1.878629060242601855e-03
1.859917464608548459e-03
1.557149193874164412e-03
1.746686071435114449e-03
1.536983419429912255e-03
1.821756786786174302e-03
1.817742699838405772e-03
1.750789984236564203e-03
1.807256905301206536e-03
1.666692985821560018e-03
1.851740353230427703e-03
1.866552534586934237e-03
1.824553566650941906e-03
2.011535601221270744e-03
1.962842912451337376e-03
2.004646542371513272e-03
1.919339304543378304e-03
1.743608785270557137e-03
1.941416943137641397e-03
1.914750823825710343e-03
1.951953740269754545e-03
1.818261507724692203e-03
1.791307680225186737e-03
1.796563551951882790e-03
1.908958636177300388e-03
1.863648545661475940e-03
1.956064151850311385e-03
1.927216544889755320e-03
1.909349213866886729e-03
2.063785326651336894e-03
1.890363527698608707e-03
2.046383489084473151e-03
2.067469332612692327e-03
2.015981108932741322e-03
1.988867149639890822e-03
1.884059074630496221e-03
2.114046032888284177e-03
2.069005299315030289e-03
1.919219570602693787e-03
2.377793969901633841e-03
2.074189675367496023e-03
2.169102537361966565e-03
2.391429239759032543e-03
2.067718518354026876e-03
2.286231126653528491e-03
2.320857922621535549e-03
2.115733233564288419e-03
2.394547787111108404e-03
2.282000777230694909e-03
2.526309820214591578e-03
2.375076942681234558e-03
2.451430062442302299e-03
2.365301598885890741e-03
2.300594044818229846e-03
2.294004485815374136e-03
2.434868952189860568e-03
2.335793272611661614e-03
2.507931634096855454e-03
2.575471915049838169e-03
2.558664202117003680e-03
2.634576451100019770e-03
2.700116251053614330e-03
2.752879535916743885e-03
2.852970567359882845e-03
2.721584388020057040e-03
2.927474896865822282e-03
2.872217181444046245e-03
2.940050013544987656e-03
3.115925246026143326e-03
3.075202466427682906e-03
3.129489080067696452e-03
3.173484226269041985e-03
3.278721273795913091e-03
3.310303884227917565e-03
3.357057630405830932e-03
3.230452136742418580e-03
3.464271312400869600e-03
3.480802615393376737e-03
3.708046405024341755e-03
3.743970224613771269e-03
3.851834530466554090e-03
3.955728484716899800e-03
3.967375946848306772e-03
3.990168366826397917e-03
4.052169795700402699e-03
4.334508146289017295e-03
4.284621609248445706e-03
4.440355088505060915e-03
4.326081594728505009e-03
4.923635319800936591e-03
2.612371418003254890e-03
2.363434636869587535e-04
4.791078778542960290e-05
2.034723005511427929e-01
