# conditioning on: None.
# CEUfreq: 0.0,1.6762428675010246e-05,3.152485735002049e-05,7.881214337505123e-05,0.00015762428675010246,0.0003152485735002049,0.010315248573500205,0.020315248573500203,0.030315248573500205,0.040315248573500204,0.05031524857350021,0.06031524857350021,0.07031524857350022,0.0803152485735002,0.0903152485735002,0.10031524857350022,0.1103152485735002,0.1203152485735002,0.13031524857350021,0.14031524857350022,0.1503152485735002,0.16031524857350019,0.17031524857350022,0.1803152485735002,0.19031524857350018,0.20031524857350022,0.2103152485735002,0.2203152485735002,0.2303152485735002,0.2403152485735002,0.2503152485735002,0.26031524857350025,0.2703152485735002,0.28031524857350026,0.2903152485735002,0.30031524857350017,0.31031524857350024,0.3203152485735002,0.3303152485735002,0.34031524857350026,0.3503152485735002,0.36031524857350017,0.37031524857350023,0.3803152485735002,0.3903152485735002,0.40031524857350026,0.4103152485735002,0.4203152485735002,0.43031524857350023,0.4403152485735002,0.45031524857350025,0.4603152485735002,0.4703152485735002,0.4803152485735002,0.4903152485735002,0.5003152485735002,0.5103152485735002,0.5203152485735003,0.5303152485735002,0.5403152485735002,0.5503152485735003,0.5603152485735002,0.5703152485735002,0.5803152485735003,0.5903152485735002,0.6003152485735002,0.6103152485735003,0.6203152485735002,0.6303152485735002,0.6403152485735002,0.6503152485735002,0.6603152485735002,0.6703152485735002,0.6803152485735002,0.6903152485735002,0.7003152485735002,0.7103152485735001,0.7203152485735002,0.7303152485735002,0.7403152485735003,0.7503152485735002,0.7603152485735002,0.7703152485735003,0.7803152485735002,0.7903152485735002,0.8003152485735003,0.8103152485735002,0.8203152485735002,0.8303152485735004,0.8403152485735002,0.8503152485735002,0.8603152485735003,0.8703152485735002,0.8803152485735002,0.8903152485735002,0.9003152485735002,0.9103152485735002,0.9203152485735002,0.9303152485735002,0.9403152485735002,0.9503152485735002,0.9603152485735001,0.9703152485735002,0.9803152485735002,0.9903152485735003,0.999921187856625,0.99996847514265,0.999984237571325,1.0
8.158379109632782900e-01
5.024287162565547939e-06
0.000000000000000000e+00
7.496342239894580433e-06
9.714602134629777078e-06
4.695213956938469575e-05
2.818596333909778769e-03
2.623499207253425849e-03
2.507710963920440662e-03
2.683322451202544215e-03
2.567510718335200628e-03
2.469277055829879539e-03
2.470030966239853115e-03
2.420565533538316782e-03
2.428259939291803511e-03
2.482412320712118568e-03
2.374860058987092893e-03
2.255853565407648156e-03
2.248002708806950880e-03
2.293191364959165299e-03
2.231032520647066239e-03
2.134390540910514628e-03
2.292626052828632827e-03
2.196306878216593931e-03
2.190501825262649097e-03
2.097165627608572544e-03
1.999369102136252553e-03
2.052536334087856108e-03
2.084624596401546404e-03
2.013234477392136269e-03
2.090195090146819250e-03
2.027896984032832167e-03
1.996086194892593597e-03
2.007062090083586419e-03
1.857541345515971182e-03
1.948103753681976278e-03
1.876743138399668623e-03
1.812788375553317684e-03
1.890521356330222315e-03
1.818297859728435547e-03
1.887340636946019737e-03
1.787192349758045824e-03
1.757798036313178679e-03
1.702971561263479875e-03
1.625149538396994733e-03
1.707245201888941358e-03
1.649381327457041845e-03
1.632099680352420588e-03
1.548465396810884236e-03
1.525663474471576197e-03
1.614283595997430872e-03
1.589687734895653881e-03
1.563040318487511453e-03
1.566525306959254491e-03
1.537479416388700879e-03
1.559664370990045210e-03
1.527446811757205303e-03
1.425299403813893011e-03
1.432735733436868181e-03
1.390293569282704655e-03
1.460384851176833344e-03
1.435975441527350197e-03
1.377568608177342710e-03
1.364101682750900029e-03
1.347892688443795952e-03
1.337548756681782372e-03
1.297154802562362503e-03
1.319858588591007022e-03
1.290670297997063062e-03
1.334212042722504338e-03
1.278598838283588742e-03
1.260115243143114820e-03
1.213870923647574146e-03
1.233296382388658109e-03
1.283961388748276321e-03
1.106856420736120668e-03
1.208456726963582327e-03
1.202673603648882206e-03
1.144802496162355878e-03
1.166940262513744891e-03
1.114546332632901154e-03
1.062648922027453324e-03
1.175557877732119443e-03
1.114414050491935055e-03
1.104619374840352377e-03
1.091067752063669405e-03
1.061435006012009579e-03
9.797287510583845612e-04
1.034340202883350657e-03
1.054455750887713702e-03
1.029755874794038243e-03
1.022021903591996926e-03
1.057677294567717797e-03
9.760473054150636428e-04
1.027082323297912872e-03
9.867497900168478199e-04
9.706730367519452590e-04
9.572803042990614495e-04
9.160273534420501802e-04
9.377495004148125434e-04
9.231805721900321251e-04
9.292305068017191541e-04
8.532376533091825394e-04
9.577389035711494046e-04
8.854256519304375996e-04
8.626615961104319849e-04
4.621234845419013635e-06
2.381269718390862530e-06
2.504572472513107509e-02
