# conditioning on: None.
# YRIfreq: 0.0,0.0001353724805159903,0.0002687449610319806,0.0006718624025799516,0.0013437248051599033,0.0026874496103198066,0.012687449610319807,0.022687449610319807,0.0326874496103198,0.04268744961031981,0.05268744961031981,0.0626874496103198,0.07268744961031981,0.0826874496103198,0.0926874496103198,0.10268744961031981,0.1126874496103198,0.1226874496103198,0.1326874496103198,0.14268744961031982,0.1526874496103198,0.1626874496103198,0.17268744961031982,0.1826874496103198,0.1926874496103198,0.20268744961031981,0.2126874496103198,0.2226874496103198,0.2326874496103198,0.2426874496103198,0.2526874496103198,0.2626874496103198,0.2726874496103198,0.28268744961031983,0.2926874496103198,0.3026874496103198,0.3126874496103198,0.3226874496103198,0.3326874496103198,0.3426874496103198,0.35268744961031984,0.3626874496103198,0.3726874496103198,0.3826874496103198,0.3926874496103198,0.4026874496103198,0.41268744961031983,0.4226874496103198,0.4326874496103198,0.4426874496103198,0.4526874496103198,0.4626874496103198,0.47268744961031983,0.4826874496103198,0.4926874496103198,0.5026874496103199,0.5126874496103199,0.5226874496103199,0.5326874496103199,0.5426874496103199,0.5526874496103199,0.5626874496103199,0.5726874496103199,0.5826874496103197,0.5926874496103198,0.6026874496103198,0.6126874496103198,0.6226874496103199,0.6326874496103199,0.6426874496103199,0.6526874496103199,0.6626874496103199,0.6726874496103199,0.6826874496103199,0.6926874496103199,0.7026874496103199,0.7126874496103197,0.7226874496103198,0.7326874496103198,0.7426874496103198,0.7526874496103199,0.7626874496103199,0.7726874496103199,0.7826874496103199,0.7926874496103199,0.8026874496103199,0.8126874496103199,0.8226874496103199,0.8326874496103199,0.8426874496103198,0.8526874496103198,0.8626874496103198,0.8726874496103199,0.8826874496103199,0.8926874496103199,0.9026874496103199,0.9126874496103199,0.9226874496103199,0.9326874496103199,0.9426874496103199,0.9526874496103199,0.9626874496103197,0.9726874496103198,0.9826874496103198,0.9926874496103198,0.99932813759742,0.999731255038968,0.999865627519484,1.0
4.148384935024579945e-01
2.531121352634876852e-05
2.585126255766536784e-05
9.958026750015081972e-05
2.834446904786751503e-04
5.931685142940576819e-04
4.935116303682226743e-03
4.924057678757360126e-03
4.778599994803848366e-03
4.399321308403482747e-03
4.314854030983738056e-03
4.766274565645861779e-03
4.325023354834784707e-03
4.221788223168789628e-03
4.632628467175365847e-03
4.155854468924306128e-03
3.969165099595378145e-03
4.318358466673983750e-03
3.906146696221815540e-03
3.923886657909336946e-03
3.612865877100586431e-03
3.758474653729360938e-03
3.555306517873153046e-03
3.823335816808317786e-03
3.768940931400420469e-03
3.365688915933050251e-03
3.526626629026858098e-03
3.080480632589605288e-03
3.505851444723232131e-03
3.219315166486248336e-03
3.274682925624505109e-03
3.092952698785071848e-03
2.912419739783725023e-03
3.038703444337647643e-03
2.834523832068349368e-03
3.191117687320715358e-03
2.823462140745427139e-03
3.193995973197046642e-03
2.966534820806744025e-03
2.927449158758024458e-03
2.812064986587052909e-03
2.879905181868731325e-03
2.977160187336587178e-03
2.820745051436924968e-03
2.794962950914158840e-03
3.066126986213478685e-03
2.803971473814151263e-03
2.906240133277782078e-03
2.816574055255058849e-03
2.498802805991655850e-03
2.865205676394900602e-03
2.664962848231908210e-03
2.569997737488436719e-03
2.580297492874191606e-03
2.484438260512048403e-03
2.796521463190475287e-03
2.552642634003798611e-03
2.604552087108306241e-03
2.506155498915555498e-03
2.657634842158362008e-03
2.709804723595794079e-03
2.692411366183017525e-03
2.513455132681216651e-03
2.663218102028666948e-03
2.641084633014490358e-03
2.876207508008456898e-03
2.922034521160622907e-03
2.673595539166704303e-03
2.838188598039889914e-03
2.772609718194527818e-03
2.821401480262769948e-03
3.019317646890102777e-03
2.959043734521118584e-03
2.969168861782217964e-03
3.000979082789389900e-03
3.214803443527137344e-03
3.106827451644432296e-03
3.251747259076039412e-03
3.149093928155510726e-03
3.335211436887198545e-03
3.384482583736678207e-03
3.489378548434335717e-03
3.660302557128514156e-03
3.789316757494542824e-03
3.720464698293321753e-03
3.923950058966617013e-03
4.087067876378043703e-03
4.330741379771173641e-03
4.454149061215512823e-03
4.703009044955411971e-03
4.902738055784316637e-03
5.093289464048673595e-03
5.556151993234438764e-03
5.902014735105988799e-03
6.413283380034672659e-03
6.901001085965150286e-03
7.437498147797800760e-03
8.102982247277377287e-03
9.108503412880882694e-03
1.006914800637144329e-02
1.164483578315507820e-02
1.327126182026204873e-02
1.575139183538807816e-02
1.824411118246941146e-02
2.261173846364862572e-02
1.766155644123808266e-02
1.133235929715047368e-03
3.894807657573883712e-04
1.345640943876152962e-01
