# conditioning on: None.
# CEUfreq: 0.0,1.6762428675010246e-05,3.152485735002049e-05,7.881214337505123e-05,0.00015762428675010246,0.0003152485735002049,0.010315248573500205,0.020315248573500203,0.030315248573500205,0.040315248573500204,0.05031524857350021,0.06031524857350021,0.07031524857350022,0.0803152485735002,0.0903152485735002,0.10031524857350022,0.1103152485735002,0.1203152485735002,0.13031524857350021,0.14031524857350022,0.1503152485735002,0.16031524857350019,0.17031524857350022,0.1803152485735002,0.19031524857350018,0.20031524857350022,0.2103152485735002,0.2203152485735002,0.2303152485735002,0.2403152485735002,0.2503152485735002,0.26031524857350025,0.2703152485735002,0.28031524857350026,0.2903152485735002,0.30031524857350017,0.31031524857350024,0.3203152485735002,0.3303152485735002,0.34031524857350026,0.3503152485735002,0.36031524857350017,0.37031524857350023,0.3803152485735002,0.3903152485735002,0.40031524857350026,0.4103152485735002,0.4203152485735002,0.43031524857350023,0.4403152485735002,0.45031524857350025,0.4603152485735002,0.4703152485735002,0.4803152485735002,0.4903152485735002,0.5003152485735002,0.5103152485735002,0.5203152485735003,0.5303152485735002,0.5403152485735002,0.5503152485735003,0.5603152485735002,0.5703152485735002,0.5803152485735003,0.5903152485735002,0.6003152485735002,0.6103152485735003,0.6203152485735002,0.6303152485735002,0.6403152485735002,0.6503152485735002,0.6603152485735002,0.6703152485735002,0.6803152485735002,0.6903152485735002,0.7003152485735002,0.7103152485735001,0.7203152485735002,0.7303152485735002,0.7403152485735003,0.7503152485735002,0.7603152485735002,0.7703152485735003,0.7803152485735002,0.7903152485735002,0.8003152485735003,0.8103152485735002,0.8203152485735002,0.8303152485735004,0.8403152485735002,0.8503152485735002,0.8603152485735003,0.8703152485735002,0.8803152485735002,0.8903152485735002,0.9003152485735002,0.9103152485735002,0.9203152485735002,0.9303152485735002,0.9403152485735002,0.9503152485735002,0.9603152485735001,0.9703152485735002,0.9803152485735002,0.9903152485735003,0.999921187856625,0.99996847514265,0.999984237571325,1.0
6.078636540119719545e-01
0.000000000000000000e+00
0.000000000000000000e+00
0.000000000000000000e+00
7.914852694682355285e-06
2.382410890667183202e-05
1.436882448792676202e-03
1.387538346560561724e-03
1.459913553639285858e-03
1.504188462146403230e-03
1.438257434672914926e-03
1.475948348877774473e-03
1.466508070745152405e-03
1.530199683829860241e-03
1.509904282546379803e-03
1.614585421168346704e-03
1.580088441337584859e-03
1.609197213375964178e-03
1.582268824907562786e-03
1.545020290630999549e-03
1.515096542651743917e-03
1.655476740584153591e-03
1.676441706932202749e-03
1.596755345755905293e-03
1.522640176251991969e-03
1.587923776876806791e-03
1.596586414767885934e-03
1.590932966317488463e-03
1.682755644777455140e-03
1.840892541207931991e-03
1.668704102187475299e-03
1.672416873727189694e-03
1.680999192422128873e-03
1.697241789973409761e-03
1.763412017875209568e-03
1.618749171733894522e-03
1.660916465499911749e-03
1.743238079453315274e-03
1.749755192271559758e-03
1.817434116023995466e-03
1.762509524527620551e-03
1.762903542635563129e-03
1.859161020473825560e-03
1.761733890345701815e-03
1.935818607423847506e-03
1.774084369885813592e-03
1.889090427883259159e-03
1.883159293416979000e-03
1.835717803107579302e-03
1.896961138956578842e-03
1.881259417076684964e-03
2.005935489122915270e-03
1.961682624117109738e-03
1.899087021988460572e-03
1.979873026108810909e-03
1.928520617613341303e-03
2.235640866457130546e-03
2.091563422874594125e-03
2.160533203441846774e-03
2.071699289384167000e-03
2.098173323473420844e-03
2.045348351561949041e-03
2.138857554777690451e-03
2.165606306627782668e-03
2.189191862168153330e-03
2.243266673184148019e-03
2.157884646109890520e-03
2.271766209706551319e-03
2.172610782303228440e-03
2.357691100319605788e-03
2.294851766559805311e-03
2.315993787522525188e-03
2.250082983922652158e-03
2.485611204107266228e-03
2.413962061558967958e-03
2.557859419494683782e-03
2.474066652617331729e-03
2.583016660816258095e-03
2.569131197329986224e-03
2.497622727792076294e-03
2.612444542160500746e-03
2.668460704678872648e-03
2.737572811835949343e-03
2.723142017824378269e-03
2.757085163813981742e-03
2.932007952566886410e-03
2.814203170422546231e-03
3.032839268779218347e-03
3.050529659665001184e-03
2.896977219282640889e-03
3.044319573480600873e-03
3.039713537398876144e-03
3.172499951031119807e-03
3.363354988899640817e-03
3.309076299514523631e-03
3.183067155737077675e-03
3.432816003668192045e-03
3.401197924207594904e-03
3.588439865302317337e-03
3.489322799421489506e-03
3.728846735452732639e-03
3.755387694045354829e-03
3.803375687308865535e-03
3.841182036376507118e-03
3.933083296536854512e-03
3.777193312569922939e-03
7.499337740862207997e-06
9.425791967991006321e-06
1.686611429754175107e-01
