# conditioning on: None.
# CEUfreq: 0.0,1.6762428675010246e-05,3.152485735002049e-05,7.881214337505123e-05,0.00015762428675010246,0.0003152485735002049,0.010315248573500205,0.020315248573500203,0.030315248573500205,0.040315248573500204,0.05031524857350021,0.06031524857350021,0.07031524857350022,0.0803152485735002,0.0903152485735002,0.10031524857350022,0.1103152485735002,0.1203152485735002,0.13031524857350021,0.14031524857350022,0.1503152485735002,0.16031524857350019,0.17031524857350022,0.1803152485735002,0.19031524857350018,0.20031524857350022,0.2103152485735002,0.2203152485735002,0.2303152485735002,0.2403152485735002,0.2503152485735002,0.26031524857350025,0.2703152485735002,0.28031524857350026,0.2903152485735002,0.30031524857350017,0.31031524857350024,0.3203152485735002,0.3303152485735002,0.34031524857350026,0.3503152485735002,0.36031524857350017,0.37031524857350023,0.3803152485735002,0.3903152485735002,0.40031524857350026,0.4103152485735002,0.4203152485735002,0.43031524857350023,0.4403152485735002,0.45031524857350025,0.4603152485735002,0.4703152485735002,0.4803152485735002,0.4903152485735002,0.5003152485735002,0.5103152485735002,0.5203152485735003,0.5303152485735002,0.5403152485735002,0.5503152485735003,0.5603152485735002,0.5703152485735002,0.5803152485735003,0.5903152485735002,0.6003152485735002,0.6103152485735003,0.6203152485735002,0.6303152485735002,0.6403152485735002,0.6503152485735002,0.6603152485735002,0.6703152485735002,0.6803152485735002,0.6903152485735002,0.7003152485735002,0.7103152485735001,0.7203152485735002,0.7303152485735002,0.7403152485735003,0.7503152485735002,0.7603152485735002,0.7703152485735003,0.7803152485735002,0.7903152485735002,0.8003152485735003,0.8103152485735002,0.8203152485735002,0.8303152485735004,0.8403152485735002,0.8503152485735002,0.8603152485735003,0.8703152485735002,0.8803152485735002,0.8903152485735002,0.9003152485735002,0.9103152485735002,0.9203152485735002,0.9303152485735002,0.9403152485735002,0.9503152485735002,0.9603152485735001,0.9703152485735002,0.9803152485735002,0.9903152485735003,0.999921187856625,0.99996847514265,0.999984237571325,1.0
9.824752880684795020e-01
1.013411415538332548e-06
0.000000000000000000e+00
3.244282901168664720e-06
8.686500665270997126e-06
1.375925872539980443e-05
8.521666835366692276e-04
8.279505571811599744e-04
8.109324899721355581e-04
7.505546398093060779e-04
7.418649401198611475e-04
6.888434860765897498e-04
6.470714826598675164e-04
6.234194482582385271e-04
6.004814043139107332e-04
5.425513044594432828e-04
5.268801221908912726e-04
5.091797659293312555e-04
4.786020458981041746e-04
4.448566870718589179e-04
4.460510445528346633e-04
4.026526238860124928e-04
3.835060605916848107e-04
3.644529128780439088e-04
3.481566532508132707e-04
3.494596477557522919e-04
3.315979345385308610e-04
2.919690189453768930e-04
2.727697212087390683e-04
2.610874549458096650e-04
2.517800225309448341e-04
2.508099309930498003e-04
2.317142137475964973e-04
2.225803144989107465e-04
2.006934838152409604e-04
1.981210001836478248e-04
1.866755349344509536e-04
1.810891278302031288e-04
1.648444612576580276e-04
1.590525374996313050e-04
1.557079868845094074e-04
1.345599592001954243e-04
1.323956350254016701e-04
1.267940321252762409e-04
1.256672352904727758e-04
1.180327005510569137e-04
1.035875790162849876e-04
9.540837362774087988e-05
9.090399624355669200e-05
9.432582667036069402e-05
8.972947858408849100e-05
8.289058151150163159e-05
7.830961032958416593e-05
7.934887832921944150e-05
7.617201720748635997e-05
7.467592941148142331e-05
6.352295454819308507e-05
6.089336925028730307e-05
5.848645459837382581e-05
5.735346425154027813e-05
5.029809975816024740e-05
4.942046028988525191e-05
4.650367562988354047e-05
4.362897802697163479e-05
4.359648729239105664e-05
3.839575646845626289e-05
3.588425344466238966e-05
3.944141752662578551e-05
3.598113295011557723e-05
3.432734797983514447e-05
3.452690869098642377e-05
3.075023438802583595e-05
2.795142934685752271e-05
3.053587161496305094e-05
2.741452735262135454e-05
2.598175471741236608e-05
2.480128123740690663e-05
2.377122724993183746e-05
2.387784001658148283e-05
2.305967782212461789e-05
2.305479095550521727e-05
1.965115846031669850e-05
1.975155883980545993e-05
1.595687547458481635e-05
1.860065573589117914e-05
1.887596563403869061e-05
1.624985854432249807e-05
1.485603404717857073e-05
1.543473222657893899e-05
1.278164407030331459e-05
1.428816729976360096e-05
1.239700705261018455e-05
1.249281788819603449e-05
1.316497408988037775e-05
1.131622845070731046e-05
1.136592605375384604e-05
1.133981907348418890e-05
1.019184095567509966e-05
9.628896877381242585e-06
8.958087467389804778e-06
9.565262996420361010e-06
8.490827387408262695e-06
8.068835755979843414e-06
7.267108977980128197e-06
7.422049218272716518e-06
7.120807236707702871e-06
1.134606217570118516e-08
6.519016197207876371e-10
2.637136729634573470e-05
