# conditioning on: None.
# YRIfreq: 0.0,0.0001353724805159903,0.0002687449610319806,0.0006718624025799516,0.0013437248051599033,0.0026874496103198066,0.012687449610319807,0.022687449610319807,0.0326874496103198,0.04268744961031981,0.05268744961031981,0.0626874496103198,0.07268744961031981,0.0826874496103198,0.0926874496103198,0.10268744961031981,0.1126874496103198,0.1226874496103198,0.1326874496103198,0.14268744961031982,0.1526874496103198,0.1626874496103198,0.17268744961031982,0.1826874496103198,0.1926874496103198,0.20268744961031981,0.2126874496103198,0.2226874496103198,0.2326874496103198,0.2426874496103198,0.2526874496103198,0.2626874496103198,0.2726874496103198,0.28268744961031983,0.2926874496103198,0.3026874496103198,0.3126874496103198,0.3226874496103198,0.3326874496103198,0.3426874496103198,0.35268744961031984,0.3626874496103198,0.3726874496103198,0.3826874496103198,0.3926874496103198,0.4026874496103198,0.41268744961031983,0.4226874496103198,0.4326874496103198,0.4426874496103198,0.4526874496103198,0.4626874496103198,0.47268744961031983,0.4826874496103198,0.4926874496103198,0.5026874496103199,0.5126874496103199,0.5226874496103199,0.5326874496103199,0.5426874496103199,0.5526874496103199,0.5626874496103199,0.5726874496103199,0.5826874496103197,0.5926874496103198,0.6026874496103198,0.6126874496103198,0.6226874496103199,0.6326874496103199,0.6426874496103199,0.6526874496103199,0.6626874496103199,0.6726874496103199,0.6826874496103199,0.6926874496103199,0.7026874496103199,0.7126874496103197,0.7226874496103198,0.7326874496103198,0.7426874496103198,0.7526874496103199,0.7626874496103199,0.7726874496103199,0.7826874496103199,0.7926874496103199,0.8026874496103199,0.8126874496103199,0.8226874496103199,0.8326874496103199,0.8426874496103198,0.8526874496103198,0.8626874496103198,0.8726874496103199,0.8826874496103199,0.8926874496103199,0.9026874496103199,0.9126874496103199,0.9226874496103199,0.9326874496103199,0.9426874496103199,0.9526874496103199,0.9626874496103197,0.9726874496103198,0.9826874496103198,0.9926874496103198,0.99932813759742,0.999731255038968,0.999865627519484,1.0
6.540353023429970047e-01
2.417829075618969556e-04
2.402396173666345412e-04
8.121711743163491024e-04
1.572901636518324840e-03
2.945717373810431867e-03
1.956697018458295953e-02
1.830583078440783593e-02
1.615162960468096917e-02
1.486061058465647233e-02
1.377441058162065177e-02
1.171682320680191534e-02
1.152353463058085684e-02
1.046161346993859306e-02
9.460229396408658190e-03
7.990720542947072486e-03
8.005588545535506639e-03
6.729482760578460628e-03
6.605960357061877591e-03
6.868676366536862268e-03
5.917826726740431018e-03
5.802752527114918984e-03
5.241067787328933247e-03
4.920535476169254387e-03
4.798441725744439015e-03
4.616688918241777621e-03
4.425114958312936775e-03
4.286808048321804482e-03
3.799436641462724737e-03
3.685187161764987181e-03
3.852712473971887236e-03
3.467059180648028854e-03
3.204366235739261604e-03
3.243058405534460665e-03
3.063047318110224959e-03
3.054152391624655530e-03
3.041107205166103215e-03
2.864538984421596129e-03
2.679496263377488183e-03
2.656612142654247825e-03
2.574013603974339287e-03
2.566393412864410341e-03
2.386352150045897152e-03
2.300890690929309305e-03
2.265740237676185619e-03
2.146033392920961708e-03
2.254340350617619650e-03
2.104534423185034676e-03
2.046196508231330410e-03
2.021253534294920138e-03
2.080214003811247259e-03
1.996597048503949683e-03
1.956054690782480301e-03
1.859419579319484053e-03
1.915470842731796953e-03
1.697785625580716835e-03
1.745875527839354287e-03
1.709601248812119174e-03
1.618667674285014608e-03
1.683630771673723815e-03
1.662694501781494544e-03
1.636858771670831551e-03
1.618630499514890197e-03
1.573921983733488159e-03
1.556080731648981468e-03
1.502081654701787304e-03
1.441827508257940201e-03
1.475933628330747694e-03
1.405580494665494787e-03
1.366362201667566632e-03
1.302428608805212412e-03
1.328599032620314188e-03
1.302688428836764473e-03
1.351051895329564642e-03
1.311357610049827035e-03
1.296055039879363217e-03
1.292696134705026726e-03
1.251932559018001032e-03
1.244280411054533245e-03
1.204812643319401423e-03
1.206317677332278742e-03
1.171618392646707821e-03
1.152064405481385183e-03
1.140789146002925154e-03
1.086418431069121823e-03
1.115826254329806665e-03
1.098110027124199169e-03
1.116975752645030153e-03
1.045235957297201840e-03
9.889347342082262411e-04
1.055877697599722984e-03
1.011221356928073117e-03
1.026277283037580488e-03
9.938889042561214332e-04
1.012441982508757721e-03
9.932846549917495171e-04
9.882714447780195210e-04
9.629845529476186361e-04
9.326653076084337902e-04
9.233808520256571797e-04
9.443505776959858255e-04
8.963676774130674993e-04
9.017055158996649345e-04
8.920568992133266414e-04
8.878221309446539082e-04
6.050738538406110877e-04
2.992809138811270314e-05
1.549443912346833551e-05
4.259469700632047273e-03
