# conditioning on: None.
# ooAfreq: 0.0,0.00017761603673613563,0.00035323207347227127,0.0008830801836806782,0.0017661603673613563,0.0035323207347227126,0.013532320734722714,0.023532320734722716,0.03353232073472271,0.04353232073472271,0.053532320734722715,0.0635323207347227,0.07353232073472273,0.08353232073472272,0.0935323207347227,0.10353232073472272,0.11353232073472272,0.1235323207347227,0.13353232073472274,0.14353232073472272,0.1535323207347227,0.16353232073472274,0.17353232073472272,0.1835323207347227,0.1935323207347227,0.20353232073472272,0.2135323207347227,0.22353232073472273,0.23353232073472271,0.2435323207347227,0.2535323207347227,0.2635323207347227,0.2735323207347227,0.28353232073472273,0.2935323207347227,0.3035323207347227,0.3135323207347227,0.3235323207347227,0.3335323207347227,0.34353232073472273,0.35353232073472274,0.36353232073472264,0.3735323207347227,0.3835323207347227,0.3935323207347228,0.4035323207347227,0.41353232073472274,0.4235323207347227,0.4335323207347227,0.44353232073472276,0.4535323207347227,0.4635323207347227,0.4735323207347228,0.4835323207347227,0.49353232073472275,0.5035323207347228,0.5135323207347227,0.5235323207347228,0.5335323207347228,0.5435323207347227,0.5535323207347228,0.5635323207347227,0.5735323207347227,0.5835323207347226,0.5935323207347227,0.6035323207347226,0.6135323207347226,0.6235323207347228,0.6335323207347227,0.6435323207347228,0.6535323207347228,0.6635323207347227,0.6735323207347228,0.6835323207347228,0.6935323207347227,0.7035323207347228,0.7135323207347227,0.7235323207347226,0.7335323207347227,0.7435323207347228,0.7535323207347228,0.7635323207347227,0.7735323207347227,0.7835323207347228,0.7935323207347228,0.8035323207347228,0.8135323207347227,0.8235323207347227,0.8335323207347227,0.8435323207347227,0.8535323207347226,0.8635323207347226,0.8735323207347226,0.8835323207347228,0.8935323207347228,0.9035323207347228,0.9135323207347227,0.9235323207347227,0.9335323207347227,0.9435323207347228,0.9535323207347228,0.9635323207347226,0.9735323207347226,0.9835323207347227,0.9935323207347228,0.9991169198163193,0.9996467679265277,0.9998233839632639,1.0
9.902059867579670049e-01
5.861096138549505696e-06
0.000000000000000000e+00
6.161042594917854492e-05
9.594906190190214160e-05
6.418102765970112281e-05
9.448253445077587406e-04
5.836563664569688250e-04
5.647193999627146254e-04
5.220098311589737141e-04
4.018981852095647868e-04
5.080206763740118979e-04
4.931857004188704065e-04
2.490632799113345593e-04
3.574924783312491742e-04
3.645607486125617986e-04
3.514365057595490423e-04
2.354065476272210384e-04
1.791039366758054232e-04
2.425639760083367065e-04
3.335661103970926559e-04
1.714983142375179682e-04
1.354047304244108084e-04
1.679288590248629838e-04
3.816621592438575812e-04
8.445848647767770462e-05
1.398649065378151804e-04
2.495587455543420434e-04
2.476167979675506880e-04
6.867312970131451933e-05
7.957521526049810272e-05
5.119801062507612960e-05
1.446159467312769077e-04
4.081783322105116845e-05
1.337099710478652757e-04
9.558863418223262787e-05
8.494362151416397634e-05
8.796314588443583638e-05
4.383960685351462897e-05
2.634727483983912338e-05
1.993671346314052984e-05
3.085329152107678006e-05
5.185859661120402041e-05
4.452607816576025521e-05
1.487592151082863705e-04
1.390074635000826911e-05
5.553705328649256905e-05
1.977717610393116488e-05
1.761905092562560940e-05
3.897153308338267694e-05
4.664296284212235492e-05
1.442449241491655692e-05
2.641217088981687508e-05
5.833525281957322231e-05
1.679225953295767016e-05
7.196023025950555825e-06
2.215214185649502835e-06
4.380106270717004625e-05
7.597794917818285924e-06
1.235672706358768355e-05
2.368058943806405933e-06
1.593977112659705989e-05
1.977180587637849147e-05
9.594020449953829904e-08
2.204342813687320111e-07
1.122661525211661363e-05
1.132126033149599340e-05
1.147851772029699775e-07
1.076696537678647176e-07
1.128846667476975180e-05
3.620335783699341510e-07
1.058641502427325056e-06
4.322186307049307777e-06
6.041700324643527789e-07
4.514976300626981383e-06
2.632051649733273259e-07
1.366057763850186480e-07
6.882524122452766540e-08
8.742451073209228590e-07
2.106025284377741144e-08
1.641838882337041684e-05
4.275272277589101708e-08
1.028203398243648604e-06
4.130683580722469391e-06
9.417737336235900762e-06
1.811191360653949851e-09
3.267474549344319376e-08
5.825095170125916091e-06
1.650205904578271851e-07
9.840673052944686628e-08
5.276782905219100231e-11
1.740084536551044806e-09
1.995999516516324203e-07
2.585205867820871688e-09
1.889889147220604603e-08
8.060896385106194286e-12
1.435814625203034845e-09
3.094389265896959125e-09
8.092357107439644508e-09
9.069498171958505689e-10
1.695583183969409495e-10
9.812084002360690727e-11
3.059125895958295498e-08
1.233977574803420621e-11
7.883824753602942416e-13
6.016151835929183313e-09
6.802498907116697764e-18
3.975202150411346350e-19
8.904857591900399910e-09
