# conditioning on: None.
# CEUfreq: 0.0,1.6762428675010246e-05,3.152485735002049e-05,7.881214337505123e-05,0.00015762428675010246,0.0003152485735002049,0.010315248573500205,0.020315248573500203,0.030315248573500205,0.040315248573500204,0.05031524857350021,0.06031524857350021,0.07031524857350022,0.0803152485735002,0.0903152485735002,0.10031524857350022,0.1103152485735002,0.1203152485735002,0.13031524857350021,0.14031524857350022,0.1503152485735002,0.16031524857350019,0.17031524857350022,0.1803152485735002,0.19031524857350018,0.20031524857350022,0.2103152485735002,0.2203152485735002,0.2303152485735002,0.2403152485735002,0.2503152485735002,0.26031524857350025,0.2703152485735002,0.28031524857350026,0.2903152485735002,0.30031524857350017,0.31031524857350024,0.3203152485735002,0.3303152485735002,0.34031524857350026,0.3503152485735002,0.36031524857350017,0.37031524857350023,0.3803152485735002,0.3903152485735002,0.40031524857350026,0.4103152485735002,0.4203152485735002,0.43031524857350023,0.4403152485735002,0.45031524857350025,0.4603152485735002,0.4703152485735002,0.4803152485735002,0.4903152485735002,0.5003152485735002,0.5103152485735002,0.5203152485735003,0.5303152485735002,0.5403152485735002,0.5503152485735003,0.5603152485735002,0.5703152485735002,0.5803152485735003,0.5903152485735002,0.6003152485735002,0.6103152485735003,0.6203152485735002,0.6303152485735002,0.6403152485735002,0.6503152485735002,0.6603152485735002,0.6703152485735002,0.6803152485735002,0.6903152485735002,0.7003152485735002,0.7103152485735001,0.7203152485735002,0.7303152485735002,0.7403152485735003,0.7503152485735002,0.7603152485735002,0.7703152485735003,0.7803152485735002,0.7903152485735002,0.8003152485735003,0.8103152485735002,0.8203152485735002,0.8303152485735004,0.8403152485735002,0.8503152485735002,0.8603152485735003,0.8703152485735002,0.8803152485735002,0.8903152485735002,0.9003152485735002,0.9103152485735002,0.9203152485735002,0.9303152485735002,0.9403152485735002,0.9503152485735002,0.9603152485735001,0.9703152485735002,0.9803152485735002,0.9903152485735003,0.999921187856625,0.99996847514265,0.999984237571325,1.0
9.190095869582148858e-01
5.928998858233932917e-06
0.000000000000000000e+00
1.165838814292809275e-05
2.440313551448766572e-05
2.538001421506709231e-05
1.960267470838451473e-03
1.926457963824306733e-03
2.036623247745839894e-03
1.885721775582107360e-03
1.855651184043875888e-03
1.769612242309135915e-03
1.723143516917266483e-03
1.759590520549948311e-03
1.705576488184604817e-03
1.739298198162031722e-03
1.637734446158643515e-03
1.597944503636605958e-03
1.530884969132405987e-03
1.421259037990764635e-03
1.429023108262308158e-03
1.374267436113679221e-03
1.484375093189345581e-03
1.445894017862721153e-03
1.334736906623526682e-03
1.303782974523067569e-03
1.324130681008753915e-03
1.214561084762436939e-03
1.239823012774194603e-03
1.152448789177880524e-03
1.192449832508611467e-03
1.125351514092041202e-03
1.074744863982921104e-03
1.057445463903705554e-03
1.020747809853950194e-03
1.046403034489419136e-03
9.791394957137768487e-04
9.752845564173995502e-04
9.506965637277795238e-04
9.490569484641908551e-04
8.881421197095823840e-04
9.726288609456271942e-04
8.903674658238855226e-04
8.657579001729352004e-04
8.135461268873807631e-04
8.403582779407520447e-04
7.770570997870367581e-04
7.909253872793818975e-04
7.808403459018142291e-04
7.418874739976221789e-04
7.611345950850648915e-04
7.178083109719515407e-04
6.573627842243679386e-04
6.602101948024409386e-04
6.642805687927717286e-04
6.969075137893864435e-04
6.098414833827633594e-04
6.326878081416866494e-04
5.960639630687300993e-04
5.880044597741425219e-04
5.720143853798214002e-04
5.580559191946524774e-04
5.185114588856759143e-04
5.331740858896729524e-04
4.967161224399376570e-04
4.953153451671380054e-04
4.886320548568864148e-04
4.673152428345600171e-04
4.643564493385630727e-04
4.691249966735752848e-04
4.195941441967238105e-04
4.184626294694782566e-04
4.175753030379607722e-04
4.204595253573952082e-04
3.997801724728927090e-04
3.772452085192843155e-04
3.769294476531789796e-04
3.544824699792932608e-04
3.369719581107860585e-04
3.240895538816753949e-04
3.420169575972288340e-04
3.336301110065904374e-04
2.977355026458674550e-04
3.074356296576743076e-04
3.099492262125900111e-04
2.805314146554638158e-04
2.727838668452423629e-04
2.842634258325729647e-04
2.703549352710526554e-04
2.465364832516478443e-04
2.369114106005004272e-04
2.484580813017810749e-04
2.456919983083432485e-04
2.327501770717525982e-04
2.089113440672944505e-04
2.318567800168756451e-04
2.198411046006883791e-04
2.036545463394688897e-04
2.157340712269660891e-04
2.006241108433719385e-04
1.854892284923489554e-04
1.823391304522214301e-04
1.704956035023847305e-04
1.681446252690149310e-04
1.636429183531057222e-04
1.537583187893140526e-04
7.079121273990247051e-07
1.776508261907804447e-07
2.629867973542779087e-03
