# conditioning on: None.
# ooAfreq: 0.0,0.00017761603673613563,0.00035323207347227127,0.0008830801836806782,0.0017661603673613563,0.0035323207347227126,0.013532320734722714,0.023532320734722716,0.03353232073472271,0.04353232073472271,0.053532320734722715,0.0635323207347227,0.07353232073472273,0.08353232073472272,0.0935323207347227,0.10353232073472272,0.11353232073472272,0.1235323207347227,0.13353232073472274,0.14353232073472272,0.1535323207347227,0.16353232073472274,0.17353232073472272,0.1835323207347227,0.1935323207347227,0.20353232073472272,0.2135323207347227,0.22353232073472273,0.23353232073472271,0.2435323207347227,0.2535323207347227,0.2635323207347227,0.2735323207347227,0.28353232073472273,0.2935323207347227,0.3035323207347227,0.3135323207347227,0.3235323207347227,0.3335323207347227,0.34353232073472273,0.35353232073472274,0.36353232073472264,0.3735323207347227,0.3835323207347227,0.3935323207347228,0.4035323207347227,0.41353232073472274,0.4235323207347227,0.4335323207347227,0.44353232073472276,0.4535323207347227,0.4635323207347227,0.4735323207347228,0.4835323207347227,0.49353232073472275,0.5035323207347228,0.5135323207347227,0.5235323207347228,0.5335323207347228,0.5435323207347227,0.5535323207347228,0.5635323207347227,0.5735323207347227,0.5835323207347226,0.5935323207347227,0.6035323207347226,0.6135323207347226,0.6235323207347228,0.6335323207347227,0.6435323207347228,0.6535323207347228,0.6635323207347227,0.6735323207347228,0.6835323207347228,0.6935323207347227,0.7035323207347228,0.7135323207347227,0.7235323207347226,0.7335323207347227,0.7435323207347228,0.7535323207347228,0.7635323207347227,0.7735323207347227,0.7835323207347228,0.7935323207347228,0.8035323207347228,0.8135323207347227,0.8235323207347227,0.8335323207347227,0.8435323207347227,0.8535323207347226,0.8635323207347226,0.8735323207347226,0.8835323207347228,0.8935323207347228,0.9035323207347228,0.9135323207347227,0.9235323207347227,0.9335323207347227,0.9435323207347228,0.9535323207347228,0.9635323207347226,0.9735323207347226,0.9835323207347227,0.9935323207347228,0.9991169198163193,0.9996467679265277,0.9998233839632639,1.0
9.055159548775029155e-01
3.232716476950659584e-05
0.000000000000000000e+00
2.536868711856127821e-04
2.983768684805558537e-04
4.659253506493768395e-04
2.636748381918815540e-03
2.722533024245478959e-03
2.846106888244307256e-03
2.193372373870012930e-03
2.549907030406243624e-03
2.118842764232287817e-03
2.323165729157466476e-03
2.124717767234125549e-03
2.263067787179673558e-03
2.397358210081019028e-03
2.022901621370915351e-03
1.967632765791781525e-03
1.972347990267404264e-03
1.884348142265261736e-03
1.873348832610218992e-03
1.929720914976628971e-03
1.882671515625517367e-03
1.620216700264400997e-03
1.683000510274781231e-03
1.655028960838346181e-03
1.589155445161445765e-03
1.525227920926756821e-03
1.602195436782380064e-03
1.320201268099675720e-03
1.277091027605252666e-03
1.303923441592593022e-03
1.275187634943625564e-03
1.382594401269202338e-03
1.229414398847585889e-03
1.207955138214947440e-03
1.090959666869254115e-03
1.191255948736634181e-03
1.086012110533942591e-03
1.085127669467014127e-03
1.143762555738311697e-03
9.634680696725889722e-04
8.837418275386071465e-04
9.335721251653456704e-04
1.067889787792875456e-03
7.649604286684542160e-04
9.575264129489523702e-04
8.579229840209290879e-04
1.007103971589376522e-03
7.081156714129558782e-04
9.120719180265712952e-04
7.498342889211516557e-04
8.458614024834207757e-04
8.529950489733417133e-04
7.580381880746569177e-04
6.285034410071930946e-04
5.649903057404833014e-04
6.541670423872367190e-04
6.220219946116301978e-04
6.045767900555722944e-04
5.926345101840090578e-04
5.419894315539806927e-04
4.786987649295046691e-04
5.724643959819776355e-04
5.400448862027762507e-04
5.109290343637410466e-04
4.602616633612692932e-04
5.167968695844705421e-04
5.390837733271377748e-04
4.518559933248744785e-04
4.203321164419765985e-04
4.375230178666980217e-04
3.788457075227885077e-04
4.325584843607755423e-04
3.478480290223497301e-04
3.683977131054743184e-04
3.718829793727044370e-04
3.368220845643032273e-04
3.043626647642371169e-04
2.702267256961419974e-04
3.228196353535681107e-04
3.335831072153618406e-04
2.733629382197581533e-04
2.691441480365534171e-04
2.874324791935585401e-04
2.370021798012181768e-04
2.689942618613369693e-04
2.448660539306626123e-04
2.423448354253650316e-04
2.514181240655690135e-04
2.032926878725917772e-04
2.200315583300725317e-04
2.012893095439460616e-04
2.156152987884848407e-04
1.592477072784868647e-04
2.149574996908443615e-04
1.935474679699686524e-04
1.653213634817112942e-04
1.837586541955218760e-04
1.515440119271308167e-04
1.749788842725408830e-04
1.570006434245860933e-04
1.381227464931464484e-04
1.186801307138475511e-04
1.307211048764955199e-04
7.803906855428746658e-05
6.298164051832934337e-06
5.639067224210188306e-06
1.796653215353248957e-03
