# conditioning on: None.
# YRIfreq: 0.0,0.0001353724805159903,0.0002687449610319806,0.0006718624025799516,0.0013437248051599033,0.0026874496103198066,0.012687449610319807,0.022687449610319807,0.0326874496103198,0.04268744961031981,0.05268744961031981,0.0626874496103198,0.07268744961031981,0.0826874496103198,0.0926874496103198,0.10268744961031981,0.1126874496103198,0.1226874496103198,0.1326874496103198,0.14268744961031982,0.1526874496103198,0.1626874496103198,0.17268744961031982,0.1826874496103198,0.1926874496103198,0.20268744961031981,0.2126874496103198,0.2226874496103198,0.2326874496103198,0.2426874496103198,0.2526874496103198,0.2626874496103198,0.2726874496103198,0.28268744961031983,0.2926874496103198,0.3026874496103198,0.3126874496103198,0.3226874496103198,0.3326874496103198,0.3426874496103198,0.35268744961031984,0.3626874496103198,0.3726874496103198,0.3826874496103198,0.3926874496103198,0.4026874496103198,0.41268744961031983,0.4226874496103198,0.4326874496103198,0.4426874496103198,0.4526874496103198,0.4626874496103198,0.47268744961031983,0.4826874496103198,0.4926874496103198,0.5026874496103199,0.5126874496103199,0.5226874496103199,0.5326874496103199,0.5426874496103199,0.5526874496103199,0.5626874496103199,0.5726874496103199,0.5826874496103197,0.5926874496103198,0.6026874496103198,0.6126874496103198,0.6226874496103199,0.6326874496103199,0.6426874496103199,0.6526874496103199,0.6626874496103199,0.6726874496103199,0.6826874496103199,0.6926874496103199,0.7026874496103199,0.7126874496103197,0.7226874496103198,0.7326874496103198,0.7426874496103198,0.7526874496103199,0.7626874496103199,0.7726874496103199,0.7826874496103199,0.7926874496103199,0.8026874496103199,0.8126874496103199,0.8226874496103199,0.8326874496103199,0.8426874496103198,0.8526874496103198,0.8626874496103198,0.8726874496103199,0.8826874496103199,0.8926874496103199,0.9026874496103199,0.9126874496103199,0.9226874496103199,0.9326874496103199,0.9426874496103199,0.9526874496103199,0.9626874496103197,0.9726874496103198,0.9826874496103198,0.9926874496103198,0.99932813759742,0.999731255038968,0.999865627519484,1.0
9.259671355018571637e-01
2.161762256173644162e-04
3.355677461726255806e-04
7.338450231591994982e-04
1.241171085817877225e-03
2.390984521079653029e-03
1.840794830097296567e-02
1.295246112564041319e-02
9.244663196633855218e-03
7.366393885342747624e-03
5.257288615791614467e-03
4.074059043719466949e-03
2.844377174757282793e-03
2.173930229030726809e-03
1.583570068146457951e-03
1.132091228795122605e-03
9.265657934364984315e-04
6.465535209659520333e-04
5.742917264782926648e-04
5.168104716818045430e-04
3.200340266588754846e-04
2.671596414098550195e-04
1.758896863725332819e-04
1.922501288060964693e-04
8.880292003059124322e-05
5.394278115116005233e-05
6.841707180471799329e-05
5.644867857255030823e-05
3.246097301022241293e-05
4.353965893732305209e-05
1.857500187262647493e-05
2.797011934172074525e-05
1.448538414336339409e-05
1.357304123149116949e-05
8.904504112581442936e-06
7.571955221161965164e-06
3.311404137124759739e-06
9.804679302933913966e-06
1.317243261947367790e-06
1.487950141552809980e-06
3.354720560074590865e-06
5.874869211743369330e-07
1.280441884347692574e-06
5.500861128526073265e-07
6.696183225490265181e-07
3.603260927595589643e-07
4.489844156511416117e-07
1.250483773739036498e-07
1.433550080981199573e-07
7.296602947826982717e-08
1.034271273895769498e-07
6.069948033414786759e-08
1.508899399510495331e-07
3.869677372428285437e-08
5.371335595324516463e-08
2.362941105984798773e-08
3.315146999414986881e-08
1.516803269162025283e-08
4.779112930730195087e-08
1.101363250668575566e-08
8.938895704054278214e-09
4.419504054142695806e-09
5.261540476478454398e-09
3.187100562544563383e-09
2.215844593608218542e-09
1.316722614128682834e-09
1.252758912656193815e-09
4.889632435055417781e-09
6.835023206016408876e-10
5.379440743908205236e-10
7.658374779574125739e-10
5.757653779573288284e-10
8.420705020931258664e-10
4.457713231983560209e-10
2.336166158950992052e-10
4.404118161805643212e-10
1.888573373420877949e-10
2.735334610615263521e-10
1.079180872897015932e-10
8.836579053517308717e-11
9.080550725332141824e-11
9.259653072779907122e-11
1.315504842098898642e-10
1.782814844712387019e-10
4.389396678780780245e-11
3.565335724991216889e-11
2.434719836836429348e-11
3.063648856062120669e-11
2.321720496499339712e-11
2.373852182180444211e-11
1.513835132450368150e-11
1.607812179212396020e-11
9.296744655008180452e-12
6.942193138819256668e-12
1.194416329830688625e-11
7.114611961197543173e-12
6.338029444113880394e-12
5.499401671768841010e-12
5.547442907927295191e-12
4.067362717759102151e-12
3.753308242711731906e-12
3.027378883016332653e-12
2.768406565102079531e-12
2.183585514429297626e-12
1.822398056842959533e-12
1.204138951571290720e-12
7.345144315307858892e-14
3.125873296278241188e-14
8.160087754856674373e-12
