# conditioning on: None.
# YRIfreq: 0.0,0.0001353724805159903,0.0002687449610319806,0.0006718624025799516,0.0013437248051599033,0.0026874496103198066,0.012687449610319807,0.022687449610319807,0.0326874496103198,0.04268744961031981,0.05268744961031981,0.0626874496103198,0.07268744961031981,0.0826874496103198,0.0926874496103198,0.10268744961031981,0.1126874496103198,0.1226874496103198,0.1326874496103198,0.14268744961031982,0.1526874496103198,0.1626874496103198,0.17268744961031982,0.1826874496103198,0.1926874496103198,0.20268744961031981,0.2126874496103198,0.2226874496103198,0.2326874496103198,0.2426874496103198,0.2526874496103198,0.2626874496103198,0.2726874496103198,0.28268744961031983,0.2926874496103198,0.3026874496103198,0.3126874496103198,0.3226874496103198,0.3326874496103198,0.3426874496103198,0.35268744961031984,0.3626874496103198,0.3726874496103198,0.3826874496103198,0.3926874496103198,0.4026874496103198,0.41268744961031983,0.4226874496103198,0.4326874496103198,0.4426874496103198,0.4526874496103198,0.4626874496103198,0.47268744961031983,0.4826874496103198,0.4926874496103198,0.5026874496103199,0.5126874496103199,0.5226874496103199,0.5326874496103199,0.5426874496103199,0.5526874496103199,0.5626874496103199,0.5726874496103199,0.5826874496103197,0.5926874496103198,0.6026874496103198,0.6126874496103198,0.6226874496103199,0.6326874496103199,0.6426874496103199,0.6526874496103199,0.6626874496103199,0.6726874496103199,0.6826874496103199,0.6926874496103199,0.7026874496103199,0.7126874496103197,0.7226874496103198,0.7326874496103198,0.7426874496103198,0.7526874496103199,0.7626874496103199,0.7726874496103199,0.7826874496103199,0.7926874496103199,0.8026874496103199,0.8126874496103199,0.8226874496103199,0.8326874496103199,0.8426874496103198,0.8526874496103198,0.8626874496103198,0.8726874496103199,0.8826874496103199,0.8926874496103199,0.9026874496103199,0.9126874496103199,0.9226874496103199,0.9326874496103199,0.9426874496103199,0.9526874496103199,0.9626874496103197,0.9726874496103198,0.9826874496103198,0.9926874496103198,0.99932813759742,0.999731255038968,0.999865627519484,1.0
5.566534959702491570e-01
2.060259386598087142e-04
1.516797260979802669e-04
7.227323967782823405e-04
9.695223614081985124e-04
2.191848042131743120e-03
1.687148152222891356e-02
1.473933150520005154e-02
1.407539197985941196e-02
1.218338259174511079e-02
1.154015106367187529e-02
1.087105763200167316e-02
9.640606492069393393e-03
8.905143315180419003e-03
8.238699574053008623e-03
7.640469536287439363e-03
7.072350247850590563e-03
7.221447835891977793e-03
6.884971006459968124e-03
5.881164453725376204e-03
5.940609813756775846e-03
5.793668741603341318e-03
5.502727330148557590e-03
5.189888102034983033e-03
4.972566984256679076e-03
5.025998657884618581e-03
4.454873221863267160e-03
4.449949290251173709e-03
4.244356592453655923e-03
4.169237556045080756e-03
4.167862100732220784e-03
3.971925673005238626e-03
3.667856983887509813e-03
3.663587326832641947e-03
3.559776654571668308e-03
3.655904962555412731e-03
3.401687993385296357e-03
3.432920810269210997e-03
3.294986590559593163e-03
3.255737350194862559e-03
3.391884776437124188e-03
3.265054290823535699e-03
3.153069572478865192e-03
3.175549494913505744e-03
3.057131600465148782e-03
2.993513543802265968e-03
2.986729728199901453e-03
2.960485144722087292e-03
2.932802348746743268e-03
3.080757549258503203e-03
2.879226699697332980e-03
2.863690929448841141e-03
2.775959677647453494e-03
2.757196038287494655e-03
2.665195482574466042e-03
2.738838958266597533e-03
2.871072330953995666e-03
2.759036395463631761e-03
2.773977272799607510e-03
2.744502994611124590e-03
2.752020382686601145e-03
2.655018997936793405e-03
2.723551514224094999e-03
2.750483471107460949e-03
2.725413211660593880e-03
2.732941076992789330e-03
2.754907405240840032e-03
2.786271826969308456e-03
2.753006177015823557e-03
2.692496518580680953e-03
2.676632989102438378e-03
2.671804323594881205e-03
2.738820313535493892e-03
2.741565991071775055e-03
2.809761882706826065e-03
2.785981959603487258e-03
2.827546778096917419e-03
2.714241084695973374e-03
2.784098490519552535e-03
2.759637234992274452e-03
2.789624274520707044e-03
2.740525003893241798e-03
2.899874894913513287e-03
2.833940510202870473e-03
2.866126488818084191e-03
2.824240444411095161e-03
3.044798436227381076e-03
2.930895257862982470e-03
3.014777587650522162e-03
3.041178747102620504e-03
2.935964458607054350e-03
3.130763078581663694e-03
3.159072712249822237e-03
3.159530386468885343e-03
3.143904163438783223e-03
3.188456905221147709e-03
3.197633130134294906e-03
3.218260764511694100e-03
3.291559632089950584e-03
3.235168507755659638e-03
3.316538617346286889e-03
3.352691490380471998e-03
3.495689095118250690e-03
3.320607902142157578e-03
3.527083344298327129e-03
2.433090149866141798e-03
1.449379213307944647e-04
3.735648924001754338e-05
1.758675721784059079e-02
