# conditioning on: None.
# ooAfreq: 0.0,0.00017761603673613563,0.00035323207347227127,0.0008830801836806782,0.0017661603673613563,0.0035323207347227126,0.013532320734722714,0.023532320734722716,0.03353232073472271,0.04353232073472271,0.053532320734722715,0.0635323207347227,0.07353232073472273,0.08353232073472272,0.0935323207347227,0.10353232073472272,0.11353232073472272,0.1235323207347227,0.13353232073472274,0.14353232073472272,0.1535323207347227,0.16353232073472274,0.17353232073472272,0.1835323207347227,0.1935323207347227,0.20353232073472272,0.2135323207347227,0.22353232073472273,0.23353232073472271,0.2435323207347227,0.2535323207347227,0.2635323207347227,0.2735323207347227,0.28353232073472273,0.2935323207347227,0.3035323207347227,0.3135323207347227,0.3235323207347227,0.3335323207347227,0.34353232073472273,0.35353232073472274,0.36353232073472264,0.3735323207347227,0.3835323207347227,0.3935323207347228,0.4035323207347227,0.41353232073472274,0.4235323207347227,0.4335323207347227,0.44353232073472276,0.4535323207347227,0.4635323207347227,0.4735323207347228,0.4835323207347227,0.49353232073472275,0.5035323207347228,0.5135323207347227,0.5235323207347228,0.5335323207347228,0.5435323207347227,0.5535323207347228,0.5635323207347227,0.5735323207347227,0.5835323207347226,0.5935323207347227,0.6035323207347226,0.6135323207347226,0.6235323207347228,0.6335323207347227,0.6435323207347228,0.6535323207347228,0.6635323207347227,0.6735323207347228,0.6835323207347228,0.6935323207347227,0.7035323207347228,0.7135323207347227,0.7235323207347226,0.7335323207347227,0.7435323207347228,0.7535323207347228,0.7635323207347227,0.7735323207347227,0.7835323207347228,0.7935323207347228,0.8035323207347228,0.8135323207347227,0.8235323207347227,0.8335323207347227,0.8435323207347227,0.8535323207347226,0.8635323207347226,0.8735323207347226,0.8835323207347228,0.8935323207347228,0.9035323207347228,0.9135323207347227,0.9235323207347227,0.9335323207347227,0.9435323207347228,0.9535323207347228,0.9635323207347226,0.9735323207347226,0.9835323207347227,0.9935323207347228,0.9991169198163193,0.9996467679265277,0.9998233839632639,1.0
7.982667776075309529e-01
7.821377660411699736e-05
0.000000000000000000e+00
2.658342486646067039e-04
3.357734428008368895e-04
5.198496638767680826e-04
3.355851323840111384e-03
3.569380802394566191e-03
3.316487226146772656e-03
3.422683400170661513e-03
3.123179249198754746e-03
3.086839239223935008e-03
3.314625806714829349e-03
3.312483071911204602e-03
3.076373365349041253e-03
3.181665406624432230e-03
2.989064534802314023e-03
3.139889761335670597e-03
2.870316921431387280e-03
2.689311242809596433e-03
2.655638895153139209e-03
2.647005561286336003e-03
2.821305129893186998e-03
2.485413994123607771e-03
2.671907352828386574e-03
2.701310997846748108e-03
2.442737912714951741e-03
2.365830246869663790e-03
2.463400921688661295e-03
2.258370570856971064e-03
2.441645184789674114e-03
2.259918014005900689e-03
2.276033388923179475e-03
2.383990160103913528e-03
2.110329965293897964e-03
2.138389960478547045e-03
2.110808901086844505e-03
2.077263450985116205e-03
2.098413237234657627e-03
2.109870591404768708e-03
2.052723728228680704e-03
2.019779634359654408e-03
2.031665401855364296e-03
1.935609875370704770e-03
1.771159539687817020e-03
1.801270389108212879e-03
1.942162317177670728e-03
1.836284529387785872e-03
1.779127160102326501e-03
1.883588371521480957e-03
1.677542406371208134e-03
1.875134656064665574e-03
1.771353790206464099e-03
1.718094920161268233e-03
1.666446842016230858e-03
1.623568837818042520e-03
1.627417122791079314e-03
1.542936027403834153e-03
1.501486269901209248e-03
1.481302243952673479e-03
1.531063364657122465e-03
1.442056989051796780e-03
1.471253486589139698e-03
1.450245616814700191e-03
1.571248282329635497e-03
1.395820713646599154e-03
1.351778995478362163e-03
1.324315958077175275e-03
1.430803710087809755e-03
1.317915201363854425e-03
1.473540394707146053e-03
1.260518444817254396e-03
1.362804751640899707e-03
1.309340787144162551e-03
1.217289310724796458e-03
1.252822904577091624e-03
1.211872597767319490e-03
1.208227218145487870e-03
1.112701147210171364e-03
1.170332085901990221e-03
1.146187364359974818e-03
1.142820338554390155e-03
1.133488948840026067e-03
1.148342549490624989e-03
1.201086348804260295e-03
1.136928023834449762e-03
1.047071169148280998e-03
1.058881616721852638e-03
1.028955595120142636e-03
1.009074058391893963e-03
1.022405978448214913e-03
1.066448034892850116e-03
1.011157885469046117e-03
1.020849771460662601e-03
1.022177060549602856e-03
9.882848668673698510e-04
9.648813607448487135e-04
1.058516630668677018e-03
8.983970134709650095e-04
9.788474013587911745e-04
8.437050606204001251e-04
9.179745563875193939e-04
8.886762171913839374e-04
8.693960432233636178e-04
8.569008946107814625e-04
5.432142831718443513e-04
4.539279427682382524e-05
1.301604816701347746e-05
2.009813153193636820e-02
