# conditioning on: None.
# YRIfreq: 0.0,0.0001353724805159903,0.0002687449610319806,0.0006718624025799516,0.0013437248051599033,0.0026874496103198066,0.012687449610319807,0.022687449610319807,0.0326874496103198,0.04268744961031981,0.05268744961031981,0.0626874496103198,0.07268744961031981,0.0826874496103198,0.0926874496103198,0.10268744961031981,0.1126874496103198,0.1226874496103198,0.1326874496103198,0.14268744961031982,0.1526874496103198,0.1626874496103198,0.17268744961031982,0.1826874496103198,0.1926874496103198,0.20268744961031981,0.2126874496103198,0.2226874496103198,0.2326874496103198,0.2426874496103198,0.2526874496103198,0.2626874496103198,0.2726874496103198,0.28268744961031983,0.2926874496103198,0.3026874496103198,0.3126874496103198,0.3226874496103198,0.3326874496103198,0.3426874496103198,0.35268744961031984,0.3626874496103198,0.3726874496103198,0.3826874496103198,0.3926874496103198,0.4026874496103198,0.41268744961031983,0.4226874496103198,0.4326874496103198,0.4426874496103198,0.4526874496103198,0.4626874496103198,0.47268744961031983,0.4826874496103198,0.4926874496103198,0.5026874496103199,0.5126874496103199,0.5226874496103199,0.5326874496103199,0.5426874496103199,0.5526874496103199,0.5626874496103199,0.5726874496103199,0.5826874496103197,0.5926874496103198,0.6026874496103198,0.6126874496103198,0.6226874496103199,0.6326874496103199,0.6426874496103199,0.6526874496103199,0.6626874496103199,0.6726874496103199,0.6826874496103199,0.6926874496103199,0.7026874496103199,0.7126874496103197,0.7226874496103198,0.7326874496103198,0.7426874496103198,0.7526874496103199,0.7626874496103199,0.7726874496103199,0.7826874496103199,0.7926874496103199,0.8026874496103199,0.8126874496103199,0.8226874496103199,0.8326874496103199,0.8426874496103198,0.8526874496103198,0.8626874496103198,0.8726874496103199,0.8826874496103199,0.8926874496103199,0.9026874496103199,0.9126874496103199,0.9226874496103199,0.9326874496103199,0.9426874496103199,0.9526874496103199,0.9626874496103197,0.9726874496103198,0.9826874496103198,0.9926874496103198,0.99932813759742,0.999731255038968,0.999865627519484,1.0
9.728013693021351216e-01
1.557183680993281475e-04
1.131845583707476074e-04
3.975573341366226560e-04
1.074418076931622909e-03
1.615201181152578318e-03
8.550668854888632958e-03
5.842700430830526787e-03
3.294910200335474625e-03
2.347899781175295103e-03
1.616194890366555057e-03
7.422737121479277590e-04
4.788951856674078956e-04
5.168601080016318973e-04
1.502456436892350472e-04
1.197671384478176705e-04
3.689984152542244590e-05
1.040502305298451809e-04
4.948895915976857544e-06
8.133851855868698050e-06
2.106565628844749895e-06
1.893849852750870711e-05
2.620637471703917444e-06
1.846284119346160447e-06
4.556736809554486499e-08
1.013342067393263475e-07
2.117668431483640999e-06
3.633925863865058163e-08
1.659979694336184750e-07
3.157450235424863953e-10
2.757680912495551273e-08
1.419838856690015085e-09
7.616511645419738308e-10
9.726328511578494712e-12
1.768571399960801985e-11
3.433884854505931588e-10
3.753741004195825078e-13
5.834346847520218298e-11
9.212250510281399354e-12
3.723582446056676108e-12
2.623921536421868451e-10
9.272005280869192394e-08
2.209364411776018662e-13
1.384033765948168725e-11
4.715581812187535576e-14
1.916982083920716265e-14
7.711038031967575650e-12
2.266830805347062560e-15
1.550470343784598912e-14
4.212030437348575242e-15
3.489104808909949199e-16
1.067951144873138712e-16
5.166027912781219479e-16
5.178736590786105895e-17
1.562432234218810344e-16
8.229641151179047228e-15
7.835923993949150307e-17
2.292236704441609197e-17
9.001981799712198856e-18
1.301999571266821327e-17
3.917774058057957477e-18
3.153666895933447381e-18
1.018953988628766351e-18
1.803856701884893577e-17
3.316433015939770637e-19
1.740359169954120492e-18
1.080726388955321104e-18
5.701965875354384661e-19
3.068725286412129661e-18
9.132246876153225822e-20
1.501567585263388203e-19
1.611680572757942686e-19
6.928791036155564821e-20
3.648598443237400795e-20
1.066426862039253891e-17
4.900629597249647185e-20
3.435136123775210686e-20
5.650894441349642547e-20
1.025305029433257713e-18
1.112460618426493043e-20
2.675144965997646539e-17
8.904258865654199436e-21
7.766927432839199700e-20
8.669156269795490757e-20
7.924934957492781936e-21
3.133441529488450480e-20
5.863035968081543457e-21
4.071648661187609971e-18
2.951198253361960411e-21
1.988338864375410454e-21
1.877785590961711037e-21
1.303234169295158288e-21
2.656536549891995237e-21
6.829242211018884980e-22
1.025253855419160221e-21
1.653075152675240318e-21
9.665519806333498930e-22
6.552739687158970503e-22
7.364993931713540881e-22
6.419493174054953350e-22
2.903071315039282064e-22
2.870420092359691806e-22
1.432502651846524686e-22
1.514720144643944898e-22
4.091640201655242398e-22
8.779669450813243453e-23
3.137371732519167471e-24
1.407124009499286144e-24
8.296839959808585073e-22
