# conditioning on: None.
# YRIfreq: 0.0,0.0001353724805159903,0.0002687449610319806,0.0006718624025799516,0.0013437248051599033,0.0026874496103198066,0.012687449610319807,0.022687449610319807,0.0326874496103198,0.04268744961031981,0.05268744961031981,0.0626874496103198,0.07268744961031981,0.0826874496103198,0.0926874496103198,0.10268744961031981,0.1126874496103198,0.1226874496103198,0.1326874496103198,0.14268744961031982,0.1526874496103198,0.1626874496103198,0.17268744961031982,0.1826874496103198,0.1926874496103198,0.20268744961031981,0.2126874496103198,0.2226874496103198,0.2326874496103198,0.2426874496103198,0.2526874496103198,0.2626874496103198,0.2726874496103198,0.28268744961031983,0.2926874496103198,0.3026874496103198,0.3126874496103198,0.3226874496103198,0.3326874496103198,0.3426874496103198,0.35268744961031984,0.3626874496103198,0.3726874496103198,0.3826874496103198,0.3926874496103198,0.4026874496103198,0.41268744961031983,0.4226874496103198,0.4326874496103198,0.4426874496103198,0.4526874496103198,0.4626874496103198,0.47268744961031983,0.4826874496103198,0.4926874496103198,0.5026874496103199,0.5126874496103199,0.5226874496103199,0.5326874496103199,0.5426874496103199,0.5526874496103199,0.5626874496103199,0.5726874496103199,0.5826874496103197,0.5926874496103198,0.6026874496103198,0.6126874496103198,0.6226874496103199,0.6326874496103199,0.6426874496103199,0.6526874496103199,0.6626874496103199,0.6726874496103199,0.6826874496103199,0.6926874496103199,0.7026874496103199,0.7126874496103197,0.7226874496103198,0.7326874496103198,0.7426874496103198,0.7526874496103199,0.7626874496103199,0.7726874496103199,0.7826874496103199,0.7926874496103199,0.8026874496103199,0.8126874496103199,0.8226874496103199,0.8326874496103199,0.8426874496103198,0.8526874496103198,0.8626874496103198,0.8726874496103199,0.8826874496103199,0.8926874496103199,0.9026874496103199,0.9126874496103199,0.9226874496103199,0.9326874496103199,0.9426874496103199,0.9526874496103199,0.9626874496103197,0.9726874496103198,0.9826874496103198,0.9926874496103198,0.99932813759742,0.999731255038968,0.999865627519484,1.0
4.644720793637034939e-01
1.173086357929601319e-04
1.014555465058056808e-04
3.486231172117416140e-04
7.423225235951432747e-04
1.464051013827850824e-03
9.226781382167236964e-03
8.824420711704424047e-03
8.376858573321840570e-03
8.251838420243396560e-03
7.976159516629888202e-03
7.707316537949820620e-03
6.855947966964473159e-03
6.321871572601070466e-03
6.173555950750454768e-03
6.096027454421944908e-03
6.017579003960975975e-03
5.466930334628290408e-03
5.408270593947399688e-03
4.898756276893694375e-03
4.659820630619921147e-03
4.458781808620397406e-03
4.760564247866857363e-03
4.000703875235698571e-03
4.349274391040802365e-03
4.635028718072449830e-03
4.082797935055574624e-03
3.723991301184949657e-03
3.808823879771798624e-03
3.601465010967083887e-03
3.642663073379818258e-03
3.656213467861020062e-03
3.368561994483274327e-03
3.650138484862019278e-03
3.193198570838674030e-03
3.132763647079359927e-03
3.217536636704335963e-03
3.119493106165168762e-03
3.295325557721566836e-03
3.049289365040180107e-03
3.114864615202156753e-03
2.932188887577619543e-03
3.004530225023308194e-03
2.701194623062968918e-03
2.964603776150312973e-03
2.864676169247170126e-03
2.859272423341129889e-03
2.920672498662633780e-03
2.780562528518894759e-03
2.752208529033423751e-03
2.718384101744596160e-03
2.705736065610004661e-03
2.719384083613050982e-03
2.640387757146585128e-03
2.638244291435717231e-03
2.811399863850668097e-03
2.674810452249643672e-03
2.693761674561648105e-03
2.717544472339928577e-03
2.728134922079900396e-03
2.659350431545587021e-03
2.643634395859188486e-03
2.757942539024647172e-03
2.902797796633977030e-03
2.786071253740435554e-03
2.821922199814161022e-03
2.670317396955555408e-03
2.785389736553985432e-03
2.714059897790365057e-03
2.821903595821621379e-03
2.933638496968606589e-03
2.882914564005495828e-03
2.965698545043878205e-03
2.989670859277079873e-03
3.163394998745842034e-03
3.161451453631917204e-03
3.324248645287991577e-03
3.363838279320234548e-03
3.379796463635041832e-03
3.281126319705176056e-03
3.559428004081560074e-03
3.523916704407249311e-03
3.716661013050314311e-03
3.766060774702105311e-03
3.976093966897018168e-03
4.071146642973520226e-03
4.066648282705450160e-03
4.342829632646186613e-03
4.595376091064850080e-03
4.877165200629291972e-03
4.986701118327526230e-03
5.256047401921440376e-03
5.384716437702467481e-03
5.673007074933195809e-03
5.857149315379955520e-03
6.390246166147693294e-03
6.817702590147311364e-03
7.290180930031772352e-03
7.868320658993290320e-03
8.735010235775343343e-03
9.132504372170408696e-03
9.779280663261818302e-03
1.080353558501966245e-02
1.210777900124016850e-02
1.395962357502468498e-02
9.782591031738209486e-03
5.581831831775207510e-04
1.923862326119241996e-04
7.372338808403312849e-02
