# conditioning on: None.
# ooAfreq: 0.0,0.00017761603673613563,0.00035323207347227127,0.0008830801836806782,0.0017661603673613563,0.0035323207347227126,0.013532320734722714,0.023532320734722716,0.03353232073472271,0.04353232073472271,0.053532320734722715,0.0635323207347227,0.07353232073472273,0.08353232073472272,0.0935323207347227,0.10353232073472272,0.11353232073472272,0.1235323207347227,0.13353232073472274,0.14353232073472272,0.1535323207347227,0.16353232073472274,0.17353232073472272,0.1835323207347227,0.1935323207347227,0.20353232073472272,0.2135323207347227,0.22353232073472273,0.23353232073472271,0.2435323207347227,0.2535323207347227,0.2635323207347227,0.2735323207347227,0.28353232073472273,0.2935323207347227,0.3035323207347227,0.3135323207347227,0.3235323207347227,0.3335323207347227,0.34353232073472273,0.35353232073472274,0.36353232073472264,0.3735323207347227,0.3835323207347227,0.3935323207347228,0.4035323207347227,0.41353232073472274,0.4235323207347227,0.4335323207347227,0.44353232073472276,0.4535323207347227,0.4635323207347227,0.4735323207347228,0.4835323207347227,0.49353232073472275,0.5035323207347228,0.5135323207347227,0.5235323207347228,0.5335323207347228,0.5435323207347227,0.5535323207347228,0.5635323207347227,0.5735323207347227,0.5835323207347226,0.5935323207347227,0.6035323207347226,0.6135323207347226,0.6235323207347228,0.6335323207347227,0.6435323207347228,0.6535323207347228,0.6635323207347227,0.6735323207347228,0.6835323207347228,0.6935323207347227,0.7035323207347228,0.7135323207347227,0.7235323207347226,0.7335323207347227,0.7435323207347228,0.7535323207347228,0.7635323207347227,0.7735323207347227,0.7835323207347228,0.7935323207347228,0.8035323207347228,0.8135323207347227,0.8235323207347227,0.8335323207347227,0.8435323207347227,0.8535323207347226,0.8635323207347226,0.8735323207347226,0.8835323207347228,0.8935323207347228,0.9035323207347228,0.9135323207347227,0.9235323207347227,0.9335323207347227,0.9435323207347228,0.9535323207347228,0.9635323207347226,0.9735323207347226,0.9835323207347227,0.9935323207347228,0.9991169198163193,0.9996467679265277,0.9998233839632639,1.0
5.960551309038571999e-01
6.425998819708046217e-05
0.000000000000000000e+00
1.938514921405625803e-04
2.002163450341210612e-04
3.694937014438716633e-04
2.496755868954592117e-03
2.457939710578059198e-03
2.182903760719871571e-03
2.507577785582285404e-03
2.405006714880014891e-03
2.375011485484390325e-03
2.325318050245949592e-03
2.366099984848453637e-03
2.277904428970928957e-03
2.479245043249639693e-03
2.217954081651292778e-03
2.193029000560980935e-03
2.387599945325326496e-03
2.213024989038602820e-03
2.525635788312136087e-03
2.261401493986489424e-03
2.224155979757795956e-03
2.381530154693302197e-03
2.513689489814711735e-03
2.561620591727003897e-03
2.383249513137305695e-03
2.391931893826564764e-03
2.340757593210783180e-03
2.252733485551667268e-03
2.243057400590973711e-03
2.363821651887411564e-03
2.134462159135915981e-03
2.328224925956085076e-03
2.372877254066114300e-03
2.231135309510542172e-03
2.378068896420215510e-03
2.152822578098502644e-03
2.154058912940513479e-03
2.294121348129059528e-03
2.336425683170660281e-03
2.223161741406983957e-03
2.137905152316449224e-03
2.478708290177833191e-03
2.280733896729903940e-03
2.225875109131022350e-03
2.195062038571705086e-03
2.232211311337205586e-03
2.223104945536709745e-03
2.254021781060344155e-03
2.280247830805064938e-03
2.324866686964114151e-03
2.363561409626258828e-03
2.318143142501187873e-03
2.306613093561773672e-03
2.526244559760188260e-03
2.231952995211514482e-03
2.403684148892661770e-03
2.399498968802006409e-03
2.393994158972801052e-03
2.242650450352478946e-03
2.294990399445829068e-03
2.479376721179362905e-03
2.450326902825114214e-03
2.396410402229614059e-03
2.484840845831569160e-03
2.381506251773060114e-03
2.449002544162941306e-03
2.504924933289123887e-03
2.387408498454399002e-03
2.288111700928281353e-03
2.496784690156977730e-03
2.474279805827555093e-03
2.722656374077547098e-03
2.696958813484852564e-03
2.643179688060134751e-03
2.645102386177423243e-03
2.670923270692411589e-03
2.728857354848689826e-03
2.580225226570644851e-03
2.810332124898516463e-03
2.800940851906038795e-03
2.781795202490687947e-03
2.833015966899027349e-03
2.736750163183643281e-03
2.748408101207321964e-03
2.861561029830787459e-03
2.791053773532340548e-03
2.912185244431425048e-03
2.959242840653147737e-03
2.893804384031280555e-03
3.051714265997951606e-03
3.036317921093030156e-03
3.238137542280790024e-03
3.043430439287972931e-03
3.095424861436554299e-03
3.058032707570877348e-03
3.302562306116702939e-03
3.245564911449851184e-03
3.467854113121309444e-03
3.412387475923282353e-03
3.510570138081642658e-03
3.633941409819501159e-03
3.529094455623422652e-03
3.634472401894100167e-03
1.921426670793390619e-03
1.663341091149042562e-04
5.060626235617955628e-05
1.480608244185536160e-01
