# conditioning on: None.
# YRIfreq: 0.0,0.0001353724805159903,0.0002687449610319806,0.0006718624025799516,0.0013437248051599033,0.0026874496103198066,0.012687449610319807,0.022687449610319807,0.0326874496103198,0.04268744961031981,0.05268744961031981,0.0626874496103198,0.07268744961031981,0.0826874496103198,0.0926874496103198,0.10268744961031981,0.1126874496103198,0.1226874496103198,0.1326874496103198,0.14268744961031982,0.1526874496103198,0.1626874496103198,0.17268744961031982,0.1826874496103198,0.1926874496103198,0.20268744961031981,0.2126874496103198,0.2226874496103198,0.2326874496103198,0.2426874496103198,0.2526874496103198,0.2626874496103198,0.2726874496103198,0.28268744961031983,0.2926874496103198,0.3026874496103198,0.3126874496103198,0.3226874496103198,0.3326874496103198,0.3426874496103198,0.35268744961031984,0.3626874496103198,0.3726874496103198,0.3826874496103198,0.3926874496103198,0.4026874496103198,0.41268744961031983,0.4226874496103198,0.4326874496103198,0.4426874496103198,0.4526874496103198,0.4626874496103198,0.47268744961031983,0.4826874496103198,0.4926874496103198,0.5026874496103199,0.5126874496103199,0.5226874496103199,0.5326874496103199,0.5426874496103199,0.5526874496103199,0.5626874496103199,0.5726874496103199,0.5826874496103197,0.5926874496103198,0.6026874496103198,0.6126874496103198,0.6226874496103199,0.6326874496103199,0.6426874496103199,0.6526874496103199,0.6626874496103199,0.6726874496103199,0.6826874496103199,0.6926874496103199,0.7026874496103199,0.7126874496103197,0.7226874496103198,0.7326874496103198,0.7426874496103198,0.7526874496103199,0.7626874496103199,0.7726874496103199,0.7826874496103199,0.7926874496103199,0.8026874496103199,0.8126874496103199,0.8226874496103199,0.8326874496103199,0.8426874496103198,0.8526874496103198,0.8626874496103198,0.8726874496103199,0.8826874496103199,0.8926874496103199,0.9026874496103199,0.9126874496103199,0.9226874496103199,0.9326874496103199,0.9426874496103199,0.9526874496103199,0.9626874496103197,0.9726874496103198,0.9826874496103198,0.9926874496103198,0.99932813759742,0.999731255038968,0.999865627519484,1.0
7.821929058799572676e-01
3.018046338259203773e-04
3.623155050995732675e-04
7.508219934424030344e-04
1.934813754553651620e-03
3.292054773658662729e-03
2.138122918513859355e-02
2.014525074431455787e-02
1.593748835414938309e-02
1.493651665415217031e-02
1.255444085809072699e-02
1.096152764552460815e-02
9.843428420871418866e-03
9.446728786700327868e-03
7.756685757697435318e-03
6.922545811485443512e-03
6.380767486776232032e-03
5.310784146455348534e-03
5.331501879969632526e-03
4.766512210574497602e-03
4.014856823383026498e-03
3.783538937510075133e-03
3.656475960373028675e-03
3.368351942867563870e-03
2.997581429007677503e-03
2.728469273923594604e-03
2.576338057142092772e-03
2.332754281720132716e-03
1.997138456503674137e-03
2.015473700767152036e-03
1.796179984946299178e-03
1.674464574568749423e-03
1.458111753481075058e-03
1.503167531954039326e-03
1.378655383373096188e-03
1.235225024656937034e-03
1.141885395229174077e-03
1.109138009643242766e-03
1.036139480056077946e-03
9.166185602924584912e-04
9.233990757693008675e-04
8.239223426662646566e-04
8.135266201252377982e-04
7.760414109120497127e-04
7.345452462563383141e-04
6.594233152832230504e-04
5.764164585828828813e-04
6.003766574931457701e-04
5.566039356175497138e-04
5.177949811616246265e-04
4.834475381846532228e-04
4.572826518146698286e-04
4.388847260630542512e-04
4.283481647881938860e-04
4.000885434415179642e-04
3.750132139243319662e-04
3.505570764125469016e-04
3.360710853636062270e-04
2.970466288347964378e-04
3.034249962844111446e-04
2.760657975432454555e-04
2.794202473310890451e-04
2.668868273011694436e-04
2.335946797008360337e-04
2.421230245034800411e-04
2.226212604269760405e-04
2.110850792877617022e-04
2.065981601782224412e-04
1.900070169991102480e-04
1.892046385048752740e-04
1.818801933802458308e-04
1.752216540877456446e-04
1.564231692649447150e-04
1.609514274628690272e-04
1.451680812517108072e-04
1.435656225585644455e-04
1.509314414286856872e-04
1.298885693759116943e-04
1.205771373024484578e-04
1.262584015993903222e-04
1.147616149264270064e-04
1.103094554163801618e-04
1.060094869769231496e-04
1.019264807419710929e-04
9.126758947818050722e-05
9.377455754165908144e-05
9.265476699945460128e-05
8.655754673015575494e-05
8.612121243391701250e-05
8.079882213958661480e-05
7.415740869221997423e-05
7.279592796559905315e-05
7.388807540772466902e-05
6.685452545180268157e-05
6.374999853604940755e-05
6.359448876931662019e-05
6.165026163934864915e-05
6.142238942850747623e-05
5.596445321815382416e-05
5.685148626065212045e-05
5.250321939886372303e-05
5.079169148104452445e-05
4.797937977144199162e-05
4.837227313324364650e-05
4.590265359387508905e-05
2.928309238986311162e-05
1.775587720238859606e-06
4.841985220166115801e-07
2.164212129293163842e-04
