# conditioning on: None.
# CEUfreq: 0.0,1.6762428675010246e-05,3.152485735002049e-05,7.881214337505123e-05,0.00015762428675010246,0.0003152485735002049,0.010315248573500205,0.020315248573500203,0.030315248573500205,0.040315248573500204,0.05031524857350021,0.06031524857350021,0.07031524857350022,0.0803152485735002,0.0903152485735002,0.10031524857350022,0.1103152485735002,0.1203152485735002,0.13031524857350021,0.14031524857350022,0.1503152485735002,0.16031524857350019,0.17031524857350022,0.1803152485735002,0.19031524857350018,0.20031524857350022,0.2103152485735002,0.2203152485735002,0.2303152485735002,0.2403152485735002,0.2503152485735002,0.26031524857350025,0.2703152485735002,0.28031524857350026,0.2903152485735002,0.30031524857350017,0.31031524857350024,0.3203152485735002,0.3303152485735002,0.34031524857350026,0.3503152485735002,0.36031524857350017,0.37031524857350023,0.3803152485735002,0.3903152485735002,0.40031524857350026,0.4103152485735002,0.4203152485735002,0.43031524857350023,0.4403152485735002,0.45031524857350025,0.4603152485735002,0.4703152485735002,0.4803152485735002,0.4903152485735002,0.5003152485735002,0.5103152485735002,0.5203152485735003,0.5303152485735002,0.5403152485735002,0.5503152485735003,0.5603152485735002,0.5703152485735002,0.5803152485735003,0.5903152485735002,0.6003152485735002,0.6103152485735003,0.6203152485735002,0.6303152485735002,0.6403152485735002,0.6503152485735002,0.6603152485735002,0.6703152485735002,0.6803152485735002,0.6903152485735002,0.7003152485735002,0.7103152485735001,0.7203152485735002,0.7303152485735002,0.7403152485735003,0.7503152485735002,0.7603152485735002,0.7703152485735003,0.7803152485735002,0.7903152485735002,0.8003152485735003,0.8103152485735002,0.8203152485735002,0.8303152485735004,0.8403152485735002,0.8503152485735002,0.8603152485735003,0.8703152485735002,0.8803152485735002,0.8903152485735002,0.9003152485735002,0.9103152485735002,0.9203152485735002,0.9303152485735002,0.9403152485735002,0.9503152485735002,0.9603152485735001,0.9703152485735002,0.9803152485735002,0.9903152485735003,0.999921187856625,0.99996847514265,0.999984237571325,1.0
7.129785799528256529e-01
0.000000000000000000e+00
0.000000000000000000e+00
7.735650534449601520e-06
1.313446110197311678e-05
2.564924496271037883e-05
2.537912796789107590e-03
2.446234073331849529e-03
2.592647785445653403e-03
2.509910739805854343e-03
2.559375837641161312e-03
2.471905220169015767e-03
2.684657946952733690e-03
2.481081158146457299e-03
2.511118729749824922e-03
2.361954390742095674e-03
2.454567017123631886e-03
2.436422272597050988e-03
2.473759194148458882e-03
2.528941257373929722e-03
2.445634430628828085e-03
2.364041784678404170e-03
2.467574372108814838e-03
2.365804950757177845e-03
2.372624066962815328e-03
2.429008452291364813e-03
2.323262876698683685e-03
2.271048062993552986e-03
2.193327758340785257e-03
2.317169721342370384e-03
2.344572638423688977e-03
2.177632088625737917e-03
2.291515812121511144e-03
2.312408236108749911e-03
2.424252868262685712e-03
2.214855052794132296e-03
2.258205942677841711e-03
2.204594324427671618e-03
2.270108447314045461e-03
2.191988214551546851e-03
2.305544690930397614e-03
2.196353615256186557e-03
2.100751698386441220e-03
2.220034103730957921e-03
2.121517162228686929e-03
2.233536685175940666e-03
2.111307338898592116e-03
2.181003114618784450e-03
2.191298968701104952e-03
2.114892710267248389e-03
2.095906383674764513e-03
2.142317571689038042e-03
2.160070717726898359e-03
2.161931912229751122e-03
2.146110526449669133e-03
2.055492273790092504e-03
2.102316595720945570e-03
2.101151200593075457e-03
2.121492365723883465e-03
2.068019287334148595e-03
2.093575812829960320e-03
2.205588888651980640e-03
2.045375547038760095e-03
2.057684949016692650e-03
2.142641018429608784e-03
2.012424656946840747e-03
1.916018699391603677e-03
1.960401025338048570e-03
1.966769340973101906e-03
1.920651755073640114e-03
2.045217990645390154e-03
1.991471838370436308e-03
1.892580292176825746e-03
2.005436528358931457e-03
2.163822201743867413e-03
1.948337302172252787e-03
1.953326974484879529e-03
2.026056752424925788e-03
1.978160203983462141e-03
2.082130812865564968e-03
1.969742617756072879e-03
1.972224489439343507e-03
1.910417969672426096e-03
2.016396411718962469e-03
1.918081687467625227e-03
1.917193488679298612e-03
1.896637057534238504e-03
1.942633083610188034e-03
2.034294475548679721e-03
1.980143789028605654e-03
1.927865338269984900e-03
1.958883638131090309e-03
1.984909250597511471e-03
1.953271023731549191e-03
1.964237790076351752e-03
1.939760420897311370e-03
1.964721496921218585e-03
1.999048883339154658e-03
1.950334443530334170e-03
1.893634401167624236e-03
1.834362443653079957e-03
1.982777856923162007e-03
1.919607045903268423e-03
1.919366454345257855e-03
1.973920535165508364e-03
1.838652726776112897e-03
7.430312198870637453e-06
1.476911235799134281e-06
7.177403461108576577e-02
