# conditioning on: None.
# ooAfreq: 0.0,0.00017761603673613563,0.00035323207347227127,0.0008830801836806782,0.0017661603673613563,0.0035323207347227126,0.013532320734722714,0.023532320734722716,0.03353232073472271,0.04353232073472271,0.053532320734722715,0.0635323207347227,0.07353232073472273,0.08353232073472272,0.0935323207347227,0.10353232073472272,0.11353232073472272,0.1235323207347227,0.13353232073472274,0.14353232073472272,0.1535323207347227,0.16353232073472274,0.17353232073472272,0.1835323207347227,0.1935323207347227,0.20353232073472272,0.2135323207347227,0.22353232073472273,0.23353232073472271,0.2435323207347227,0.2535323207347227,0.2635323207347227,0.2735323207347227,0.28353232073472273,0.2935323207347227,0.3035323207347227,0.3135323207347227,0.3235323207347227,0.3335323207347227,0.34353232073472273,0.35353232073472274,0.36353232073472264,0.3735323207347227,0.3835323207347227,0.3935323207347228,0.4035323207347227,0.41353232073472274,0.4235323207347227,0.4335323207347227,0.44353232073472276,0.4535323207347227,0.4635323207347227,0.4735323207347228,0.4835323207347227,0.49353232073472275,0.5035323207347228,0.5135323207347227,0.5235323207347228,0.5335323207347228,0.5435323207347227,0.5535323207347228,0.5635323207347227,0.5735323207347227,0.5835323207347226,0.5935323207347227,0.6035323207347226,0.6135323207347226,0.6235323207347228,0.6335323207347227,0.6435323207347228,0.6535323207347228,0.6635323207347227,0.6735323207347228,0.6835323207347228,0.6935323207347227,0.7035323207347228,0.7135323207347227,0.7235323207347226,0.7335323207347227,0.7435323207347228,0.7535323207347228,0.7635323207347227,0.7735323207347227,0.7835323207347228,0.7935323207347228,0.8035323207347228,0.8135323207347227,0.8235323207347227,0.8335323207347227,0.8435323207347227,0.8535323207347226,0.8635323207347226,0.8735323207347226,0.8835323207347228,0.8935323207347228,0.9035323207347228,0.9135323207347227,0.9235323207347227,0.9335323207347227,0.9435323207347228,0.9535323207347228,0.9635323207347226,0.9735323207347226,0.9835323207347227,0.9935323207347228,0.9991169198163193,0.9996467679265277,0.9998233839632639,1.0
9.738127828988394352e-01
5.151496286487497967e-06
0.000000000000000000e+00
5.288052226238551447e-05
6.612313012247598965e-05
1.926771497019261605e-04
9.823459055369626082e-04
1.191541140219810977e-03
1.144640974162590159e-03
1.005192304600684757e-03
1.011990805500750240e-03
9.008467386300534566e-04
9.374558203561211573e-04
9.736424258190877132e-04
7.041793886957271702e-04
8.757700259163444818e-04
8.297459187470803722e-04
6.210491210789973425e-04
6.783486980318504788e-04
6.079529785795424138e-04
6.310587410384507507e-04
5.621743991917200730e-04
5.325806246688048013e-04
4.271578188862311257e-04
4.474367439872763575e-04
6.462134855620997251e-04
4.321565849159297651e-04
3.572174675963102558e-04
3.416871071872196273e-04
5.260775615179951988e-04
3.195355667481813945e-04
3.676978408303562419e-04
2.857693510915214775e-04
2.761952642700847864e-04
2.117540191690921820e-04
2.819744011360156202e-04
2.474765648373848182e-04
2.724564319316378309e-04
2.313093654403166157e-04
1.840062785323612782e-04
2.466903891403922030e-04
3.058780530927189567e-04
1.506542250599218280e-04
3.826959708526484448e-04
4.497869834007752875e-04
2.150454033904043304e-04
1.300319131301499054e-04
1.426345893042175019e-04
2.013772975108462878e-04
1.584330024511592088e-04
1.248807720784877149e-04
1.061108415194725123e-04
1.396188640792937025e-04
1.755280919246283815e-04
2.053506833519148532e-04
8.078031573128211125e-05
1.917483358956878861e-04
9.024580541926155897e-05
1.250635597662416243e-04
7.997425937552148502e-05
7.407017875805566747e-05
6.423087242164118198e-05
9.579529861788710474e-05
5.739668161710290628e-05
9.400917218375392267e-05
1.473107588516457710e-04
4.560974470093193242e-05
7.237804237545276010e-05
3.915508094378905243e-05
1.639615600812322719e-04
6.890611809339485232e-05
7.419759271810899039e-05
4.857887561311030611e-05
1.330415119529493014e-04
5.750805099935077142e-05
5.048745121042783263e-05
2.888479501969647519e-05
6.389169895238094692e-05
3.422949074278573689e-05
5.276751785699642543e-05
4.155728632063394542e-05
4.085267945148843424e-05
3.442384585374507052e-05
2.867602169124936013e-05
1.996296693666765301e-05
4.655432274793352390e-05
1.871032484910129505e-05
4.163954890639185542e-05
2.859726197219905814e-05
1.403163379053666780e-05
1.208761398333392803e-05
3.096587679913105428e-05
1.627598744604896876e-05
1.648236665133906325e-05
1.361585840829116615e-05
1.358250058367969489e-05
1.356750257331784067e-05
1.072090097454298249e-05
8.310409765094217845e-06
1.111327642266212077e-05
8.056861179038222142e-06
1.841164917607836211e-05
9.098606972182720146e-06
1.786822298411747735e-05
8.086244904015768385e-06
5.553354714631612035e-06
1.856165790859263791e-07
5.467110314837709409e-08
1.257636744476044090e-04
