# conditioning on: None.
# CEUfreq: 0.0,1.6762428675010246e-05,3.152485735002049e-05,7.881214337505123e-05,0.00015762428675010246,0.0003152485735002049,0.010315248573500205,0.020315248573500203,0.030315248573500205,0.040315248573500204,0.05031524857350021,0.06031524857350021,0.07031524857350022,0.0803152485735002,0.0903152485735002,0.10031524857350022,0.1103152485735002,0.1203152485735002,0.13031524857350021,0.14031524857350022,0.1503152485735002,0.16031524857350019,0.17031524857350022,0.1803152485735002,0.19031524857350018,0.20031524857350022,0.2103152485735002,0.2203152485735002,0.2303152485735002,0.2403152485735002,0.2503152485735002,0.26031524857350025,0.2703152485735002,0.28031524857350026,0.2903152485735002,0.30031524857350017,0.31031524857350024,0.3203152485735002,0.3303152485735002,0.34031524857350026,0.3503152485735002,0.36031524857350017,0.37031524857350023,0.3803152485735002,0.3903152485735002,0.40031524857350026,0.4103152485735002,0.4203152485735002,0.43031524857350023,0.4403152485735002,0.45031524857350025,0.4603152485735002,0.4703152485735002,0.4803152485735002,0.4903152485735002,0.5003152485735002,0.5103152485735002,0.5203152485735003,0.5303152485735002,0.5403152485735002,0.5503152485735003,0.5603152485735002,0.5703152485735002,0.5803152485735003,0.5903152485735002,0.6003152485735002,0.6103152485735003,0.6203152485735002,0.6303152485735002,0.6403152485735002,0.6503152485735002,0.6603152485735002,0.6703152485735002,0.6803152485735002,0.6903152485735002,0.7003152485735002,0.7103152485735001,0.7203152485735002,0.7303152485735002,0.7403152485735003,0.7503152485735002,0.7603152485735002,0.7703152485735003,0.7803152485735002,0.7903152485735002,0.8003152485735003,0.8103152485735002,0.8203152485735002,0.8303152485735004,0.8403152485735002,0.8503152485735002,0.8603152485735003,0.8703152485735002,0.8803152485735002,0.8903152485735002,0.9003152485735002,0.9103152485735002,0.9203152485735002,0.9303152485735002,0.9403152485735002,0.9503152485735002,0.9603152485735001,0.9703152485735002,0.9803152485735002,0.9903152485735003,0.999921187856625,0.99996847514265,0.999984237571325,1.0
9.920184959969542415e-01
1.664069319361631839e-07
0.000000000000000000e+00
2.040699490812591587e-06
2.742645805447472512e-06
8.028912612240108343e-06
5.116927270805583100e-04
4.594261609850560442e-04
4.297744571428035467e-04
3.946142007244383726e-04
3.562029769807862180e-04
3.242476448810427728e-04
3.152344602441675496e-04
2.643182507545944831e-04
2.538072118208213991e-04
2.218832340685726330e-04
2.050466054177440829e-04
2.090562902165844599e-04
1.930752751247072948e-04
1.759099876262187889e-04
1.706105471647183409e-04
1.559612728908254490e-04
1.432982937079647510e-04
1.313625051975346512e-04
1.268414473604950981e-04
1.226897221826249440e-04
1.120668677439342237e-04
1.036461598025464025e-04
1.059278047913857456e-04
9.901608075515544016e-05
9.049128651123389830e-05
8.564417245857898822e-05
7.917066304390172737e-05
7.986758334544563761e-05
7.086113695116347461e-05
7.496131482533667436e-05
6.519605674571747676e-05
6.695879437563549371e-05
6.946524587521223928e-05
6.328876820012033146e-05
5.340504982160058835e-05
5.069288374167547640e-05
5.669215100058720903e-05
4.857893405082068565e-05
4.845745268669514333e-05
4.542818809869894923e-05
4.157622943697031413e-05
4.393440594580487414e-05
4.202962144405659469e-05
4.047749857548122609e-05
3.604592906327107679e-05
3.734305429814724819e-05
3.416601405261666632e-05
3.763933208940789678e-05
3.367624228050991852e-05
3.215753133776761140e-05
3.267662583249130912e-05
3.338891705504670743e-05
2.894113902793847353e-05
2.836942980047869422e-05
2.768364645389767133e-05
2.737493552413464008e-05
2.391227987938327067e-05
2.791244851508015441e-05
2.415471063640509117e-05
2.315035313119345620e-05
2.428640820883503157e-05
2.479838242208764801e-05
2.343142152777041509e-05
2.162464640778227295e-05
2.152516788820628191e-05
2.124864563259243992e-05
1.933393146303082435e-05
2.069716290063698859e-05
1.866013228081098710e-05
1.941617613197119235e-05
1.961295378282799370e-05
1.837485756281797213e-05
1.809665505749506430e-05
1.774014975424179958e-05
1.827953709503117214e-05
1.491895009504035830e-05
1.617565642822757732e-05
1.722514772974940845e-05
1.640479126719658176e-05
1.396224238578038822e-05
1.506072288443694456e-05
1.530940310612725606e-05
1.559099547019070288e-05
1.537699273394063190e-05
1.453939389482473751e-05
1.447237130332156452e-05
1.331016982913332191e-05
1.212936852680833692e-05
1.389260024987203920e-05
1.267452570368426298e-05
1.343932683012038746e-05
1.291398933446659233e-05
1.115117643233320255e-05
1.200377960814764959e-05
1.116307251803868775e-05
1.150469655496035339e-05
1.149901148695545135e-05
1.051801898488599664e-05
1.079408056726318673e-05
9.674771171998766011e-06
3.489783792190898909e-08
7.658941636163729764e-09
3.417108743467605134e-05
