# conditioning on: None.
# ooAfreq: 0.0,0.00017761603673613563,0.00035323207347227127,0.0008830801836806782,0.0017661603673613563,0.0035323207347227126,0.013532320734722714,0.023532320734722716,0.03353232073472271,0.04353232073472271,0.053532320734722715,0.0635323207347227,0.07353232073472273,0.08353232073472272,0.0935323207347227,0.10353232073472272,0.11353232073472272,0.1235323207347227,0.13353232073472274,0.14353232073472272,0.1535323207347227,0.16353232073472274,0.17353232073472272,0.1835323207347227,0.1935323207347227,0.20353232073472272,0.2135323207347227,0.22353232073472273,0.23353232073472271,0.2435323207347227,0.2535323207347227,0.2635323207347227,0.2735323207347227,0.28353232073472273,0.2935323207347227,0.3035323207347227,0.3135323207347227,0.3235323207347227,0.3335323207347227,0.34353232073472273,0.35353232073472274,0.36353232073472264,0.3735323207347227,0.3835323207347227,0.3935323207347228,0.4035323207347227,0.41353232073472274,0.4235323207347227,0.4335323207347227,0.44353232073472276,0.4535323207347227,0.4635323207347227,0.4735323207347228,0.4835323207347227,0.49353232073472275,0.5035323207347228,0.5135323207347227,0.5235323207347228,0.5335323207347228,0.5435323207347227,0.5535323207347228,0.5635323207347227,0.5735323207347227,0.5835323207347226,0.5935323207347227,0.6035323207347226,0.6135323207347226,0.6235323207347228,0.6335323207347227,0.6435323207347228,0.6535323207347228,0.6635323207347227,0.6735323207347228,0.6835323207347228,0.6935323207347227,0.7035323207347228,0.7135323207347227,0.7235323207347226,0.7335323207347227,0.7435323207347228,0.7535323207347228,0.7635323207347227,0.7735323207347227,0.7835323207347228,0.7935323207347228,0.8035323207347228,0.8135323207347227,0.8235323207347227,0.8335323207347227,0.8435323207347227,0.8535323207347226,0.8635323207347226,0.8735323207347226,0.8835323207347228,0.8935323207347228,0.9035323207347228,0.9135323207347227,0.9235323207347227,0.9335323207347227,0.9435323207347228,0.9535323207347228,0.9635323207347226,0.9735323207347226,0.9835323207347227,0.9935323207347228,0.9991169198163193,0.9996467679265277,0.9998233839632639,1.0
8.858615455983607223e-01
2.321316863245170115e-05
0.000000000000000000e+00
1.400910643158112870e-04
2.197459615522020962e-04
4.083554493228339338e-04
2.911012022018454048e-03
2.612367327149119414e-03
2.471076836844326476e-03
2.608164224598479193e-03
2.710648006952690123e-03
2.506466912849478028e-03
2.522154478906778359e-03
2.288068455130351682e-03
2.288148715111265174e-03
2.051383208478254998e-03
2.067444573634205120e-03
2.180600772862204776e-03
2.027547920505178795e-03
1.666907184790903090e-03
1.825868300755449647e-03
1.889292052025486664e-03
1.746551266458595039e-03
1.743750236303611735e-03
1.873666131596067336e-03
1.559110530027212711e-03
1.569868727019513473e-03
1.475477912945018623e-03
1.327547425366269220e-03
1.338221864922041439e-03
1.524019640860461858e-03
1.325929900472622028e-03
1.577025688086519748e-03
1.483863344712564895e-03
1.409727811046675508e-03
1.490830727700281390e-03
1.284973922039015686e-03
1.211431195814290790e-03
1.244334563278910646e-03
1.145522483677819097e-03
1.256082867703375025e-03
1.173572957680523105e-03
1.044911944727391732e-03
1.177550458466585306e-03
9.294829085043445922e-04
9.901146342331345988e-04
9.609141713843051807e-04
1.067414882156381833e-03
9.338719987025613685e-04
9.424288460890088964e-04
8.628715127977716658e-04
9.737350807778591064e-04
9.193839058868559424e-04
8.841509901622205498e-04
8.719155089099726646e-04
8.215617794675577224e-04
8.114350194718990272e-04
8.107706707322773817e-04
8.671582130521787984e-04
8.716789675521647695e-04
7.052480567154343315e-04
7.498417165728850191e-04
7.291485385002852626e-04
6.723337002661861853e-04
6.427490709020463548e-04
6.339768538421543861e-04
6.303747445747165043e-04
6.639475806158950076e-04
5.910345131770826897e-04
5.831255915800417737e-04
6.406087906168168910e-04
5.565689981681485200e-04
6.019835364406633197e-04
5.815973601325228649e-04
5.680053615824063847e-04
5.569405865757995604e-04
5.266099326343507553e-04
5.101976999357701447e-04
4.813896535983231773e-04
4.913205818001006690e-04
4.939116783912141703e-04
5.490449995037557452e-04
4.843079180405934791e-04
5.252791127323870341e-04
4.521795931115144733e-04
4.927391078045546303e-04
4.230511524879443895e-04
4.047282781844147720e-04
4.357982726159962284e-04
3.993402571153029882e-04
5.296407002315824120e-04
4.194556388731997872e-04
4.080998170990074708e-04
3.840381767705420093e-04
3.988797785352325796e-04
4.087083112741422353e-04
4.042483267533081770e-04
3.880151308834681981e-04
3.899093977400718046e-04
3.647497318322104332e-04
3.637525750958511047e-04
3.536803716293872996e-04
3.576550905526721487e-04
3.585940210568139557e-04
3.762756479542535368e-04
1.938665169422948550e-04
1.649606255666683646e-05
2.210420080275587293e-06
8.321378120336932194e-03
