# conditioning on: None.
# CEUfreq: 0.0,1.6762428675010246e-05,3.152485735002049e-05,7.881214337505123e-05,0.00015762428675010246,0.0003152485735002049,0.010315248573500205,0.020315248573500203,0.030315248573500205,0.040315248573500204,0.05031524857350021,0.06031524857350021,0.07031524857350022,0.0803152485735002,0.0903152485735002,0.10031524857350022,0.1103152485735002,0.1203152485735002,0.13031524857350021,0.14031524857350022,0.1503152485735002,0.16031524857350019,0.17031524857350022,0.1803152485735002,0.19031524857350018,0.20031524857350022,0.2103152485735002,0.2203152485735002,0.2303152485735002,0.2403152485735002,0.2503152485735002,0.26031524857350025,0.2703152485735002,0.28031524857350026,0.2903152485735002,0.30031524857350017,0.31031524857350024,0.3203152485735002,0.3303152485735002,0.34031524857350026,0.3503152485735002,0.36031524857350017,0.37031524857350023,0.3803152485735002,0.3903152485735002,0.40031524857350026,0.4103152485735002,0.4203152485735002,0.43031524857350023,0.4403152485735002,0.45031524857350025,0.4603152485735002,0.4703152485735002,0.4803152485735002,0.4903152485735002,0.5003152485735002,0.5103152485735002,0.5203152485735003,0.5303152485735002,0.5403152485735002,0.5503152485735003,0.5603152485735002,0.5703152485735002,0.5803152485735003,0.5903152485735002,0.6003152485735002,0.6103152485735003,0.6203152485735002,0.6303152485735002,0.6403152485735002,0.6503152485735002,0.6603152485735002,0.6703152485735002,0.6803152485735002,0.6903152485735002,0.7003152485735002,0.7103152485735001,0.7203152485735002,0.7303152485735002,0.7403152485735003,0.7503152485735002,0.7603152485735002,0.7703152485735003,0.7803152485735002,0.7903152485735002,0.8003152485735003,0.8103152485735002,0.8203152485735002,0.8303152485735004,0.8403152485735002,0.8503152485735002,0.8603152485735003,0.8703152485735002,0.8803152485735002,0.8903152485735002,0.9003152485735002,0.9103152485735002,0.9203152485735002,0.9303152485735002,0.9403152485735002,0.9503152485735002,0.9603152485735001,0.9703152485735002,0.9803152485735002,0.9903152485735003,0.999921187856625,0.99996847514265,0.999984237571325,1.0
8.995249160268719013e-01
0.000000000000000000e+00
0.000000000000000000e+00
4.601844385675177689e-06
2.320267463093984942e-05
3.694561335846814783e-05
2.017991924848556475e-03
1.992000973421537667e-03
1.968793146113516183e-03
1.918396619661858881e-03
1.829998802517604668e-03
1.780332681765765292e-03
1.734335671831130701e-03
1.805374574312339653e-03
1.749177626209976215e-03
1.591056749316869818e-03
1.619560748228267896e-03
1.606135717072587794e-03
1.605926826839060902e-03
1.573311660926748640e-03
1.520537850978559945e-03
1.487541474780749648e-03
1.533759827069997549e-03
1.350731917675781265e-03
1.296209039231661963e-03
1.266871973286916482e-03
1.295400764170112975e-03
1.302738531309943423e-03
1.248220328516088870e-03
1.241314182627723363e-03
1.232577325237478984e-03
1.151492234638734277e-03
1.191499575698464104e-03
1.122226094645029700e-03
1.112499343035135754e-03
1.088248690316068190e-03
1.060492512299079145e-03
1.070231820721048895e-03
1.066048071282814282e-03
1.004437839149162218e-03
1.017882608357916895e-03
1.000351748445357358e-03
9.176170676222890820e-04
9.117560028287001678e-04
9.370962106463121347e-04
8.690056484007217374e-04
9.320243356335548499e-04
8.356632867540022148e-04
8.785610726295954055e-04
8.311075529494660373e-04
8.488318071552764053e-04
8.277678498385902112e-04
8.321608938474688889e-04
7.872505713416686098e-04
7.546732546866677816e-04
7.485934199562766563e-04
7.705098739064608192e-04
7.476167209879889218e-04
7.458559603117281616e-04
7.172836681115489239e-04
6.420887522623505792e-04
6.883442451717861066e-04
6.821531037696029493e-04
6.344649063067617917e-04
6.762217489752790026e-04
6.137713860955202900e-04
7.089290121553023334e-04
6.489698935361458984e-04
5.984090726292299375e-04
5.772936074694513591e-04
6.137362767734996609e-04
5.815847714816350933e-04
5.489772673618990850e-04
5.724434950183872372e-04
6.154631309420623272e-04
5.674454006492046483e-04
5.428939761517091820e-04
5.196184999174252844e-04
5.281105533522327793e-04
5.581056832919771820e-04
5.170710236518356135e-04
5.239217479716146587e-04
4.774012205781600314e-04
4.987286842352931394e-04
5.096339730319646849e-04
4.764434240433394014e-04
4.826398414138644575e-04
4.521753083465426077e-04
4.707026717404486191e-04
4.689982819124770708e-04
4.555285608545707595e-04
4.270061867939405694e-04
4.413812926961478309e-04
4.266581372865745850e-04
4.359208613215239379e-04
4.369553676183019495e-04
4.336057837447173388e-04
4.298101348689239510e-04
4.329367768407297408e-04
4.262754947320647166e-04
4.200778161076404883e-04
3.876077208744554969e-04
4.139314619823371831e-04
3.819829003700774342e-04
3.952570213290062563e-04
3.628174065344088716e-04
1.324356451498940812e-06
6.193159029129501367e-07
1.035681361005852744e-02
