# conditioning on: None.
# CEUfreq: 0.0,1.6762428675010246e-05,3.152485735002049e-05,7.881214337505123e-05,0.00015762428675010246,0.0003152485735002049,0.010315248573500205,0.020315248573500203,0.030315248573500205,0.040315248573500204,0.05031524857350021,0.06031524857350021,0.07031524857350022,0.0803152485735002,0.0903152485735002,0.10031524857350022,0.1103152485735002,0.1203152485735002,0.13031524857350021,0.14031524857350022,0.1503152485735002,0.16031524857350019,0.17031524857350022,0.1803152485735002,0.19031524857350018,0.20031524857350022,0.2103152485735002,0.2203152485735002,0.2303152485735002,0.2403152485735002,0.2503152485735002,0.26031524857350025,0.2703152485735002,0.28031524857350026,0.2903152485735002,0.30031524857350017,0.31031524857350024,0.3203152485735002,0.3303152485735002,0.34031524857350026,0.3503152485735002,0.36031524857350017,0.37031524857350023,0.3803152485735002,0.3903152485735002,0.40031524857350026,0.4103152485735002,0.4203152485735002,0.43031524857350023,0.4403152485735002,0.45031524857350025,0.4603152485735002,0.4703152485735002,0.4803152485735002,0.4903152485735002,0.5003152485735002,0.5103152485735002,0.5203152485735003,0.5303152485735002,0.5403152485735002,0.5503152485735003,0.5603152485735002,0.5703152485735002,0.5803152485735003,0.5903152485735002,0.6003152485735002,0.6103152485735003,0.6203152485735002,0.6303152485735002,0.6403152485735002,0.6503152485735002,0.6603152485735002,0.6703152485735002,0.6803152485735002,0.6903152485735002,0.7003152485735002,0.7103152485735001,0.7203152485735002,0.7303152485735002,0.7403152485735003,0.7503152485735002,0.7603152485735002,0.7703152485735003,0.7803152485735002,0.7903152485735002,0.8003152485735003,0.8103152485735002,0.8203152485735002,0.8303152485735004,0.8403152485735002,0.8503152485735002,0.8603152485735003,0.8703152485735002,0.8803152485735002,0.8903152485735002,0.9003152485735002,0.9103152485735002,0.9203152485735002,0.9303152485735002,0.9403152485735002,0.9503152485735002,0.9603152485735001,0.9703152485735002,0.9803152485735002,0.9903152485735003,0.999921187856625,0.99996847514265,0.999984237571325,1.0
9.794602944261767696e-01
1.571037986707035148e-06
0.000000000000000000e+00
2.132811919564067057e-06
8.778979777425359563e-06
1.263429349957004695e-05
9.060501063527324345e-04
8.616535771965481375e-04
8.020250154136529313e-04
7.547058478689044718e-04
7.210639805100452042e-04
6.563834846212254943e-04
6.214178513335793467e-04
6.397700479525306270e-04
5.807185034570037669e-04
5.145706080666521531e-04
5.524302717469771560e-04
4.827754216540243708e-04
4.752614485525760929e-04
4.505237474930527891e-04
4.551781624522955238e-04
3.773686630837867675e-04
3.865986238248369350e-04
3.785034432687901405e-04
3.458064574171764989e-04
3.374783316270575173e-04
3.109559565682558325e-04
2.950495546096132534e-04
2.898675285143380558e-04
2.749857831839365918e-04
2.754087305271131297e-04
2.721126238178646871e-04
2.526395070276289526e-04
2.418047386330582859e-04
2.319358685678746951e-04
2.348934368783193441e-04
2.095798424461201817e-04
2.028764044396881203e-04
2.016472528859122187e-04
1.877380122515595324e-04
1.902704170003798978e-04
1.837401824047994346e-04
1.812263056315427954e-04
1.778338100246583679e-04
1.548974331962001344e-04
1.676137034336868921e-04
1.418493161269670957e-04
1.481833096647990121e-04
1.464530412454599032e-04
1.409916745613866537e-04
1.386055625205924761e-04
1.399836188162074144e-04
1.294055636975751343e-04
1.366467411428924248e-04
1.120192934318084866e-04
1.232339297196157109e-04
1.173493944133589784e-04
1.120341301512565443e-04
1.057205137949543877e-04
1.075797913817900771e-04
1.040543439199128294e-04
1.019881258590109709e-04
9.450437371793813518e-05
9.050543339915802135e-05
9.434257631893633918e-05
8.726508214032447535e-05
9.171585148935123514e-05
8.212415095062977816e-05
8.424141724031594181e-05
7.783822874732598124e-05
8.126961406467765733e-05
7.448370974411371200e-05
7.322488886154554023e-05
7.153123438536951491e-05
6.974031804570502671e-05
6.441369195327940520e-05
6.530866923470304700e-05
6.140234272958522378e-05
6.634273291441868570e-05
6.312450158521776484e-05
5.939812548553764034e-05
5.713223836148848017e-05
5.849205499806966492e-05
5.714180464742138645e-05
5.214016643843245917e-05
4.799602486862226351e-05
5.381337176382199869e-05
4.885483202592733233e-05
4.823092525973875119e-05
4.634933755031006347e-05
4.639627637741207319e-05
4.513950750921920239e-05
4.182675403607795037e-05
4.388652232591268504e-05
3.842668871868851243e-05
3.681720714966631343e-05
3.548929631615512371e-05
3.285949902438014593e-05
3.452284258119718189e-05
3.049965840765988523e-05
2.990934558583779665e-05
2.880711828903365562e-05
2.628020042742601473e-05
2.551682936286236064e-05
2.391322666196976469e-05
2.243375100059909747e-05
1.134938327571981249e-07
1.017054165915880102e-08
2.053533271859402033e-04
