# conditioning on: None.
# YRIfreq: 0.0,0.0001353724805159903,0.0002687449610319806,0.0006718624025799516,0.0013437248051599033,0.0026874496103198066,0.012687449610319807,0.022687449610319807,0.0326874496103198,0.04268744961031981,0.05268744961031981,0.0626874496103198,0.07268744961031981,0.0826874496103198,0.0926874496103198,0.10268744961031981,0.1126874496103198,0.1226874496103198,0.1326874496103198,0.14268744961031982,0.1526874496103198,0.1626874496103198,0.17268744961031982,0.1826874496103198,0.1926874496103198,0.20268744961031981,0.2126874496103198,0.2226874496103198,0.2326874496103198,0.2426874496103198,0.2526874496103198,0.2626874496103198,0.2726874496103198,0.28268744961031983,0.2926874496103198,0.3026874496103198,0.3126874496103198,0.3226874496103198,0.3326874496103198,0.3426874496103198,0.35268744961031984,0.3626874496103198,0.3726874496103198,0.3826874496103198,0.3926874496103198,0.4026874496103198,0.41268744961031983,0.4226874496103198,0.4326874496103198,0.4426874496103198,0.4526874496103198,0.4626874496103198,0.47268744961031983,0.4826874496103198,0.4926874496103198,0.5026874496103199,0.5126874496103199,0.5226874496103199,0.5326874496103199,0.5426874496103199,0.5526874496103199,0.5626874496103199,0.5726874496103199,0.5826874496103197,0.5926874496103198,0.6026874496103198,0.6126874496103198,0.6226874496103199,0.6326874496103199,0.6426874496103199,0.6526874496103199,0.6626874496103199,0.6726874496103199,0.6826874496103199,0.6926874496103199,0.7026874496103199,0.7126874496103197,0.7226874496103198,0.7326874496103198,0.7426874496103198,0.7526874496103199,0.7626874496103199,0.7726874496103199,0.7826874496103199,0.7926874496103199,0.8026874496103199,0.8126874496103199,0.8226874496103199,0.8326874496103199,0.8426874496103198,0.8526874496103198,0.8626874496103198,0.8726874496103199,0.8826874496103199,0.8926874496103199,0.9026874496103199,0.9126874496103199,0.9226874496103199,0.9326874496103199,0.9426874496103199,0.9526874496103199,0.9626874496103197,0.9726874496103198,0.9826874496103198,0.9926874496103198,0.99932813759742,0.999731255038968,0.999865627519484,1.0
9.208861652570220491e-01
2.122412656089874168e-04
2.140666673516879691e-04
5.994388165212357050e-04
1.786566567178114653e-03
2.940896566801488258e-03
1.709946122467930277e-02
1.208231175820617329e-02
9.735926130018141000e-03
7.646949542188934482e-03
5.780787816852341748e-03
4.032663012047494645e-03
3.389059004164767311e-03
2.820378398214003993e-03
1.856781595521719667e-03
1.324264754113466461e-03
1.268136161166029743e-03
1.147624649039270545e-03
9.690529773496922572e-04
5.782898188456829427e-04
6.590977671453986195e-04
4.717048926999529491e-04
3.171266594185622205e-04
3.439353629285981642e-04
2.361573962264516282e-04
1.661092698797525026e-04
1.248475536107964800e-04
1.052047649121718418e-04
1.412575881491321187e-04
9.855383252311224651e-05
7.861316903962279517e-05
7.115169945852130523e-05
6.114513354392031857e-05
5.063272694565030825e-05
4.413446408500758679e-05
4.966764325091723700e-05
3.837768205418433268e-05
3.681721375795184679e-05
3.064674975949260025e-05
2.752594530339183307e-05
2.134750890905870042e-05
1.894171152766454334e-05
1.777601725280687685e-05
1.765580420321410251e-05
1.430719096344067348e-05
1.193824511889810298e-05
1.945050147544351228e-05
1.087728521252240689e-05
1.028303197250734054e-05
1.008867973324540718e-05
9.216875145358654662e-06
9.406772821433706983e-06
8.185832281257747191e-06
8.713536402563039107e-06
7.429948237916592319e-06
8.000435243483169332e-06
7.039671278802719481e-06
6.570831293577050256e-06
6.006467312567394351e-06
6.761671971322730630e-06
5.247266519938954578e-06
5.430204830774204271e-06
4.685299887831457673e-06
4.878230988045169208e-06
4.655514438354237445e-06
4.478012321601111605e-06
4.065247360523364203e-06
4.220284980278056566e-06
4.038356091395569700e-06
4.074377063479495001e-06
4.060931462439763774e-06
3.790752188601656796e-06
3.667822802768929075e-06
3.766098007911059643e-06
3.587029345140350990e-06
3.716350800092393870e-06
3.801146709912963286e-06
3.438025679557986797e-06
3.463265811518634157e-06
3.561727293063124216e-06
3.430295003573682905e-06
3.174399687600295928e-06
3.494562180816062027e-06
3.476693665542621475e-06
3.345183877796698467e-06
3.661421355240113371e-06
3.445589085627941729e-06
3.789506204786883388e-06
3.526557268165125087e-06
3.534129502043233246e-06
3.725065266908592890e-06
3.804550587190944066e-06
3.936740937344827632e-06
4.168190429409544743e-06
4.350227736069806636e-06
4.609613094957827552e-06
4.635248920808424873e-06
4.641743272430595356e-06
5.094037698229365524e-06
5.271151069755808228e-06
5.926898014026654171e-06
6.171020658667977015e-06
6.746338219845835179e-06
7.466790522509095972e-06
8.116631530906865825e-06
5.760989888482825869e-06
3.781146309163886427e-07
1.202655044266635191e-07
4.380458366270851265e-05
