# conditioning on: None.
# YRIfreq: 0.0,0.0001353724805159903,0.0002687449610319806,0.0006718624025799516,0.0013437248051599033,0.0026874496103198066,0.012687449610319807,0.022687449610319807,0.0326874496103198,0.04268744961031981,0.05268744961031981,0.0626874496103198,0.07268744961031981,0.0826874496103198,0.0926874496103198,0.10268744961031981,0.1126874496103198,0.1226874496103198,0.1326874496103198,0.14268744961031982,0.1526874496103198,0.1626874496103198,0.17268744961031982,0.1826874496103198,0.1926874496103198,0.20268744961031981,0.2126874496103198,0.2226874496103198,0.2326874496103198,0.2426874496103198,0.2526874496103198,0.2626874496103198,0.2726874496103198,0.28268744961031983,0.2926874496103198,0.3026874496103198,0.3126874496103198,0.3226874496103198,0.3326874496103198,0.3426874496103198,0.35268744961031984,0.3626874496103198,0.3726874496103198,0.3826874496103198,0.3926874496103198,0.4026874496103198,0.41268744961031983,0.4226874496103198,0.4326874496103198,0.4426874496103198,0.4526874496103198,0.4626874496103198,0.47268744961031983,0.4826874496103198,0.4926874496103198,0.5026874496103199,0.5126874496103199,0.5226874496103199,0.5326874496103199,0.5426874496103199,0.5526874496103199,0.5626874496103199,0.5726874496103199,0.5826874496103197,0.5926874496103198,0.6026874496103198,0.6126874496103198,0.6226874496103199,0.6326874496103199,0.6426874496103199,0.6526874496103199,0.6626874496103199,0.6726874496103199,0.6826874496103199,0.6926874496103199,0.7026874496103199,0.7126874496103197,0.7226874496103198,0.7326874496103198,0.7426874496103198,0.7526874496103199,0.7626874496103199,0.7726874496103199,0.7826874496103199,0.7926874496103199,0.8026874496103199,0.8126874496103199,0.8226874496103199,0.8326874496103199,0.8426874496103198,0.8526874496103198,0.8626874496103198,0.8726874496103199,0.8826874496103199,0.8926874496103199,0.9026874496103199,0.9126874496103199,0.9226874496103199,0.9326874496103199,0.9426874496103199,0.9526874496103199,0.9626874496103197,0.9726874496103198,0.9826874496103198,0.9926874496103198,0.99932813759742,0.999731255038968,0.999865627519484,1.0
9.707882865595783839e-01
1.197618704745047542e-04
1.488436411952510127e-04
7.139568124537407513e-04
1.158818633187469081e-03
1.624013133880923380e-03
8.742842492385284256e-03
5.941342872955804495e-03
3.206836293164595265e-03
3.201690594890529724e-03
1.429284236949054194e-03
9.561395085181023570e-04
5.813566976953082064e-04
5.605062843826985998e-04
2.513755480761801684e-04
1.796756779236435354e-04
1.280540672138012878e-04
8.948711049587258922e-05
3.949607329767874058e-05
1.743820196866457243e-05
5.170004924190533581e-05
1.500040035177663486e-05
2.911269205932593833e-05
3.507940329836560212e-06
2.811554518882634461e-06
6.739866936676635292e-06
2.725958125317039205e-06
8.573537418922506917e-07
1.210552749178921645e-06
2.102097871155819085e-06
1.556561054128130907e-06
3.911484876548874632e-07
2.419941940276311993e-07
4.276334072298468330e-07
1.684776069959730585e-07
3.415806883512938120e-07
9.352267231691265012e-08
1.146825803834133749e-07
7.769612659697803826e-08
6.362407180265306027e-08
8.317178471236958056e-08
9.107470494625347170e-08
5.764438448563045830e-08
8.744886489817538121e-08
4.996458488222793795e-08
3.065376148508990350e-08
5.145133400859478628e-08
3.166265425915608883e-08
2.688152649739107405e-08
3.524449661457165068e-08
3.172602307298424290e-08
2.711474085786169251e-08
2.842034881048361865e-08
2.618172976967895913e-08
7.871197459380471385e-08
2.676840171061749435e-08
2.091718971245519983e-08
1.594335061530554636e-08
1.698171975235013126e-08
1.698031514933867660e-08
1.335244504793324273e-08
1.613907744920151147e-08
1.651345032110436849e-08
1.203878079297346043e-08
1.324234750768689380e-08
1.287182138609829876e-08
1.052860472510259653e-08
1.024305465152963018e-08
1.041338460990436503e-08
1.052994055787897051e-08
9.559177447973669801e-09
9.300292767524372587e-09
8.832150181747228299e-09
8.466421230101337183e-09
7.195238399236284787e-09
7.722414754191817449e-09
8.842670515804198172e-09
7.680161107839562914e-09
8.277781535597389674e-09
8.156635086709786044e-09
7.344251279000083873e-09
8.792759538586267435e-09
7.353289529145352570e-09
7.421326075481530004e-09
7.886884700442175407e-09
1.169546862699535394e-08
7.608812169669136710e-09
8.168210428588614307e-09
7.909574390480685747e-09
8.286668746482193898e-09
8.596545380081866221e-09
8.629915586445125055e-09
9.380601788050646691e-09
8.974397781412188781e-09
9.861012620798515638e-09
1.097375023859235895e-08
1.111075579387330906e-08
1.228937616671070607e-08
1.314460329313398453e-08
1.452991294035570068e-08
1.605948831437348759e-08
1.806006460945631387e-08
2.109151113409644692e-08
2.419855652001743969e-08
3.026142578332613876e-08
2.323261536043718560e-08
1.469723323471797873e-09
4.093563928062409040e-10
1.787118972461397965e-07
