# conditioning on: None.
# YRIfreq: 0.0,0.0001353724805159903,0.0002687449610319806,0.0006718624025799516,0.0013437248051599033,0.0026874496103198066,0.012687449610319807,0.022687449610319807,0.0326874496103198,0.04268744961031981,0.05268744961031981,0.0626874496103198,0.07268744961031981,0.0826874496103198,0.0926874496103198,0.10268744961031981,0.1126874496103198,0.1226874496103198,0.1326874496103198,0.14268744961031982,0.1526874496103198,0.1626874496103198,0.17268744961031982,0.1826874496103198,0.1926874496103198,0.20268744961031981,0.2126874496103198,0.2226874496103198,0.2326874496103198,0.2426874496103198,0.2526874496103198,0.2626874496103198,0.2726874496103198,0.28268744961031983,0.2926874496103198,0.3026874496103198,0.3126874496103198,0.3226874496103198,0.3326874496103198,0.3426874496103198,0.35268744961031984,0.3626874496103198,0.3726874496103198,0.3826874496103198,0.3926874496103198,0.4026874496103198,0.41268744961031983,0.4226874496103198,0.4326874496103198,0.4426874496103198,0.4526874496103198,0.4626874496103198,0.47268744961031983,0.4826874496103198,0.4926874496103198,0.5026874496103199,0.5126874496103199,0.5226874496103199,0.5326874496103199,0.5426874496103199,0.5526874496103199,0.5626874496103199,0.5726874496103199,0.5826874496103197,0.5926874496103198,0.6026874496103198,0.6126874496103198,0.6226874496103199,0.6326874496103199,0.6426874496103199,0.6526874496103199,0.6626874496103199,0.6726874496103199,0.6826874496103199,0.6926874496103199,0.7026874496103199,0.7126874496103197,0.7226874496103198,0.7326874496103198,0.7426874496103198,0.7526874496103199,0.7626874496103199,0.7726874496103199,0.7826874496103199,0.7926874496103199,0.8026874496103199,0.8126874496103199,0.8226874496103199,0.8326874496103199,0.8426874496103198,0.8526874496103198,0.8626874496103198,0.8726874496103199,0.8826874496103199,0.8926874496103199,0.9026874496103199,0.9126874496103199,0.9226874496103199,0.9326874496103199,0.9426874496103199,0.9526874496103199,0.9626874496103197,0.9726874496103198,0.9826874496103198,0.9926874496103198,0.99932813759742,0.999731255038968,0.999865627519484,1.0
7.648080215922179459e-01
3.240491512788783949e-04
2.569771855363889627e-04
8.989292125503281668e-04
1.451433723279960900e-03
3.010001740841099400e-03
2.133136540232815487e-02
1.731458903535634808e-02
1.674257342817041944e-02
1.330713315545320116e-02
1.175145626599139945e-02
1.097234792380736602e-02
9.590734705897663304e-03
8.724673896260061456e-03
7.409474421449091866e-03
7.047512612454015155e-03
5.999211317483326041e-03
5.710457457395026748e-03
4.941684844148070896e-03
4.832007209926790503e-03
4.337904023139398449e-03
4.158273910617625232e-03
3.582228552159044850e-03
3.302664141138297958e-03
3.060650288067039669e-03
2.697993236059557411e-03
2.472516717339132662e-03
2.327400424932341352e-03
2.194895206467789572e-03
2.050027186566803945e-03
1.985399638214548589e-03
1.909401575136173302e-03
1.707414830277748661e-03
1.695649996479391651e-03
1.482775563198375068e-03
1.429875603477379770e-03
1.334075022120737204e-03
1.324011960181447310e-03
1.224267057712003816e-03
1.129169555757562979e-03
1.113026077627787694e-03
1.061495228137148902e-03
1.055869852378990385e-03
9.775664958641130334e-04
9.433442383354154626e-04
9.515291721368589152e-04
8.855763749962915123e-04
8.954514578324885166e-04
7.949366135703371094e-04
8.004537612870231281e-04
7.852517540314468128e-04
6.873806146853411693e-04
6.926262141719758412e-04
6.468628256283403275e-04
6.400493721872610019e-04
6.874884568433465605e-04
6.491138643880488670e-04
6.019264957011050783e-04
6.192905831851912074e-04
5.796260261326475561e-04
5.462820589856991768e-04
5.440393249812821869e-04
5.220924469058819180e-04
5.259101569569673727e-04
5.199509209637406338e-04
5.384721453718904326e-04
4.800961499047459572e-04
4.866740548489763632e-04
4.652013752361735610e-04
4.854699202806971167e-04
4.653307945483413106e-04
4.494939868786494664e-04
4.493058609632949018e-04
4.474056039253649069e-04
4.669917249776537444e-04
4.326566095884041814e-04
4.398131621548759512e-04
4.338841226553671947e-04
4.243548257410227013e-04
4.262507603214217957e-04
3.937242883714011125e-04
4.074352374321540612e-04
3.942746076590503699e-04
4.111279812715495398e-04
4.068921397645518809e-04
3.995715325008348086e-04
3.820582442608478290e-04
3.898806563881055450e-04
3.962587487135049041e-04
3.926123590153419518e-04
3.960040648479322390e-04
4.013269802038731734e-04
3.941374701110975359e-04
4.019112226198466782e-04
4.019709224404615006e-04
4.014688703223951924e-04
4.078842011300203127e-04
4.093350135481383430e-04
4.076928648260433243e-04
4.214960030040874753e-04
3.953368525383497956e-04
4.227605976336169628e-04
4.225491392227253987e-04
4.239397333443935332e-04
4.302484271458253745e-04
2.848876105769893030e-04
1.642290149466653408e-05
6.150589735498496424e-06
2.130870483697219851e-03
