# conditioning on: None.
# ooAfreq: 0.0,0.00017761603673613563,0.00035323207347227127,0.0008830801836806782,0.0017661603673613563,0.0035323207347227126,0.013532320734722714,0.023532320734722716,0.03353232073472271,0.04353232073472271,0.053532320734722715,0.0635323207347227,0.07353232073472273,0.08353232073472272,0.0935323207347227,0.10353232073472272,0.11353232073472272,0.1235323207347227,0.13353232073472274,0.14353232073472272,0.1535323207347227,0.16353232073472274,0.17353232073472272,0.1835323207347227,0.1935323207347227,0.20353232073472272,0.2135323207347227,0.22353232073472273,0.23353232073472271,0.2435323207347227,0.2535323207347227,0.2635323207347227,0.2735323207347227,0.28353232073472273,0.2935323207347227,0.3035323207347227,0.3135323207347227,0.3235323207347227,0.3335323207347227,0.34353232073472273,0.35353232073472274,0.36353232073472264,0.3735323207347227,0.3835323207347227,0.3935323207347228,0.4035323207347227,0.41353232073472274,0.4235323207347227,0.4335323207347227,0.44353232073472276,0.4535323207347227,0.4635323207347227,0.4735323207347228,0.4835323207347227,0.49353232073472275,0.5035323207347228,0.5135323207347227,0.5235323207347228,0.5335323207347228,0.5435323207347227,0.5535323207347228,0.5635323207347227,0.5735323207347227,0.5835323207347226,0.5935323207347227,0.6035323207347226,0.6135323207347226,0.6235323207347228,0.6335323207347227,0.6435323207347228,0.6535323207347228,0.6635323207347227,0.6735323207347228,0.6835323207347228,0.6935323207347227,0.7035323207347228,0.7135323207347227,0.7235323207347226,0.7335323207347227,0.7435323207347228,0.7535323207347228,0.7635323207347227,0.7735323207347227,0.7835323207347228,0.7935323207347228,0.8035323207347228,0.8135323207347227,0.8235323207347227,0.8335323207347227,0.8435323207347227,0.8535323207347226,0.8635323207347226,0.8735323207347226,0.8835323207347228,0.8935323207347228,0.9035323207347228,0.9135323207347227,0.9235323207347227,0.9335323207347227,0.9435323207347228,0.9535323207347228,0.9635323207347226,0.9735323207347226,0.9835323207347227,0.9935323207347228,0.9991169198163193,0.9996467679265277,0.9998233839632639,1.0
9.890159316203226414e-01
2.737131888202584603e-05
0.000000000000000000e+00
4.568589733563371629e-05
4.256966535585589274e-05
9.246281242683579036e-05
5.181231879449655795e-04
6.733411851084936811e-04
6.120568906335614040e-04
5.112548392939060158e-04
4.800799025007351784e-04
4.442091021578660308e-04
2.881858689595949733e-04
2.211437168060309338e-04
2.440855782907175634e-04
3.070890699173609364e-04
5.445878995022309689e-04
2.330683651077387322e-04
2.169946392447567678e-04
3.433096594109973521e-04
2.075482291925091001e-04
3.339071668786292284e-04
2.007743218873389124e-04
1.545398419250154415e-04
2.499216357103918335e-04
2.130211574755106374e-04
7.513316167876447958e-05
3.087655171929592655e-04
2.008532350897403954e-04
1.580661968003937447e-04
2.130402364803850855e-04
1.043910787519320967e-04
2.237454730971086281e-04
1.895460191282996565e-04
2.838237384230085539e-04
1.067985688989856353e-04
9.870889368368889144e-05
9.161079676150963268e-05
3.601266406297411779e-05
6.298291640973702307e-05
9.978471758577699179e-05
3.877963283443399426e-05
8.127141168206208563e-05
4.188976429550380986e-05
1.168328271520019168e-04
4.643362745753840842e-05
1.739010680353792517e-05
3.763386851369897182e-05
7.199277200116337909e-05
7.672529916411033573e-05
4.165357559216341892e-05
9.995589412524076675e-05
2.765202296631793995e-05
1.661262791885450868e-05
3.114050326097171769e-05
5.443978840506213354e-05
2.443057839367763674e-05
2.002961875436297702e-05
6.327838268045058714e-05
4.019427979683445266e-05
5.730435343320181886e-05
1.644115841650149872e-05
2.011060400122061291e-05
8.657003092193899299e-05
2.085689260791352177e-06
1.605826269943987645e-05
2.297478141473876303e-05
2.321727871621629655e-05
1.266313070721070246e-05
6.049466523847305757e-06
1.826498799585261765e-05
1.916989865176308978e-05
7.409838377771233199e-06
3.719495126320746842e-06
3.444021292541080544e-06
8.743780192838916860e-06
5.622967037549016559e-05
8.748540063733768896e-07
9.769375839923355838e-06
3.053087081960034256e-05
2.271501068276081663e-05
6.156038755438326940e-06
9.958049727065340821e-06
2.790172052531544338e-06
2.522504139937586985e-06
1.167430125188655356e-05
3.642460089426559253e-06
4.983241704014605892e-06
1.579326866591768502e-05
6.641830332593472791e-06
7.166809330447184588e-06
8.362592310510062743e-07
7.509274231153388194e-07
1.537701581009566631e-06
1.810581757203310008e-06
2.668767924431435253e-06
6.608221645122178951e-07
4.518688818018511507e-07
3.594827410761074335e-05
1.708773896792847845e-06
5.786578267637648142e-07
2.453845072385931753e-07
1.905925314956373693e-07
2.163100163124519398e-07
5.771946339206345452e-08
1.275404992690499143e-06
3.650173710292119458e-09
1.126011676329353524e-10
1.251958729941947119e-05
