# conditioning on: None.
# p1freq: 0.0,5.1e-05,0.0001,0.00025,0.0005,0.001,0.011,0.021,0.031,0.041,0.051,0.061,0.07100000000000001,0.081,0.091,0.101,0.111,0.121,0.131,0.14100000000000001,0.151,0.161,0.171,0.181,0.191,0.201,0.211,0.221,0.231,0.241,0.251,0.261,0.271,0.281,0.291,0.301,0.311,0.321,0.331,0.341,0.35100000000000003,0.361,0.371,0.381,0.391,0.401,0.411,0.421,0.431,0.441,0.451,0.461,0.471,0.481,0.491,0.501,0.511,0.521,0.531,0.541,0.551,0.561,0.5710000000000001,0.581,0.591,0.601,0.611,0.621,0.631,0.641,0.651,0.661,0.671,0.681,0.6910000000000001,0.7010000000000001,0.711,0.721,0.731,0.741,0.751,0.761,0.771,0.781,0.791,0.801,0.811,0.821,0.831,0.841,0.851,0.861,0.871,0.881,0.891,0.901,0.911,0.921,0.931,0.941,0.951,0.961,0.971,0.981,0.991,0.99975,0.9999,0.99995,1.0
6.417667865369084401e-01
1.744660095541929060e-04
1.528160740916462113e-04
2.325691892894416672e-04
5.961474467654006041e-04
9.923454572050665039e-04
1.902151239673013222e-02
1.776303256968840560e-02
1.513325948556126094e-02
1.523199402760092545e-02
1.373016551691595352e-02
1.154888368918349437e-02
1.140297190300140068e-02
1.078399460385915179e-02
9.540126769572169346e-03
8.466963371165335539e-03
8.018920050985423043e-03
7.697107750634410439e-03
7.670371997668602726e-03
6.733846662054935109e-03
6.384944374599255297e-03
6.371881726751476953e-03
5.714935208199130659e-03
5.479116384719179278e-03
5.366954920154444995e-03
4.382636043110966703e-03
4.761198827942477937e-03
4.611566550420310127e-03
4.401128508926131083e-03
4.013798291229957529e-03
4.116477331846127297e-03
3.559746116416568143e-03
3.597611483878861149e-03
3.375043569710428886e-03
3.277938461005336108e-03
3.371079905921489216e-03
2.982747624600646380e-03
2.983804592331519394e-03
2.950314484388107637e-03
2.944689162396253029e-03
3.105218920284911512e-03
2.697814946024568779e-03
2.955825899409248066e-03
2.477161827575882248e-03
2.460108096283120278e-03
2.453189901159099750e-03
2.318382804872204817e-03
2.333670181195469581e-03
2.281591768058443149e-03
2.231252828203772898e-03
2.135418106948227222e-03
2.103458559570337873e-03
2.039740775059303152e-03
2.016646217352236013e-03
2.041355780859054839e-03
1.880922807879210727e-03
1.832908672317245125e-03
1.899084217658495496e-03
1.833688401269290133e-03
1.745571370832723918e-03
1.728677865531897968e-03
1.680118444304954349e-03
1.633825845097230250e-03
1.617179454232668028e-03
1.658996983479721094e-03
1.482468830502666878e-03
1.557439848833001156e-03
1.578942778787307058e-03
1.552312013173990464e-03
1.530599963571284937e-03
1.527456354554643410e-03
1.453093817125768444e-03
1.417060060598008533e-03
1.332701722352557915e-03
1.374828728918152864e-03
1.320462342770286875e-03
1.364001959430784054e-03
1.362177523658745712e-03
1.346689306484121157e-03
1.293459433780603726e-03
1.321484937777940745e-03
1.282176714355186221e-03
1.250395734096388344e-03
1.197568305989256052e-03
1.217501635486412581e-03
1.202809652132754911e-03
1.188014704003157677e-03
1.219456202057633701e-03
1.152403928014646660e-03
1.167168897011741473e-03
1.103857917553258605e-03
1.090915375466951828e-03
1.056481813635890173e-03
1.102437121783997982e-03
1.102429400950467528e-03
1.118897639538536919e-03
1.076971653074249111e-03
1.057379310877278565e-03
9.903949434365462434e-04
1.057359115480522183e-03
1.002320800391692714e-03
1.043737907044625050e-03
9.645677319104599152e-04
1.015735658973050855e-03
9.287329727557983678e-04
8.561032389587572809e-04
1.332229273019063155e-05
5.183370382442026395e-06
5.252790587144318644e-03
