# conditioning on: None.
# p2freq: 0.0,0.000501,0.001,0.0025,0.005,0.01,0.02,0.03,0.04,0.05,0.06,0.07,0.08,0.09,0.1,0.11,0.12,0.13,0.14,0.15,0.16,0.17,0.18,0.19,0.2,0.21,0.22,0.23,0.24,0.25,0.26,0.27,0.28,0.29,0.3,0.31,0.32,0.33,0.34,0.35,0.36000000000000004,0.37,0.38,0.39,0.4,0.41,0.42000000000000004,0.43,0.44,0.45,0.46,0.47,0.48000000000000004,0.49,0.5,0.51,0.52,0.53,0.54,0.55,0.56,0.57,0.5800000000000001,0.59,0.6,0.61,0.62,0.63,0.64,0.65,0.66,0.67,0.68,0.69,0.7000000000000001,0.7100000000000001,0.72,0.73,0.74,0.75,0.76,0.77,0.78,0.79,0.8,0.81,0.82,0.8300000000000001,0.8400000000000001,0.85,0.86,0.87,0.88,0.89,0.9,0.91,0.92,0.93,0.94,0.9500000000000001,0.9600000000000001,0.97,0.98,0.99,0.9975,0.999,0.9995,1.0
6.345654355147284376e-01
2.663669480920787669e-05
4.045225076704891574e-05
1.492480511621860513e-04
2.407289861245954501e-04
5.816256121561240791e-04
9.891006658911990872e-04
1.122513206616242458e-03
9.161313807099325879e-04
9.307494177824827920e-04
1.132168223439205526e-03
8.992432261392621379e-04
1.010685078265669001e-03
1.174833451583592913e-03
1.052868367962349165e-03
1.276840175363738294e-03
1.152635395427296320e-03
1.054639019588451314e-03
1.022757397587031663e-03
1.126140589225208856e-03
1.152570072129741312e-03
1.173021738495546619e-03
1.314686874645903253e-03
1.279097490813682972e-03
1.029292574429623887e-03
1.132288143107997198e-03
1.253408943144403848e-03
1.125367038680903696e-03
1.339109216980809841e-03
1.282743276236304915e-03
1.286056819682776780e-03
1.211923901494086145e-03
1.124074851513261458e-03
1.201948118546750533e-03
1.279838071864604484e-03
1.376319632043033776e-03
1.248967223493872847e-03
1.353219702501711223e-03
1.313098901371852548e-03
1.257964711079257412e-03
1.285985992004579732e-03
1.269719565295859050e-03
1.137019393894239021e-03
1.303433063747398094e-03
1.333966101112792416e-03
1.339992666733044995e-03
1.321735024265698489e-03
1.297345408304140376e-03
1.399193365068622649e-03
1.395339788217619427e-03
1.267029707011215877e-03
1.441564415337932663e-03
1.235722934829890877e-03
1.240758797735278885e-03
1.328374116859630050e-03
1.440112067918760362e-03
1.546203743053660602e-03
1.312637675564015931e-03
1.562867636012274216e-03
1.703280005545277503e-03
1.346499061516332092e-03
1.538878269210554057e-03
1.533377541958558590e-03
1.438528632433050489e-03
1.501111337363109522e-03
1.489096589366056041e-03
1.543289701376059000e-03
1.519848427108088556e-03
1.572982630731180288e-03
1.518455982520307236e-03
1.563699694070916184e-03
1.604846399027231012e-03
1.563083352140243881e-03
1.727759021871230457e-03
1.731597781380932264e-03
1.773000681896872571e-03
1.670444158970316173e-03
1.725904993923851102e-03
1.694569203526230528e-03
1.549690674643741314e-03
1.710345782523622991e-03
1.646002530789589940e-03
2.054778539042996163e-03
1.895445264344547930e-03
1.838378064875712328e-03
1.843757387656703300e-03
1.908068432812825687e-03
1.843803256463551980e-03
1.941660439885761497e-03
1.783784968385382797e-03
1.861902940835899987e-03
1.862346743525335234e-03
1.908927155153537954e-03
2.115394345028453766e-03
1.867629019609822437e-03
2.038751014615071411e-03
1.870800780538531966e-03
1.830592682235298229e-03
2.177167300983194782e-03
2.223851517230447487e-03
2.052001654552746985e-03
2.162564207547507458e-03
2.225067512588484522e-03
2.129133828382911379e-03
1.510789073728640176e-03
2.936471401999872152e-04
9.461247165086126513e-05
2.173394203336802277e-01
