# conditioning on: None.
# p1freq: 0.0,5.1e-05,0.0001,0.00025,0.0005,0.001,0.011,0.021,0.031,0.041,0.051,0.061,0.07100000000000001,0.081,0.091,0.101,0.111,0.121,0.131,0.14100000000000001,0.151,0.161,0.171,0.181,0.191,0.201,0.211,0.221,0.231,0.241,0.251,0.261,0.271,0.281,0.291,0.301,0.311,0.321,0.331,0.341,0.35100000000000003,0.361,0.371,0.381,0.391,0.401,0.411,0.421,0.431,0.441,0.451,0.461,0.471,0.481,0.491,0.501,0.511,0.521,0.531,0.541,0.551,0.561,0.5710000000000001,0.581,0.591,0.601,0.611,0.621,0.631,0.641,0.651,0.661,0.671,0.681,0.6910000000000001,0.7010000000000001,0.711,0.721,0.731,0.741,0.751,0.761,0.771,0.781,0.791,0.801,0.811,0.821,0.831,0.841,0.851,0.861,0.871,0.881,0.891,0.901,0.911,0.921,0.931,0.941,0.951,0.961,0.971,0.981,0.991,0.99975,0.9999,0.99995,1.0
9.175483935641205457e-01
5.474004501510120575e-05
1.421713103464472354e-04
4.391818293325127883e-04
7.144604572940943966e-04
1.082730661258003929e-03
1.698792351466059392e-02
1.365625478928145231e-02
1.048502634285724579e-02
7.776914860539990183e-03
6.176638441434013395e-03
5.856344631964036096e-03
4.425325274667967976e-03
3.188519794034782272e-03
2.201014489481845516e-03
1.989562272994366103e-03
1.789461545517417266e-03
1.026333665714730019e-03
1.055664609075018280e-03
8.079909851304058199e-04
4.927449991119351499e-04
3.401950706301299504e-04
3.460167538059144869e-04
2.385120274863061687e-04
2.088405619813997970e-04
1.609880999812777710e-04
1.607653196432033953e-04
1.489663236325413623e-04
6.659658184591529069e-05
6.987386153051684877e-05
7.197552173894574920e-05
4.004184425410236295e-05
7.335921457024452050e-05
3.057164930731505042e-05
4.105374742970334953e-05
1.181709907753617932e-05
2.067180804209282059e-05
4.850723123591112227e-06
4.761687920789311771e-06
1.929677104292035745e-05
5.114853802348388740e-06
7.748410815522050290e-06
7.546602954872089248e-06
2.205866174798861161e-06
5.660127119442272363e-06
4.671329196412168869e-06
1.789056321558357133e-06
4.586657611505181177e-07
1.944647729110936124e-06
9.868741197884850321e-07
8.185853217287743304e-07
1.875818023283734808e-06
6.874680853141247520e-07
2.617997571521148291e-07
2.275673541184361197e-07
1.549236801436369044e-07
3.849596749770088388e-07
1.042397565681789152e-07
7.714938319311204841e-08
1.934166502280943442e-07
4.408321529591004439e-08
9.268732007695986263e-08
9.086137861502326790e-08
2.322837806280786626e-08
4.668991853341815500e-08
4.149148315681193996e-08
4.285776937538931376e-08
1.826722534886157011e-08
1.711675323581773555e-08
2.595912782474011062e-08
9.688294162430698946e-09
2.051311002855452797e-08
5.001286347574578105e-09
1.362746146716732551e-08
7.516921818215385924e-09
3.289997322019298490e-09
7.402299238144267749e-09
3.155810399639551299e-09
3.435647054890520612e-09
1.362469570946996585e-09
1.883496128996713345e-09
4.809581801285968487e-09
1.304352938996361719e-09
1.023458409869509621e-09
6.070860908543394067e-10
1.093226678233245252e-09
7.005555704979696797e-10
9.015266392960405668e-10
4.003974661162383205e-10
4.868753123810996451e-10
3.584338654958848754e-10
3.181894568283081741e-10
2.414643249894029323e-10
5.043640734436269623e-10
2.496299421750659787e-10
1.605361267182778859e-10
1.591929113084241419e-10
3.368108344387385110e-10
1.780696882557751664e-10
1.275807041726752773e-10
1.011085292613927031e-10
9.646735744910839176e-11
8.352884024438487413e-11
8.330936466544117539e-11
5.654685482657224162e-11
4.877095393279110812e-11
3.652710861307834814e-13
0.000000000000000000e+00
3.366481916108884612e-10
