# conditioning on: None.
# p2freq: 0.0,0.000501,0.001,0.0025,0.005,0.01,0.02,0.03,0.04,0.05,0.06,0.07,0.08,0.09,0.1,0.11,0.12,0.13,0.14,0.15,0.16,0.17,0.18,0.19,0.2,0.21,0.22,0.23,0.24,0.25,0.26,0.27,0.28,0.29,0.3,0.31,0.32,0.33,0.34,0.35,0.36000000000000004,0.37,0.38,0.39,0.4,0.41,0.42000000000000004,0.43,0.44,0.45,0.46,0.47,0.48000000000000004,0.49,0.5,0.51,0.52,0.53,0.54,0.55,0.56,0.57,0.5800000000000001,0.59,0.6,0.61,0.62,0.63,0.64,0.65,0.66,0.67,0.68,0.69,0.7000000000000001,0.7100000000000001,0.72,0.73,0.74,0.75,0.76,0.77,0.78,0.79,0.8,0.81,0.82,0.8300000000000001,0.8400000000000001,0.85,0.86,0.87,0.88,0.89,0.9,0.91,0.92,0.93,0.94,0.9500000000000001,0.9600000000000001,0.97,0.98,0.99,0.9975,0.999,0.9995,1.0
9.868308968203337583e-01
2.569189720900876675e-05
4.568731392104617901e-05
1.073567327000176966e-05
1.427109891064788375e-05
5.399886877365737796e-05
5.001708405011439209e-04
1.558873242711727189e-04
2.030181245645803166e-04
4.185230961394167037e-04
2.253452020684145504e-04
1.749808801584023057e-04
2.201590994235186436e-04
2.191850380114098796e-04
2.114019835357296433e-04
3.273394906149681982e-04
1.236289754726175064e-04
2.486772320457195985e-04
1.309426583511021981e-04
2.273858315972473955e-04
1.816692065565265741e-04
2.366586113368014362e-04
2.139834494362389855e-04
9.419746868732754787e-05
1.533647844132121911e-04
1.917718955336495464e-04
2.356713971173165839e-04
1.791969296870193819e-04
4.677110387845695178e-04
2.193651433619228761e-04
2.849387010744665891e-04
8.580583315177196108e-05
2.721838721027965060e-04
6.909068733327423072e-05
2.029937242817432769e-04
2.822568549703292776e-04
1.049615915242299753e-04
1.758485619731922254e-04
2.795438151201882961e-04
4.318659627531712251e-05
2.207755486167752587e-04
1.338366255142825934e-04
1.515862855005627478e-04
1.221941615474877378e-04
1.250846807944741774e-04
2.720079673144416539e-04
1.546441879305487325e-04
8.716027233559239004e-05
1.862624902569403771e-04
4.985069049131419649e-05
1.213361732835065810e-04
1.446657545494004036e-04
6.810589276996368202e-05
8.212602805160550536e-05
6.764259636317523309e-05
2.102444490250057101e-04
1.779432747152345155e-04
7.680955412505632190e-05
1.169018986709738296e-04
1.466102046909998073e-04
1.968468473396436328e-04
1.160213366216344630e-04
4.525338399640502175e-05
1.048591890225311819e-04
2.834951604147323081e-05
1.343938434390542613e-04
1.470770556750362651e-04
6.338638939773975336e-05
8.818150811454622160e-05
3.055417398128970814e-05
1.997638090445897163e-05
2.730968475354254290e-05
2.288302071420478343e-05
4.607609030498546483e-05
3.378860210749563928e-05
4.845223377722846094e-05
8.836777533518101638e-05
3.712060368129556885e-05
2.088554856967098528e-04
5.259338009259991413e-05
1.741575048224460864e-05
1.594995317887110473e-05
3.222054235461341553e-05
4.801490817277368286e-05
2.463847103302945889e-05
3.114829171445271773e-05
5.084531189385370576e-05
1.310413587061295319e-05
2.772462215784569662e-05
3.006360020699060814e-05
1.169685736211606374e-05
1.331705635750717699e-05
4.774862283725641069e-05
1.142029296502210234e-04
3.675197459231853094e-05
6.168415447076297758e-05
1.576620509176945221e-05
1.385705520958785728e-05
3.111436325529609646e-05
1.122414075909119069e-05
1.167086888711352461e-04
3.226434417909896632e-05
3.663109579894452395e-05
1.361897562994290857e-05
8.578021341023523891e-06
3.394161338713063765e-07
1.644052868307635361e-07
5.447432566679165063e-04
