# conditioning on: None.
# p2freq: 0.0,0.000501,0.001,0.0025,0.005,0.01,0.02,0.03,0.04,0.05,0.06,0.07,0.08,0.09,0.1,0.11,0.12,0.13,0.14,0.15,0.16,0.17,0.18,0.19,0.2,0.21,0.22,0.23,0.24,0.25,0.26,0.27,0.28,0.29,0.3,0.31,0.32,0.33,0.34,0.35,0.36000000000000004,0.37,0.38,0.39,0.4,0.41,0.42000000000000004,0.43,0.44,0.45,0.46,0.47,0.48000000000000004,0.49,0.5,0.51,0.52,0.53,0.54,0.55,0.56,0.57,0.5800000000000001,0.59,0.6,0.61,0.62,0.63,0.64,0.65,0.66,0.67,0.68,0.69,0.7000000000000001,0.7100000000000001,0.72,0.73,0.74,0.75,0.76,0.77,0.78,0.79,0.8,0.81,0.82,0.8300000000000001,0.8400000000000001,0.85,0.86,0.87,0.88,0.89,0.9,0.91,0.92,0.93,0.94,0.9500000000000001,0.9600000000000001,0.97,0.98,0.99,0.9975,0.999,0.9995,1.0
8.448009550630102282e-01
6.147817474859325066e-05
7.889727484888003797e-05
2.183866758113091691e-04
3.314282660316186487e-04
8.196237872442103684e-04
1.389649338268506701e-03
1.261192687354437212e-03
1.313534793722301525e-03
1.099305846384434401e-03
1.318627004161652743e-03
1.201020271938773708e-03
1.220199992188552608e-03
1.279364376439671817e-03
1.176103925882113124e-03
1.189745509653962561e-03
1.507696375508025925e-03
1.426193575236329569e-03
1.466433012019922443e-03
1.298907431612156358e-03
1.165579947218301328e-03
1.163871666663728261e-03
1.029608074581143777e-03
1.189240522858792549e-03
9.549562136543475466e-04
1.111248345750671810e-03
1.268580451968206405e-03
1.420840844625871017e-03
1.127521747697703917e-03
1.091391990819897632e-03
1.237896487312080494e-03
1.195501573780319120e-03
1.187533529622820157e-03
1.188549203476438072e-03
1.105232984121209483e-03
1.292806072478663339e-03
1.161346920741608991e-03
1.172719182195427166e-03
1.084891260167875245e-03
1.240858497866437378e-03
1.187171639133193738e-03
1.121486929853185866e-03
8.980568027662735354e-04
1.272527312365811462e-03
1.206703701154231406e-03
1.084087852808514416e-03
1.015387173569168560e-03
1.201020978300154770e-03
1.183281712483295889e-03
1.009027696635222612e-03
1.184237058501054138e-03
1.084236189154963101e-03
1.115456441705220273e-03
9.585424494596586718e-04
1.127123765944306084e-03
1.167835541803805910e-03
1.003613085456129357e-03
1.097249268603081845e-03
1.274765171345358444e-03
9.901256744798535986e-04
1.127312437818055353e-03
1.201066374780653759e-03
1.098980482044518720e-03
1.046756388611574159e-03
1.034565809693157668e-03
8.160730396517673884e-04
8.748853663769196303e-04
1.136643993964332614e-03
1.138493693493719018e-03
1.151372645014695200e-03
1.006264703856734168e-03
9.329048085308941710e-04
9.897540304712277789e-04
9.386464899329814574e-04
9.679043727689128594e-04
1.027185554691579464e-03
9.485727066808826054e-04
9.283393200167160651e-04
9.831959894338578379e-04
8.745955645252810520e-04
9.604636766356727806e-04
8.528883997558387798e-04
9.021967834482900409e-04
9.106762270298767977e-04
8.655083546661131774e-04
9.522478358154795770e-04
9.724168466353610291e-04
8.869768258010981166e-04
8.402976923320377772e-04
9.193384293041115870e-04
1.024860453247445269e-03
8.222724009035503514e-04
8.009861203151040759e-04
7.591023972257280022e-04
8.035177411213332600e-04
8.593542890757001167e-04
9.311651944947130525e-04
7.802232869493083093e-04
8.483628270359632254e-04
8.696243717161525897e-04
9.894188219955846013e-04
8.943481775551636020e-04
7.273414451989456894e-04
8.381459279405989189e-04
6.205724225678337048e-04
1.049133609332080885e-04
4.503129507088194299e-05
4.796337927768067055e-02
