# conditioning on: None.
# p2freq: 0.0,0.000501,0.001,0.0025,0.005,0.01,0.02,0.03,0.04,0.05,0.06,0.07,0.08,0.09,0.1,0.11,0.12,0.13,0.14,0.15,0.16,0.17,0.18,0.19,0.2,0.21,0.22,0.23,0.24,0.25,0.26,0.27,0.28,0.29,0.3,0.31,0.32,0.33,0.34,0.35,0.36000000000000004,0.37,0.38,0.39,0.4,0.41,0.42000000000000004,0.43,0.44,0.45,0.46,0.47,0.48000000000000004,0.49,0.5,0.51,0.52,0.53,0.54,0.55,0.56,0.57,0.5800000000000001,0.59,0.6,0.61,0.62,0.63,0.64,0.65,0.66,0.67,0.68,0.69,0.7000000000000001,0.7100000000000001,0.72,0.73,0.74,0.75,0.76,0.77,0.78,0.79,0.8,0.81,0.82,0.8300000000000001,0.8400000000000001,0.85,0.86,0.87,0.88,0.89,0.9,0.91,0.92,0.93,0.94,0.9500000000000001,0.9600000000000001,0.97,0.98,0.99,0.9975,0.999,0.9995,1.0
9.823032527316504225e-01
8.469627919186832103e-06
3.577538998236078945e-06
1.143466107518459677e-04
4.617033567023247489e-05
2.407294365209832517e-04
3.174165036524523699e-04
1.896111141217364320e-04
2.914693534783980113e-04
4.128961320515233064e-04
1.521099652458999087e-04
3.310423204765096210e-04
5.826632260473800073e-04
1.962184009770416202e-04
2.634108432443568824e-04
2.167722682204399761e-04
2.168539322617619070e-04
3.248579565581948599e-04
2.699109920043151682e-04
1.500729041546322226e-04
2.188460056667407565e-04
2.048500456378102817e-04
3.490230347560615361e-04
1.804577198329270133e-04
2.035360963858023995e-04
2.353059985080469679e-04
1.790109884594058608e-04
2.879347545851600881e-04
1.359783406229280074e-04
1.403107046060791203e-04
1.655085062381928332e-04
1.873591265089717347e-04
1.438271117363284590e-04
1.121143160442077358e-04
1.690570681303445915e-04
1.182835328773960504e-04
1.686068158032883856e-04
1.349710690159325148e-04
9.949866353608271597e-05
7.030488155037662498e-05
1.964346576925093371e-04
1.400595670949373564e-04
1.787688812113493266e-04
2.593869391492106152e-04
2.534774543593766734e-04
1.836039688107357474e-04
9.413157314867859338e-05
1.218104767874236708e-04
9.010433987764726984e-05
1.906872013632063950e-04
2.488457772671433146e-04
6.026809904336973738e-05
1.334745903536750330e-04
7.261357175254818329e-05
1.386831185294838491e-04
2.328823995580642171e-04
1.089937824228004231e-04
1.600875470555429829e-04
1.868015152297290552e-04
8.539850919929280898e-05
1.395944134603661966e-04
7.794728570317610095e-05
8.682775139380854296e-05
6.561484033338303712e-05
8.979385771235479335e-05
5.478629240528448826e-05
4.297683310756488526e-05
2.257886798696836226e-04
1.082166156855681296e-04
9.449727201315672300e-05
1.035583471673867846e-04
5.550724213014657606e-05
9.060462770013935890e-05
1.020849532001983587e-04
6.020086271652976548e-05
1.390001479782144436e-04
5.905635606245049124e-05
7.141837836005482073e-05
1.218333346534823452e-04
1.750012713685249958e-04
2.653698608535152623e-04
8.527230309069726744e-05
1.900681481776667482e-04
2.252025877278072887e-04
1.553226574126509300e-04
1.504439253434060623e-04
6.455127178277522584e-05
6.137381346674239521e-05
1.101628263839098901e-04
1.277097384089524929e-04
9.826675572227239652e-05
1.331161584814168639e-04
1.050659803746842639e-04
1.104675713240019133e-04
5.032703125743895328e-05
1.292763223321701513e-04
4.536608439835502327e-05
4.715045027529513212e-05
5.988811931235541234e-05
7.144890752818267347e-05
5.878893410266488098e-05
5.383265663222244085e-05
8.935071012275202715e-05
2.470668817235227490e-04
6.566602861475664618e-05
8.523078330026849815e-06
3.345249259150970315e-06
1.950115640124800266e-03
