# conditioning on: None.
# p2freq: 0.0,7.77359921968137e-06,1.354719843936274e-05,3.386799609840685e-05,6.77359921968137e-05,0.0001354719843936274,0.010135471984393627,0.020135471984393628,0.030135471984393626,0.04013547198439363,0.05013547198439363,0.060135471984393625,0.07013547198439364,0.08013547198439362,0.09013547198439362,0.10013547198439363,0.11013547198439363,0.12013547198439363,0.13013547198439362,0.14013547198439366,0.15013547198439361,0.16013547198439362,0.17013547198439363,0.1801354719843936,0.19013547198439365,0.20013547198439363,0.2101354719843936,0.22013547198439362,0.23013547198439363,0.24013547198439364,0.2501354719843936,0.26013547198439363,0.27013547198439364,0.28013547198439365,0.2901354719843936,0.3001354719843936,0.3101354719843936,0.3201354719843936,0.33013547198439364,0.34013547198439364,0.35013547198439365,0.3601354719843936,0.3701354719843936,0.3801354719843936,0.39013547198439363,0.40013547198439364,0.41013547198439365,0.4201354719843936,0.4301354719843936,0.4401354719843936,0.4501354719843937,0.46013547198439364,0.4701354719843937,0.48013547198439366,0.49013547198439356,0.5001354719843937,0.5101354719843937,0.5201354719843936,0.5301354719843937,0.5401354719843936,0.5501354719843937,0.5601354719843937,0.5701354719843936,0.5801354719843936,0.5901354719843935,0.6001354719843937,0.6101354719843937,0.6201354719843936,0.6301354719843937,0.6401354719843936,0.6501354719843937,0.6601354719843937,0.6701354719843936,0.6801354719843937,0.6901354719843936,0.7001354719843936,0.7101354719843936,0.7201354719843935,0.7301354719843937,0.7401354719843936,0.7501354719843937,0.7601354719843937,0.7701354719843936,0.7801354719843937,0.7901354719843936,0.8001354719843937,0.8101354719843937,0.8201354719843936,0.8301354719843937,0.8401354719843935,0.8501354719843937,0.8601354719843937,0.8701354719843936,0.8801354719843937,0.8901354719843937,0.9001354719843937,0.9101354719843936,0.9201354719843936,0.9301354719843937,0.9401354719843937,0.9501354719843937,0.9601354719843936,0.9701354719843936,0.9801354719843935,0.9901354719843936,0.9999661320039016,0.9999864528015606,0.9999932264007804,1.0
5.587429135116739332e-01
3.827513315485167584e-05
0.000000000000000000e+00
1.723966450365212131e-05
1.759182211288035059e-04
2.669589253283024535e-04
4.531637614934262703e-02
3.317368162722253433e-02
2.812115964723390510e-02
2.170375706246422537e-02
1.919605518317453463e-02
1.681792706545677876e-02
1.459949495271501210e-02
1.305760217631749334e-02
1.218823786871913763e-02
1.109624348379825882e-02
8.927821392949338714e-03
8.611418858337719501e-03
8.714001927094906785e-03
7.520471563757043579e-03
6.864639263992729223e-03
6.332413599625764250e-03
5.839265143300408599e-03
5.606413075438272144e-03
5.291526100460294119e-03
4.770229670164710147e-03
4.339064354289227411e-03
4.681916469503957789e-03
4.252858250010102883e-03
4.314523130769968434e-03
3.985107172326766457e-03
3.644600610093449728e-03
3.529914487878679178e-03
3.355999018492535763e-03
3.368909357881744865e-03
3.394706287718792306e-03
3.187943879677615847e-03
3.138190747765526485e-03
2.952395116824040044e-03
2.837492390277133146e-03
2.806609572039047047e-03
2.774764888161280509e-03
2.586542527437156284e-03
2.718286392840662223e-03
2.424122569048458003e-03
2.407930595981864520e-03
2.447196347898467853e-03
2.322502134023450918e-03
2.280630525521689170e-03
2.204383766814165847e-03
2.234541329824813773e-03
2.008397758266200137e-03
2.089744003439471948e-03
2.057148451209672019e-03
1.961824236437022338e-03
1.951821273536262719e-03
1.839339558541627393e-03
1.895952122757668841e-03
1.798880754963650070e-03
1.866918599701420213e-03
1.724219065293436381e-03
1.846420249762096514e-03
1.659631780275317619e-03
1.786305212248993305e-03
1.611877172758966695e-03
1.673808259274916360e-03
1.531975908085458265e-03
1.587119773212749153e-03
1.473255375197857295e-03
1.420925268797316402e-03
1.496843817319586881e-03
1.457782010254546692e-03
1.516084705194931537e-03
1.455612089226974125e-03
1.497935760155038026e-03
1.414267506140488764e-03
1.343895221741301868e-03
1.296447369423621085e-03
1.225794064594807470e-03
1.293847257297899012e-03
1.252671958834011877e-03
1.241252387705126664e-03
1.258568326224071467e-03
1.194864314039979477e-03
1.178309116747765315e-03
1.249077758461055376e-03
1.190343007900195645e-03
1.156060287593541416e-03
1.130493068144661131e-03
1.089945733118602000e-03
1.059086102218824432e-03
1.096852420272068388e-03
1.094890419628775577e-03
1.084506775867222304e-03
1.077160760789926900e-03
1.029823901872678124e-03
1.133760037742459047e-03
1.069279491736728396e-03
1.036577844465632735e-03
1.020220467109660481e-03
1.004834511512635222e-03
1.005260755125970875e-03
9.550403383734725696e-04
9.745635611663337923e-04
9.342668849169301001e-04
8.891404335958163303e-04
1.070522637722219271e-06
0.000000000000000000e+00
2.626830996632892670e-03
