# conditioning on: None.
# p2freq: 0.0,7.77359921968137e-06,1.354719843936274e-05,3.386799609840685e-05,6.77359921968137e-05,0.0001354719843936274,0.010135471984393627,0.020135471984393628,0.030135471984393626,0.04013547198439363,0.05013547198439363,0.060135471984393625,0.07013547198439364,0.08013547198439362,0.09013547198439362,0.10013547198439363,0.11013547198439363,0.12013547198439363,0.13013547198439362,0.14013547198439366,0.15013547198439361,0.16013547198439362,0.17013547198439363,0.1801354719843936,0.19013547198439365,0.20013547198439363,0.2101354719843936,0.22013547198439362,0.23013547198439363,0.24013547198439364,0.2501354719843936,0.26013547198439363,0.27013547198439364,0.28013547198439365,0.2901354719843936,0.3001354719843936,0.3101354719843936,0.3201354719843936,0.33013547198439364,0.34013547198439364,0.35013547198439365,0.3601354719843936,0.3701354719843936,0.3801354719843936,0.39013547198439363,0.40013547198439364,0.41013547198439365,0.4201354719843936,0.4301354719843936,0.4401354719843936,0.4501354719843937,0.46013547198439364,0.4701354719843937,0.48013547198439366,0.49013547198439356,0.5001354719843937,0.5101354719843937,0.5201354719843936,0.5301354719843937,0.5401354719843936,0.5501354719843937,0.5601354719843937,0.5701354719843936,0.5801354719843936,0.5901354719843935,0.6001354719843937,0.6101354719843937,0.6201354719843936,0.6301354719843937,0.6401354719843936,0.6501354719843937,0.6601354719843937,0.6701354719843936,0.6801354719843937,0.6901354719843936,0.7001354719843936,0.7101354719843936,0.7201354719843935,0.7301354719843937,0.7401354719843936,0.7501354719843937,0.7601354719843937,0.7701354719843936,0.7801354719843937,0.7901354719843936,0.8001354719843937,0.8101354719843937,0.8201354719843936,0.8301354719843937,0.8401354719843935,0.8501354719843937,0.8601354719843937,0.8701354719843936,0.8801354719843937,0.8901354719843937,0.9001354719843937,0.9101354719843936,0.9201354719843936,0.9301354719843937,0.9401354719843937,0.9501354719843937,0.9601354719843936,0.9701354719843936,0.9801354719843935,0.9901354719843936,0.9999661320039016,0.9999864528015606,0.9999932264007804,1.0
3.972626972966857295e-01
0.000000000000000000e+00
0.000000000000000000e+00
4.234350684223191891e-05
7.923781234613315125e-05
1.798811591177566305e-04
1.731941325258184311e-02
1.431897503089650352e-02
1.454720413684847113e-02
1.246568991670414864e-02
1.201026220556925331e-02
1.209383629519983697e-02
9.326114447710559530e-03
9.014994090569449642e-03
8.731277860576848460e-03
8.439065506735590055e-03
7.814647470413649960e-03
7.530227926295171223e-03
6.352379756916264053e-03
6.026360030248508262e-03
5.461088895209523925e-03
5.621151505402609966e-03
5.195609417884572770e-03
5.178855764655657806e-03
4.991724634610962205e-03
4.938075818166981316e-03
4.539066311453079927e-03
4.696376073631070361e-03
4.042243217534156538e-03
4.289928326268397860e-03
4.083416995806146178e-03
3.864764136643560749e-03
3.779724978921058295e-03
3.890822055743445394e-03
3.655236141511885618e-03
3.460792644108128240e-03
3.746119015507910939e-03
3.564177692669839859e-03
3.100587080753843851e-03
3.009963198701067801e-03
3.238887212890181801e-03
3.210518753406007165e-03
3.053173922222551101e-03
3.084313147044220535e-03
2.989838203342373192e-03
3.181846435170482441e-03
3.216813402469129862e-03
2.852829279362915482e-03
3.039226542150622046e-03
3.094106636537219748e-03
2.933215920471021320e-03
3.124693993675157350e-03
2.876319564092319307e-03
2.799964072892397685e-03
2.825348984234042453e-03
2.944719780509643618e-03
2.910323219713634689e-03
2.761974244766734164e-03
2.947148267635176302e-03
2.832791483219142953e-03
2.825318292139360719e-03
2.936332792984175551e-03
2.929898471268241669e-03
2.987047716071119553e-03
2.940596773833643179e-03
3.121271396244957967e-03
3.032468223278036654e-03
3.222209558250378834e-03
2.919732036831947184e-03
3.131096013748752883e-03
2.860603889958420951e-03
3.208561179283255741e-03
3.022498633115411858e-03
3.267036011395029090e-03
3.400423080384728895e-03
3.286753904117751483e-03
3.316496271306246940e-03
3.477285405582142622e-03
3.346866726647298312e-03
3.651650821017833354e-03
3.623880062993363894e-03
3.932533227876510405e-03
4.132137797282265518e-03
4.026412007980399374e-03
4.151155864551610113e-03
4.472310120124296969e-03
4.476800343734512605e-03
4.769697231458338432e-03
4.742145950629500159e-03
4.962231405322469271e-03
5.273016224625218761e-03
5.660888880230927414e-03
5.733157933588890233e-03
6.279735125011591187e-03
6.713880012852620205e-03
7.230896431493811713e-03
7.845568942117615505e-03
8.379273460811421589e-03
8.806032838820160996e-03
1.038784156754799654e-02
1.140482204667630020e-02
1.225244354714249279e-02
1.420749917706535734e-02
1.537761026027734818e-02
1.840935691931391491e-02
2.087774732881514730e-02
6.060686454917906863e-05
0.000000000000000000e+00
4.034378655640108446e-02
