# conditioning on: None.
# p2freq: 0.0,7.77359921968137e-06,1.354719843936274e-05,3.386799609840685e-05,6.77359921968137e-05,0.0001354719843936274,0.010135471984393627,0.020135471984393628,0.030135471984393626,0.04013547198439363,0.05013547198439363,0.060135471984393625,0.07013547198439364,0.08013547198439362,0.09013547198439362,0.10013547198439363,0.11013547198439363,0.12013547198439363,0.13013547198439362,0.14013547198439366,0.15013547198439361,0.16013547198439362,0.17013547198439363,0.1801354719843936,0.19013547198439365,0.20013547198439363,0.2101354719843936,0.22013547198439362,0.23013547198439363,0.24013547198439364,0.2501354719843936,0.26013547198439363,0.27013547198439364,0.28013547198439365,0.2901354719843936,0.3001354719843936,0.3101354719843936,0.3201354719843936,0.33013547198439364,0.34013547198439364,0.35013547198439365,0.3601354719843936,0.3701354719843936,0.3801354719843936,0.39013547198439363,0.40013547198439364,0.41013547198439365,0.4201354719843936,0.4301354719843936,0.4401354719843936,0.4501354719843937,0.46013547198439364,0.4701354719843937,0.48013547198439366,0.49013547198439356,0.5001354719843937,0.5101354719843937,0.5201354719843936,0.5301354719843937,0.5401354719843936,0.5501354719843937,0.5601354719843937,0.5701354719843936,0.5801354719843936,0.5901354719843935,0.6001354719843937,0.6101354719843937,0.6201354719843936,0.6301354719843937,0.6401354719843936,0.6501354719843937,0.6601354719843937,0.6701354719843936,0.6801354719843937,0.6901354719843936,0.7001354719843936,0.7101354719843936,0.7201354719843935,0.7301354719843937,0.7401354719843936,0.7501354719843937,0.7601354719843937,0.7701354719843936,0.7801354719843937,0.7901354719843936,0.8001354719843937,0.8101354719843937,0.8201354719843936,0.8301354719843937,0.8401354719843935,0.8501354719843937,0.8601354719843937,0.8701354719843936,0.8801354719843937,0.8901354719843937,0.9001354719843937,0.9101354719843936,0.9201354719843936,0.9301354719843937,0.9401354719843937,0.9501354719843937,0.9601354719843936,0.9701354719843936,0.9801354719843935,0.9901354719843936,0.9999661320039016,0.9999864528015606,0.9999932264007804,1.0
8.384662843843615487e-01
1.522804174153172621e-04
0.000000000000000000e+00
2.212937258605780343e-04
1.499275984167294210e-04
4.706505149816762011e-04
6.676466937315110595e-02
3.645520503426807890e-02
2.258960426133707275e-02
1.158389119469694153e-02
7.816771851355401243e-03
5.319222030012627986e-03
3.221511527938498293e-03
2.125862382014067145e-03
1.466408026636561220e-03
9.220992919272851971e-04
6.450699136252163474e-04
4.622141523574907354e-04
3.559855612524024781e-04
2.316033162020541083e-04
1.435677007509136654e-04
1.266775892688974106e-04
1.114869541752119559e-04
5.233982698717160173e-05
3.217469114214136205e-05
2.411795118398429866e-05
1.924682143300181035e-05
1.419942055625546723e-05
1.341158897661852493e-05
1.216647212262156611e-05
6.566165429060436412e-06
5.630447112136906070e-06
4.548867024865397044e-06
2.726258485354168740e-06
2.751329320682180724e-06
1.860003075424471308e-06
1.352192391824743889e-06
7.441815557273771688e-07
8.339092441780479580e-07
7.622368095213346906e-07
4.650262075140969935e-07
3.129820525102519788e-07
2.803420203319130927e-07
2.416920024040438730e-07
1.772470610929806944e-07
1.690692331528537011e-07
1.235949048079399003e-07
9.441815770681879833e-08
6.843076993526357331e-08
6.919471808326009748e-08
4.157558155624624857e-08
4.465316790536330853e-08
3.448981217522810736e-08
2.439008702918889760e-08
2.991976175111318847e-08
1.821498781990284639e-08
1.063931638232144478e-08
1.231799618634287450e-08
9.877677422208981110e-09
6.966788514938935657e-09
5.823873266792401578e-09
4.926631817904347654e-09
4.837268649925450523e-09
4.058810892993009533e-09
3.640198402198318307e-09
3.521404265022181814e-09
2.488496198457919307e-09
2.168393656858047463e-09
1.606914715035943272e-09
1.532963805533548392e-09
1.196387678857814582e-09
1.019159421022849282e-09
8.402775876494096779e-10
9.220501435688129937e-10
7.458474873625338416e-10
7.243973588863949965e-10
5.623234979535285469e-10
4.876898538507385974e-10
4.870610142844997760e-10
4.318969773266013911e-10
5.330259834834294574e-10
3.276350187994213347e-10
3.161780100521517364e-10
2.723496238530249828e-10
2.087542940813730528e-10
1.963380104264048257e-10
2.097624330390247368e-10
1.682955957537949579e-10
1.730212640112932837e-10
1.376241505315266324e-10
1.159030190346924974e-10
1.069799278928101612e-10
9.588499935527971442e-11
9.206749402918467624e-11
9.675579335848883800e-11
6.818140531936805689e-11
7.317518674342547304e-11
6.838666468864677769e-11
5.979485410742977681e-11
4.991955298992247253e-11
5.145416315169920502e-11
4.892627567983575172e-11
4.209020000936020711e-11
3.741520551536424000e-11
3.606424532583568836e-11
3.587018351041789446e-11
7.727166639845111723e-14
1.448157071852989632e-13
1.487169945275994092e-10
