# conditioning on: None.
# p1freq: 0.0,5.1e-05,0.0001,0.00025,0.0005,0.001,0.011,0.021,0.031,0.041,0.051,0.061,0.07100000000000001,0.081,0.091,0.101,0.111,0.121,0.131,0.14100000000000001,0.151,0.161,0.171,0.181,0.191,0.201,0.211,0.221,0.231,0.241,0.251,0.261,0.271,0.281,0.291,0.301,0.311,0.321,0.331,0.341,0.35100000000000003,0.361,0.371,0.381,0.391,0.401,0.411,0.421,0.431,0.441,0.451,0.461,0.471,0.481,0.491,0.501,0.511,0.521,0.531,0.541,0.551,0.561,0.5710000000000001,0.581,0.591,0.601,0.611,0.621,0.631,0.641,0.651,0.661,0.671,0.681,0.6910000000000001,0.7010000000000001,0.711,0.721,0.731,0.741,0.751,0.761,0.771,0.781,0.791,0.801,0.811,0.821,0.831,0.841,0.851,0.861,0.871,0.881,0.891,0.901,0.911,0.921,0.931,0.941,0.951,0.961,0.971,0.981,0.991,0.99975,0.9999,0.99995,1.0
9.175483935641204347e-01
5.474004501510120575e-05
1.421713103464472354e-04
4.391818293325130051e-04
7.144604572940946134e-04
1.082730661258003929e-03
1.698792351466059392e-02
1.365625478928144884e-02
1.048502634285724579e-02
7.776914860539996255e-03
6.176638441434014262e-03
5.856344631964034361e-03
4.425325274667968843e-03
3.188519794034782272e-03
2.201014489481845950e-03
1.989562272994366103e-03
1.789461545517417266e-03
1.026333665714730670e-03
1.055664609075017846e-03
8.079909851304057115e-04
4.927449991119353667e-04
3.401950706301298420e-04
3.460167538059143785e-04
2.385120274863062229e-04
2.088405619813998783e-04
1.609880999812778523e-04
1.607653196432034767e-04
1.489663236325414707e-04
6.659658184591526358e-05
6.987386153051682166e-05
7.197552173894574920e-05
4.004184425410239006e-05
7.335921457024454761e-05
3.057164930731504364e-05
4.105374742970334953e-05
1.181709907753618101e-05
2.067180804209283753e-05
4.850723123591110533e-06
4.761687920789313465e-06
1.929677104292036423e-05
5.114853802348392975e-06
7.748410815522043514e-06
7.546602954872081624e-06
2.205866174798860738e-06
5.660127119442268975e-06
4.671329196412173951e-06
1.789056321558357133e-06
4.586657611505180119e-07
1.944647729110935700e-06
9.868741197884848204e-07
8.185853217287742245e-07
1.875818023283735867e-06
6.874680853141240109e-07
2.617997571521147761e-07
2.275673541184360932e-07
1.549236801436368780e-07
3.849596749770093153e-07
1.042397565681788755e-07
7.714938319311206164e-08
1.934166502280943972e-07
4.408321529591003115e-08
9.268732007695988910e-08
9.086137861502336054e-08
2.322837806280786957e-08
4.668991853341813515e-08
4.149148315681198629e-08
4.285776937538929391e-08
1.826722534886156680e-08
1.711675323581772893e-08
2.595912782474011062e-08
9.688294162430698946e-09
2.051311002855451143e-08
5.001286347574577278e-09
1.362746146716731889e-08
7.516921818215385924e-09
3.289997322019298077e-09
7.402299238144261131e-09
3.155810399639550058e-09
3.435647054890521025e-09
1.362469570946996585e-09
1.883496128996713345e-09
4.809581801285966833e-09
1.304352938996361719e-09
1.023458409869509621e-09
6.070860908543394067e-10
1.093226678233245252e-09
7.005555704979695763e-10
9.015266392960405668e-10
4.003974661162383205e-10
4.868753123810997485e-10
3.584338654958848237e-10
3.181894568283082775e-10
2.414643249894029323e-10
5.043640734436267556e-10
2.496299421750659270e-10
1.605361267182778342e-10
1.591929113084240902e-10
3.368108344387386144e-10
1.780696882557751147e-10
1.275807041726753032e-10
1.011085292613926902e-10
9.646735744910837884e-11
8.352884024438487413e-11
8.330936466544117539e-11
5.654685482657224162e-11
4.877095393279110165e-11
3.652710861307834814e-13
0.000000000000000000e+00
3.366481916108884612e-10
