# conditioning on: None.
# p1freq: 0.0,5.1e-05,0.0001,0.00025,0.0005,0.001,0.011,0.021,0.031,0.041,0.051,0.061,0.07100000000000001,0.081,0.091,0.101,0.111,0.121,0.131,0.14100000000000001,0.151,0.161,0.171,0.181,0.191,0.201,0.211,0.221,0.231,0.241,0.251,0.261,0.271,0.281,0.291,0.301,0.311,0.321,0.331,0.341,0.35100000000000003,0.361,0.371,0.381,0.391,0.401,0.411,0.421,0.431,0.441,0.451,0.461,0.471,0.481,0.491,0.501,0.511,0.521,0.531,0.541,0.551,0.561,0.5710000000000001,0.581,0.591,0.601,0.611,0.621,0.631,0.641,0.651,0.661,0.671,0.681,0.6910000000000001,0.7010000000000001,0.711,0.721,0.731,0.741,0.751,0.761,0.771,0.781,0.791,0.801,0.811,0.821,0.831,0.841,0.851,0.861,0.871,0.881,0.891,0.901,0.911,0.921,0.931,0.941,0.951,0.961,0.971,0.981,0.991,0.99975,0.9999,0.99995,1.0
4.526462936177785834e-01
5.727225534895264346e-06
2.787378210628110815e-05
5.492076796159214163e-05
2.115002058365257934e-04
3.563916553761877371e-04
9.226775249362269976e-03
8.271614537720182667e-03
9.259208840598321527e-03
7.801264474161517803e-03
7.331682587143094516e-03
6.838299357990608451e-03
6.493769773612060626e-03
6.452244001178653737e-03
6.539696376427336574e-03
5.869203904619982141e-03
5.518917407070360846e-03
5.967906476702952538e-03
5.277447349143794819e-03
5.381293981803571269e-03
4.939032416028388273e-03
4.330423501448414821e-03
4.903622876763396102e-03
4.070282887720430738e-03
4.677697820186859159e-03
4.202297669765879713e-03
4.748629031815902214e-03
3.933056848404498443e-03
4.139561238211835609e-03
3.966469253903004769e-03
3.722957342466900587e-03
3.708687788143982377e-03
4.191353754240531235e-03
3.843063689178138030e-03
3.475366505176933837e-03
3.337945755453980770e-03
3.414565605109739707e-03
3.338910308575027998e-03
3.207355738397611126e-03
3.360653163187167676e-03
3.203063244806186524e-03
3.255103009397145898e-03
3.082077393900567452e-03
3.130116943591297607e-03
2.879964564739726385e-03
2.995535464074240532e-03
2.925726584298131601e-03
3.028816188846605167e-03
2.995392973595127628e-03
3.312321671347396093e-03
2.834519994203401217e-03
2.820079468824998430e-03
2.857120352831323505e-03
2.832457750074783565e-03
2.947988124030129393e-03
2.791112478370059817e-03
2.813511255918178886e-03
2.933401813792463082e-03
2.673002829504877824e-03
2.800366257203084665e-03
3.054982523916473930e-03
2.960833920352457828e-03
2.938890123310426532e-03
2.918101337943655466e-03
2.902287929496015235e-03
2.994738446354013039e-03
2.926070463650097715e-03
2.976526575018047238e-03
2.973034157733467180e-03
3.244676506888572072e-03
3.262452762423600269e-03
3.289483480917423236e-03
3.105537623337816487e-03
3.268777868307582574e-03
3.371184402194136228e-03
3.436997495504812324e-03
3.495272789708049610e-03
3.466729591452359736e-03
3.603748038510407037e-03
3.442906511735839385e-03
3.818042435816090471e-03
3.833429331113363467e-03
3.952441302629689651e-03
4.089693974707998489e-03
4.289689156855453281e-03
4.397984171247466476e-03
4.268433830447201753e-03
4.584182346728386467e-03
4.775740554135900033e-03
5.075123972400697250e-03
5.298555155540183095e-03
5.427504806480456731e-03
5.336049083227900960e-03
5.840275858976499979e-03
6.256228478456157469e-03
6.473393917438059579e-03
6.773036059143993162e-03
7.608645133594444353e-03
7.618467279139014281e-03
8.374045142830500998e-03
9.144437575626409437e-03
9.728843172257958805e-03
1.071995143689159248e-02
1.119712045070836784e-02
1.148332215327361669e-02
1.179673145615277308e-02
1.847908995664126770e-04
5.607401517750633168e-05
7.580889117102343477e-02
