# conditioning on: None.
# p2freq: 0.0,7.77359921968137e-06,1.354719843936274e-05,3.386799609840685e-05,6.77359921968137e-05,0.0001354719843936274,0.010135471984393627,0.020135471984393628,0.030135471984393626,0.04013547198439363,0.05013547198439363,0.060135471984393625,0.07013547198439364,0.08013547198439362,0.09013547198439362,0.10013547198439363,0.11013547198439363,0.12013547198439363,0.13013547198439362,0.14013547198439366,0.15013547198439361,0.16013547198439362,0.17013547198439363,0.1801354719843936,0.19013547198439365,0.20013547198439363,0.2101354719843936,0.22013547198439362,0.23013547198439363,0.24013547198439364,0.2501354719843936,0.26013547198439363,0.27013547198439364,0.28013547198439365,0.2901354719843936,0.3001354719843936,0.3101354719843936,0.3201354719843936,0.33013547198439364,0.34013547198439364,0.35013547198439365,0.3601354719843936,0.3701354719843936,0.3801354719843936,0.39013547198439363,0.40013547198439364,0.41013547198439365,0.4201354719843936,0.4301354719843936,0.4401354719843936,0.4501354719843937,0.46013547198439364,0.4701354719843937,0.48013547198439366,0.49013547198439356,0.5001354719843937,0.5101354719843937,0.5201354719843936,0.5301354719843937,0.5401354719843936,0.5501354719843937,0.5601354719843937,0.5701354719843936,0.5801354719843936,0.5901354719843935,0.6001354719843937,0.6101354719843937,0.6201354719843936,0.6301354719843937,0.6401354719843936,0.6501354719843937,0.6601354719843937,0.6701354719843936,0.6801354719843937,0.6901354719843936,0.7001354719843936,0.7101354719843936,0.7201354719843935,0.7301354719843937,0.7401354719843936,0.7501354719843937,0.7601354719843937,0.7701354719843936,0.7801354719843937,0.7901354719843936,0.8001354719843937,0.8101354719843937,0.8201354719843936,0.8301354719843937,0.8401354719843935,0.8501354719843937,0.8601354719843937,0.8701354719843936,0.8801354719843937,0.8901354719843937,0.9001354719843937,0.9101354719843936,0.9201354719843936,0.9301354719843937,0.9401354719843937,0.9501354719843937,0.9601354719843936,0.9701354719843936,0.9801354719843935,0.9901354719843936,0.9999661320039016,0.9999864528015606,0.9999932264007804,1.0
8.283350589903430983e-01
3.926337823775638916e-05
0.000000000000000000e+00
1.322171601930605697e-04
2.279141163776853885e-04
5.507099902923743911e-04
6.299520236221844982e-02
3.901098116604125726e-02
2.310451207084075059e-02
1.200133624846123209e-02
1.010325024624319015e-02
5.603890128849682919e-03
4.175184517197973871e-03
2.821397077949214585e-03
2.186295900215781685e-03
1.580713803103987042e-03
1.031376533134896554e-03
9.824879947441080355e-04
7.058260944529470924e-04
5.538416989341002784e-04
4.019149150199781504e-04
3.499504421168724857e-04
2.706073769465149287e-04
2.517014385525404821e-04
2.079059803102466708e-04
2.162042206675895127e-04
1.600220880197504851e-04
1.077901305065383117e-04
1.092964576308400884e-04
1.140828781933058594e-04
9.943637226655582611e-05
7.517132468900201915e-05
7.997272358657864786e-05
7.464473994554258129e-05
6.311735507684077245e-05
5.163537548233687613e-05
5.430905031573646561e-05
4.269907918941227615e-05
4.088595969921756887e-05
3.667382091758997437e-05
3.614364703797952002e-05
2.853726024792222643e-05
2.776652080757456852e-05
2.543169515635648712e-05
2.670353706530707432e-05
2.200342332560650515e-05
2.351867307517892605e-05
2.276049016006854520e-05
2.072123122138255606e-05
1.868484093811325199e-05
1.899513459594411125e-05
1.656822039866803341e-05
1.678090732329401034e-05
1.652349885098561275e-05
1.505307820093286411e-05
1.387394335705545345e-05
1.458914439435923059e-05
1.383338881839226209e-05
1.334156220374675577e-05
1.188992551740581475e-05
1.241588903435716989e-05
1.172411056500715680e-05
1.167076481905994335e-05
1.130367192794545330e-05
1.116221368677704974e-05
1.016186069429470986e-05
1.091279169025089123e-05
9.849201320269723449e-06
9.500389000942284804e-06
9.823179574316138156e-06
9.524094467871116156e-06
9.364814056432300054e-06
1.011056522104533338e-05
9.415710258021847581e-06
9.195800839699279361e-06
8.860500271841583079e-06
9.539545448230904998e-06
8.713710980875054193e-06
9.702762173617980401e-06
9.347100050306439385e-06
8.805876994824794968e-06
8.964952305176922975e-06
9.431011913811010661e-06
9.537165618021457397e-06
9.884911712984559897e-06
9.834634036005353297e-06
9.532763099023515007e-06
9.497545089331487715e-06
1.003710722179772361e-05
1.008821130103616794e-05
1.039017294127541621e-05
1.106746385617610629e-05
1.074825178948771013e-05
1.171700432611142764e-05
1.196827665215593776e-05
1.325905526983929623e-05
1.393814564448860544e-05
1.392434692639570330e-05
1.560070598320686470e-05
1.648904979520119353e-05
1.902098381934627251e-05
2.029585166081201780e-05
2.299471146537002700e-05
2.598649250175897788e-05
2.921337968547889168e-05
3.513566006332656869e-05
9.063733836277786001e-08
2.735270577203873005e-08
6.701827254138781516e-05
