# conditioning on: None.
# p1freq: 0.0,5.1e-05,0.0001,0.00025,0.0005,0.001,0.011,0.021,0.031,0.041,0.051,0.061,0.07100000000000001,0.081,0.091,0.101,0.111,0.121,0.131,0.14100000000000001,0.151,0.161,0.171,0.181,0.191,0.201,0.211,0.221,0.231,0.241,0.251,0.261,0.271,0.281,0.291,0.301,0.311,0.321,0.331,0.341,0.35100000000000003,0.361,0.371,0.381,0.391,0.401,0.411,0.421,0.431,0.441,0.451,0.461,0.471,0.481,0.491,0.501,0.511,0.521,0.531,0.541,0.551,0.561,0.5710000000000001,0.581,0.591,0.601,0.611,0.621,0.631,0.641,0.651,0.661,0.671,0.681,0.6910000000000001,0.7010000000000001,0.711,0.721,0.731,0.741,0.751,0.761,0.771,0.781,0.791,0.801,0.811,0.821,0.831,0.841,0.851,0.861,0.871,0.881,0.891,0.901,0.911,0.921,0.931,0.941,0.951,0.961,0.971,0.981,0.991,0.99975,0.9999,0.99995,1.0
9.089726458770772677e-01
3.162058449398622299e-05
1.662690698971139519e-04
1.940862470172729538e-04
5.856936272249477389e-04
9.550414169360305202e-04
1.629660854129280634e-02
1.247203947211722799e-02
1.094738093778933885e-02
9.586131546639817952e-03
6.565499666511542820e-03
4.823732492663265932e-03
4.570972444166364682e-03
3.757067607557533148e-03
2.933792135650894334e-03
2.575648207868504354e-03
1.873433770928684041e-03
1.475040354028312687e-03
1.717299567570857105e-03
9.640257519212881189e-04
1.168627018517980325e-03
1.259834375275588423e-03
9.704494412552424872e-04
6.912510054690895224e-04
5.613925428432035153e-04
4.213604324148831066e-04
2.589143869295241823e-04
3.079204686415676568e-04
2.076150251039976806e-04
2.394481808463402514e-04
1.493406374992082382e-04
1.399353613319881688e-04
1.391170378855167619e-04
1.128986975464134010e-04
1.107989875665654224e-04
1.179922765013864346e-04
8.800164672139926584e-05
7.914401017164071053e-05
6.650272155149447855e-05
7.411170323022196142e-05
6.616734665226061286e-05
5.086141877101740843e-05
4.649460169662170497e-05
5.584415996917802992e-05
4.165082478395732769e-05
4.506179739547144439e-05
5.883230344365526201e-05
3.048272406259004041e-05
3.183534076742164127e-05
2.886181861503129176e-05
2.659328877271035520e-05
2.286059766103214661e-05
2.232494498738536880e-05
2.871225029052793302e-05
1.918688040872714573e-05
1.935183554937362543e-05
1.789346332604298441e-05
2.055196320394647329e-05
1.765833873795019161e-05
1.685986404489250818e-05
1.531505012138003989e-05
1.518603672510474503e-05
1.426468213269555123e-05
1.606460523015520525e-05
1.341479295535866492e-05
1.177286448338520304e-05
1.322234475234966382e-05
1.265436652353409083e-05
1.141180604769638239e-05
1.153073031716599152e-05
1.073559404752687596e-05
1.128363518656477383e-05
1.151221028035102792e-05
1.049648558570419346e-05
1.118138317957654258e-05
1.011605351830491975e-05
1.002969821472039682e-05
1.023285939687938747e-05
9.434711324155754597e-06
9.674707144502241797e-06
1.070683182369707980e-05
9.923856481757745482e-06
9.526806268275979714e-06
1.003888744204810862e-05
9.621907339485375065e-06
1.025410719482274115e-05
1.053980271809025241e-05
1.013152492531231883e-05
1.049138107243964058e-05
1.086406846937403340e-05
1.088828734017193141e-05
1.124112627588719709e-05
1.056230078434454247e-05
1.168888664166022845e-05
1.183799374716515223e-05
1.271909546161690792e-05
1.260659208311026665e-05
1.357503277219830007e-05
1.457807929400237241e-05
1.459067685149119007e-05
1.558578688577613004e-05
1.670771822404349278e-05
1.807528354292499829e-05
1.957312515855437867e-05
2.026400615342799141e-05
1.988991275346255953e-05
3.379284646338134686e-07
1.976119046799292076e-07
1.266757249623755614e-04
