# conditioning on: None.
# p2freq: 0.0,1.9537055574092613e-05,3.7074111148185224e-05,9.268527787046306e-05,0.00018537055574092612,0.00037074111148185224,0.010370741111481853,0.020370741111481853,0.03037074111148185,0.04037074111148185,0.050370741111481855,0.06037074111148185,0.07037074111148185,0.08037074111148186,0.09037074111148184,0.10037074111148186,0.11037074111148186,0.12037074111148184,0.13037074111148186,0.14037074111148187,0.15037074111148185,0.16037074111148186,0.17037074111148187,0.18037074111148182,0.19037074111148186,0.20037074111148187,0.21037074111148185,0.22037074111148186,0.23037074111148184,0.24037074111148182,0.25037074111148183,0.2603707411114819,0.27037074111148185,0.28037074111148186,0.2903707411114818,0.3003707411114818,0.31037074111148183,0.3203707411114819,0.33037074111148185,0.3403707411114819,0.3503707411114819,0.3603707411114818,0.3703707411114819,0.38037074111148184,0.3903707411114819,0.40037074111148185,0.41037074111148186,0.42037074111148187,0.4303707411114818,0.4403707411114819,0.45037074111148184,0.46037074111148185,0.4703707411114819,0.4803707411114818,0.4903707411114819,0.5003707411114818,0.5103707411114818,0.5203707411114818,0.5303707411114819,0.5403707411114819,0.5503707411114819,0.5603707411114819,0.5703707411114819,0.5803707411114818,0.5903707411114818,0.6003707411114818,0.6103707411114818,0.6203707411114818,0.630370741111482,0.6403707411114818,0.6503707411114819,0.6603707411114819,0.6703707411114819,0.680370741111482,0.690370741111482,0.7003707411114819,0.7103707411114818,0.7203707411114818,0.7303707411114819,0.7403707411114818,0.7503707411114818,0.7603707411114818,0.7703707411114818,0.780370741111482,0.7903707411114819,0.8003707411114819,0.8103707411114819,0.8203707411114819,0.8303707411114819,0.8403707411114818,0.8503707411114818,0.8603707411114818,0.8703707411114818,0.880370741111482,0.8903707411114818,0.9003707411114819,0.9103707411114819,0.9203707411114819,0.930370741111482,0.940370741111482,0.9503707411114819,0.9603707411114818,0.9703707411114818,0.9803707411114819,0.9903707411114818,0.9999073147221296,0.9999629258888518,0.9999814629444259,1.0
9.912704986724593104e-01
1.194460331945801411e-03
5.064931265916342061e-04
8.298850618721222670e-04
6.722067115335783214e-04
6.816114666603814969e-04
2.798388707505256815e-03
3.842744282625597339e-04
2.000332666047979042e-04
1.327918552466570464e-04
9.921880388495510122e-05
7.888591781741264848e-05
6.563603834429829697e-05
5.602459688070421585e-05
4.902116439116692914e-05
4.342838760529762175e-05
3.912261687167573867e-05
3.547299582196602736e-05
3.250186198876636176e-05
3.004855120900603861e-05
2.785171648729281322e-05
2.604540800087669426e-05
2.437749741872050879e-05
2.299290090181840270e-05
2.168577420078234374e-05
2.059400932526492177e-05
1.953884087181270243e-05
1.865378059723169554e-05
1.778340833673786525e-05
1.705156177196490421e-05
1.632083989926188107e-05
1.567904846977565147e-05
1.511293378930568766e-05
1.453459704983103962e-05
1.404933853319368278e-05
1.354703279385919540e-05
1.312654453202259438e-05
1.268583928167584275e-05
1.231787395079170051e-05
1.192739738622373272e-05
1.160392166701019734e-05
1.125610613166729595e-05
1.096812039745089538e-05
1.065594100755032081e-05
1.037951802206522561e-05
1.013563236601620870e-05
9.867188244592991114e-06
9.647425820678572720e-06
9.403118495701262477e-06
9.204140292605800231e-06
8.980780749826239133e-06
8.799833305494884098e-06
8.594772976923555256e-06
8.429566904614465601e-06
8.240598907653370601e-06
8.089181443486535841e-06
7.914450427332257197e-06
7.761051702005375731e-06
7.627455858157434618e-06
7.471133296169648844e-06
7.347758236212188417e-06
7.202099486951152016e-06
7.087845234773739722e-06
6.951765852270790808e-06
6.845691732071319777e-06
6.718251673425672215e-06
6.619540511976774673e-06
6.499918705981832100e-06
6.396085205517205158e-06
6.307109164510930201e-06
6.197867134470141386e-06
6.114652047307955231e-06
6.011203794269989356e-06
5.933485767389920353e-06
5.836187087558046884e-06
5.762961128356161418e-06
5.670759141940186982e-06
5.601883280284452311e-06
5.514445822930625439e-06
5.449571592606178028e-06
5.366521332698827674e-06
5.295190757721017278e-06
5.235791724367175192e-06
5.158932344189157147e-06
5.102794243074887937e-06
5.029359427453408231e-06
4.976156135075103566e-06
4.905746283552716700e-06
4.855188419597175311e-06
4.788490820576389962e-06
4.740780507250933627e-06
4.676764644218031279e-06
4.630743533032841827e-06
4.569601102371225977e-06
4.518310268851051256e-06
4.476152909279927217e-06
4.417978594876886571e-06
4.378273070472080269e-06
4.322953648038042307e-06
4.284238930573276951e-06
4.231614704568840476e-06
4.194344138650773334e-06
4.143706478932242577e-06
4.108156821114034216e-06
4.058514754299740532e-06
3.833610799654765701e-06
2.088873470840907752e-08
6.060413650516557426e-09
1.269320674345070991e-05
