# conditioning on: None.
# p2freq: 0.0,1.9537055574092613e-05,3.7074111148185224e-05,9.268527787046306e-05,0.00018537055574092612,0.00037074111148185224,0.010370741111481853,0.020370741111481853,0.03037074111148185,0.04037074111148185,0.050370741111481855,0.06037074111148185,0.07037074111148185,0.08037074111148186,0.09037074111148184,0.10037074111148186,0.11037074111148186,0.12037074111148184,0.13037074111148186,0.14037074111148187,0.15037074111148185,0.16037074111148186,0.17037074111148187,0.18037074111148182,0.19037074111148186,0.20037074111148187,0.21037074111148185,0.22037074111148186,0.23037074111148184,0.24037074111148182,0.25037074111148183,0.2603707411114819,0.27037074111148185,0.28037074111148186,0.2903707411114818,0.3003707411114818,0.31037074111148183,0.3203707411114819,0.33037074111148185,0.3403707411114819,0.3503707411114819,0.3603707411114818,0.3703707411114819,0.38037074111148184,0.3903707411114819,0.40037074111148185,0.41037074111148186,0.42037074111148187,0.4303707411114818,0.4403707411114819,0.45037074111148184,0.46037074111148185,0.4703707411114819,0.4803707411114818,0.4903707411114819,0.5003707411114818,0.5103707411114818,0.5203707411114818,0.5303707411114819,0.5403707411114819,0.5503707411114819,0.5603707411114819,0.5703707411114819,0.5803707411114818,0.5903707411114818,0.6003707411114818,0.6103707411114818,0.6203707411114818,0.630370741111482,0.6403707411114818,0.6503707411114819,0.6603707411114819,0.6703707411114819,0.680370741111482,0.690370741111482,0.7003707411114819,0.7103707411114818,0.7203707411114818,0.7303707411114819,0.7403707411114818,0.7503707411114818,0.7603707411114818,0.7703707411114818,0.780370741111482,0.7903707411114819,0.8003707411114819,0.8103707411114819,0.8203707411114819,0.8303707411114819,0.8403707411114818,0.8503707411114818,0.8603707411114818,0.8703707411114818,0.880370741111482,0.8903707411114818,0.9003707411114819,0.9103707411114819,0.9203707411114819,0.930370741111482,0.940370741111482,0.9503707411114819,0.9603707411114818,0.9703707411114818,0.9803707411114819,0.9903707411114818,0.9999073147221296,0.9999629258888518,0.9999814629444259,1.0
9.893122833220958645e-01
1.192479130001308091e-03
5.057540825269883590e-04
8.290661138853758954e-04
6.721751999885424442e-04
6.827273471575338913e-04
2.864844298140560488e-03
4.178772472692702557e-04
2.214927589836091968e-04
1.482954917023187832e-04
1.114663131405297752e-04
8.913962290810427652e-05
7.464211931844055262e-05
6.415903195763077605e-05
5.656618650330996794e-05
5.051278714224355712e-05
4.587885540686026430e-05
4.195059621930877680e-05
3.876660905574664715e-05
3.615124082846646938e-05
3.380335282557315508e-05
3.189484492529420269e-05
3.012573526389831312e-05
2.868062337926235034e-05
2.730880524660130862e-05
2.618950157679617575e-05
2.509972099630061447e-05
2.421322536959368086e-05
2.333219797649295650e-05
2.262048056006158976e-05
2.189831851171200315e-05
2.128449508106328473e-05
2.076452763081377553e-05
2.021859772093979920e-05
1.979349651396358198e-05
1.933623412992116196e-05
1.898802738453773755e-05
1.860328819813898625e-05
1.831833978841439174e-05
1.799319463100927888e-05
1.776279385223247554e-05
1.748941376067683496e-05
1.730349814999762139e-05
1.707421904132356815e-05
1.689664569228358185e-05
1.676829787649104062e-05
1.659517929203966296e-05
1.650014253933566565e-05
1.635970557412235935e-05
1.629507716878292889e-05
1.618461766176013713e-05
1.614831155884447728e-05
1.606588780537418560e-05
1.605650589502808869e-05
1.600081769072210467e-05
1.601748025091993675e-05
1.598777364155728504e-05
1.600070636576651661e-05
1.605631211887509772e-05
1.606550522868424642e-05
1.614758796270189507e-05
1.618335426877598430e-05
1.629300572607350671e-05
1.635650102522237222e-05
1.649538034273789923e-05
1.658837448872513989e-05
1.675881394704504970e-05
1.688378151889979051e-05
1.705707349664144039e-05
1.728095683802473054e-05
1.746030360814888457e-05
1.772536849428593461e-05
1.794550911865006878e-05
1.825832731419035619e-05
1.852882698616536858e-05
1.889563522886123290e-05
1.922253319190686904e-05
1.965367302647687167e-05
2.004795449446115739e-05
2.055618563021262515e-05
2.103174445429841082e-05
2.159130899479699752e-05
2.224718857347211007e-05
2.288168010178731580e-05
2.366763766629956700e-05
2.444080447072121231e-05
2.538947532146735331e-05
2.633826898833362896e-05
2.749395427177607650e-05
2.867579774805894909e-05
3.010749037444835504e-05
3.159268645228867340e-05
3.338127751861076414e-05
3.527260899889242955e-05
3.748459270842515508e-05
4.007538395903361279e-05
4.286767498581891460e-05
4.625205215198567561e-05
4.996408270331873972e-05
5.445206399587300628e-05
5.946710349531387303e-05
6.554526923051194533e-05
7.243544426344724479e-05
8.083103826194803880e-05
9.045690968858989404e-05
9.711389902393159721e-05
5.645878107826983583e-07
1.639029293950342918e-07
2.775506710401064538e-04
