# conditioning on: None.
# p1freq: 0.0,5.1e-05,0.0001,0.00025,0.0005,0.001,0.011,0.021,0.031,0.041,0.051,0.061,0.07100000000000001,0.081,0.091,0.101,0.111,0.121,0.131,0.14100000000000001,0.151,0.161,0.171,0.181,0.191,0.201,0.211,0.221,0.231,0.241,0.251,0.261,0.271,0.281,0.291,0.301,0.311,0.321,0.331,0.341,0.35100000000000003,0.361,0.371,0.381,0.391,0.401,0.411,0.421,0.431,0.441,0.451,0.461,0.471,0.481,0.491,0.501,0.511,0.521,0.531,0.541,0.551,0.561,0.5710000000000001,0.581,0.591,0.601,0.611,0.621,0.631,0.641,0.651,0.661,0.671,0.681,0.6910000000000001,0.7010000000000001,0.711,0.721,0.731,0.741,0.751,0.761,0.771,0.781,0.791,0.801,0.811,0.821,0.831,0.841,0.851,0.861,0.871,0.881,0.891,0.901,0.911,0.921,0.931,0.941,0.951,0.961,0.971,0.981,0.991,0.99975,0.9999,0.99995,1.0
9.957197151293782911e-01
4.462877039722363171e-04
1.900662878008065623e-04
3.135155828800035367e-04
2.575445127919939931e-04
2.670068598749565821e-04
9.538237524090759263e-04
2.625490234010261219e-04
1.594581707001482612e-04
1.149710385165446434e-04
8.998592449951501487e-05
7.391671480630286812e-05
6.265823222861725882e-05
5.433737831359859271e-05
4.794164809128372413e-05
4.287399831852584976e-05
3.874477384188787423e-05
3.532601317244736571e-05
3.245064844226533304e-05
3.000025010435728950e-05
2.789273304598789718e-05
2.605976886641405709e-05
2.444587522910381220e-05
2.301882086105723648e-05
2.174847529680573033e-05
2.061078104023582406e-05
1.958629786997339225e-05
1.865915095891847698e-05
1.781625547172476876e-05
1.704952013558083153e-05
1.634624340755093299e-05
1.569723782154474733e-05
1.509832098015103806e-05
1.454391284716233250e-05
1.402922498577379655e-05
1.355012498055919555e-05
1.310302945807039911e-05
1.268481717276707315e-05
1.229275790286892984e-05
1.192445390681552862e-05
1.157779143678144823e-05
1.125090036542970795e-05
1.094212040206072032e-05
1.064997269373904010e-05
1.037313585400259328e-05
1.011042565307542870e-05
9.860777750478835841e-06
9.623232648286300832e-06
9.397348928614033070e-06
9.183283750061394164e-06
8.977215189670157365e-06
8.780123223175104660e-06
8.591532675773091922e-06
8.410902039748411737e-06
8.237735646766423204e-06
8.071418879068176735e-06
7.911924436161408614e-06
7.758645014621069703e-06
7.611129242369503563e-06
7.469132835574279002e-06
7.332351223376471495e-06
7.200502073242913093e-06
7.073066109238220261e-06
6.948914454385220203e-06
6.830259699315177662e-06
6.715713199067638173e-06
6.604954622713476397e-06
6.497799321627799052e-06
6.394074537473688532e-06
6.293618447190749996e-06
6.196279329861648662e-06
6.101914801200225654e-06
6.010391111642846049e-06
5.921582506050260441e-06
5.835370642612648853e-06
5.751644067733709250e-06
5.670297743264699190e-06
5.591232620483345052e-06
5.514355252589017370e-06
5.439577431124451540e-06
5.366815829503007704e-06
5.295986519873995385e-06
5.226006002007879933e-06
5.158256805376651972e-06
5.092786930776489071e-06
5.028975498023578325e-06
4.966763305110472378e-06
4.906093918016904751e-06
4.846914226558374984e-06
4.789174425166282421e-06
4.732814740223045297e-06
4.676497964722447801e-06
4.622326323166514470e-06
4.569821609537402377e-06
4.518543853778371360e-06
4.468463745267760413e-06
4.419528806385707768e-06
4.369976232336115223e-06
4.322873064657021706e-06
4.277175607433577982e-06
4.232611585064331226e-06
4.186826992518080037e-06
4.143714985325159289e-06
4.101873869605504502e-06
4.057739385581066464e-06
3.506488689670918449e-06
5.640171526023324041e-08
1.636320361244638590e-08
1.999809052273295300e-05
