# conditioning on: None.
# p2freq: 0.0,1.9537055574092613e-05,3.7074111148185224e-05,9.268527787046306e-05,0.00018537055574092612,0.00037074111148185224,0.010370741111481853,0.020370741111481853,0.03037074111148185,0.04037074111148185,0.050370741111481855,0.06037074111148185,0.07037074111148185,0.08037074111148186,0.09037074111148184,0.10037074111148186,0.11037074111148186,0.12037074111148184,0.13037074111148186,0.14037074111148187,0.15037074111148185,0.16037074111148186,0.17037074111148187,0.18037074111148182,0.19037074111148186,0.20037074111148187,0.21037074111148185,0.22037074111148186,0.23037074111148184,0.24037074111148182,0.25037074111148183,0.2603707411114819,0.27037074111148185,0.28037074111148186,0.2903707411114818,0.3003707411114818,0.31037074111148183,0.3203707411114819,0.33037074111148185,0.3403707411114819,0.3503707411114819,0.3603707411114818,0.3703707411114819,0.38037074111148184,0.3903707411114819,0.40037074111148185,0.41037074111148186,0.42037074111148187,0.4303707411114818,0.4403707411114819,0.45037074111148184,0.46037074111148185,0.4703707411114819,0.4803707411114818,0.4903707411114819,0.5003707411114818,0.5103707411114818,0.5203707411114818,0.5303707411114819,0.5403707411114819,0.5503707411114819,0.5603707411114819,0.5703707411114819,0.5803707411114818,0.5903707411114818,0.6003707411114818,0.6103707411114818,0.6203707411114818,0.630370741111482,0.6403707411114818,0.6503707411114819,0.6603707411114819,0.6703707411114819,0.680370741111482,0.690370741111482,0.7003707411114819,0.7103707411114818,0.7203707411114818,0.7303707411114819,0.7403707411114818,0.7503707411114818,0.7603707411114818,0.7703707411114818,0.780370741111482,0.7903707411114819,0.8003707411114819,0.8103707411114819,0.8203707411114819,0.8303707411114819,0.8403707411114818,0.8503707411114818,0.8603707411114818,0.8703707411114818,0.880370741111482,0.8903707411114818,0.9003707411114819,0.9103707411114819,0.9203707411114819,0.930370741111482,0.940370741111482,0.9503707411114819,0.9603707411114818,0.9703707411114818,0.9803707411114819,0.9903707411114818,0.9999073147221296,0.9999629258888518,0.9999814629444259,1.0
9.929667466671942000e-01
1.195935626269921306e-03
5.068857747104714428e-04
8.298203217586948765e-04
6.709322353864210272e-04
6.780510637618294111e-04
2.627534497135701908e-03
2.678658823701651585e-04
1.077213262936719531e-04
5.539393961744204281e-05
3.209106639894869170e-05
1.979529839006226487e-05
1.278928714503413199e-05
8.484461564420175514e-06
5.776294644579519318e-06
3.986545117303080189e-06
2.801618273079482288e-06
1.984411922470776945e-06
1.422891990201672321e-06
1.030916553917490166e-06
7.500080514326193263e-07
5.514177655907880001e-07
4.064377255356216395e-07
3.024173261437250985e-07
2.253842753117424758e-07
1.694157810640983045e-07
1.274372593094632405e-07
9.662593413573358205e-08
7.328147650057237017e-08
5.599386719116245099e-08
4.278021396192529858e-08
3.286636812843384171e-08
2.537171042731346162e-08
1.957450565544672989e-08
1.520432990122257225e-08
1.180047128735091237e-08
9.219089019036129068e-09
7.195534424322008475e-09
5.652353041893163434e-09
4.435309535116307546e-09
3.502775033902446393e-09
2.762822832410901618e-09
2.192845131558490527e-09
1.738284727077229164e-09
1.384196857391721798e-09
1.106732518669583196e-09
8.837130777901010817e-10
7.099506782640506874e-10
5.695755489834658957e-10
4.597342613223492565e-10
3.705572665489940046e-10
3.004859557881651773e-10
2.433191416055063750e-10
1.982166601134963654e-10
1.612428268033260355e-10
1.319549738817986137e-10
1.078317561215892523e-10
8.849978865760813314e-11
7.292059997434746444e-11
5.999695051863408529e-11
4.966044377365895418e-11
4.104547289837452916e-11
3.412911011461134684e-11
2.833752703072741696e-11
2.367055878300988811e-11
1.974414140594332251e-11
1.656852721976961693e-11
1.388418394232321762e-11
1.168537424162413789e-11
9.874529834749425987e-12
8.332851980791273535e-12
7.074782227603213263e-12
5.998244682075621341e-12
5.117215034070775997e-12
4.359651640835170867e-12
3.737032766394598827e-12
3.199210894287519943e-12
2.755711066346398720e-12
2.370713736284329085e-12
2.052163641834020990e-12
1.774237778951183947e-12
1.540764851145833125e-12
1.343828004142560490e-12
1.170676767728866101e-12
1.026198303066694005e-12
8.984952648956931219e-13
7.916283385168213403e-13
6.966319692111020549e-13
6.169367735029519786e-13
5.457637252367617888e-13
4.858225776393284742e-13
4.319632741657866675e-13
3.864495560943168039e-13
3.453941893428542998e-13
3.100833107125686396e-13
2.795588993629759050e-13
2.517185500078712746e-13
2.281064509238882901e-13
2.064260614047705950e-13
1.879491828226506882e-13
1.709370566023092877e-13
1.563681586856831344e-13
1.428879383493465497e-13
1.313209528979652102e-13
1.205196973550269622e-13
1.061427107784026487e-13
5.587424337793054322e-16
1.620410195353826501e-16
5.523048781690310786e-13
