# conditioning on: None.
# p2freq: 0.0,1.9537055574092613e-05,3.7074111148185224e-05,9.268527787046306e-05,0.00018537055574092612,0.00037074111148185224,0.010370741111481853,0.020370741111481853,0.03037074111148185,0.04037074111148185,0.050370741111481855,0.06037074111148185,0.07037074111148185,0.08037074111148186,0.09037074111148184,0.10037074111148186,0.11037074111148186,0.12037074111148184,0.13037074111148186,0.14037074111148187,0.15037074111148185,0.16037074111148186,0.17037074111148187,0.18037074111148182,0.19037074111148186,0.20037074111148187,0.21037074111148185,0.22037074111148186,0.23037074111148184,0.24037074111148182,0.25037074111148183,0.2603707411114819,0.27037074111148185,0.28037074111148186,0.2903707411114818,0.3003707411114818,0.31037074111148183,0.3203707411114819,0.33037074111148185,0.3403707411114819,0.3503707411114819,0.3603707411114818,0.3703707411114819,0.38037074111148184,0.3903707411114819,0.40037074111148185,0.41037074111148186,0.42037074111148187,0.4303707411114818,0.4403707411114819,0.45037074111148184,0.46037074111148185,0.4703707411114819,0.4803707411114818,0.4903707411114819,0.5003707411114818,0.5103707411114818,0.5203707411114818,0.5303707411114819,0.5403707411114819,0.5503707411114819,0.5603707411114819,0.5703707411114819,0.5803707411114818,0.5903707411114818,0.6003707411114818,0.6103707411114818,0.6203707411114818,0.630370741111482,0.6403707411114818,0.6503707411114819,0.6603707411114819,0.6703707411114819,0.680370741111482,0.690370741111482,0.7003707411114819,0.7103707411114818,0.7203707411114818,0.7303707411114819,0.7403707411114818,0.7503707411114818,0.7603707411114818,0.7703707411114818,0.780370741111482,0.7903707411114819,0.8003707411114819,0.8103707411114819,0.8203707411114819,0.8303707411114819,0.8403707411114818,0.8503707411114818,0.8603707411114818,0.8703707411114818,0.880370741111482,0.8903707411114818,0.9003707411114819,0.9103707411114819,0.9203707411114819,0.930370741111482,0.940370741111482,0.9503707411114819,0.9603707411114818,0.9703707411114818,0.9803707411114819,0.9903707411114818,0.9999073147221296,0.9999629258888518,0.9999814629444259,1.0
9.929355393318409773e-01
1.195894387635609022e-03
5.068657665871297187e-04
8.297815728646099455e-04
6.708898840735929040e-04
6.779880261904314706e-04
2.626819535626518255e-03
2.689780718208925614e-04
1.096172900114145051e-04
5.761550712653779461e-05
3.439960454986406126e-05
2.204428601586083089e-05
1.491022273938581037e-05
1.043269826521143555e-05
7.545020670095396651e-06
5.569730988505329245e-06
4.214341831333145100e-06
3.234298922061391470e-06
2.527618925859407347e-06
2.007513251577939628e-06
1.609728699220184144e-06
1.311096803904995390e-06
1.075751971648782011e-06
8.950530544193321028e-07
7.491093657699039686e-07
6.348803815614656726e-07
5.404822592302720164e-07
4.654082326542510828e-07
4.021685767680644130e-07
3.511816351354073226e-07
3.074908609941213356e-07
2.714044238455741567e-07
2.413149641830974368e-07
2.149112489861959449e-07
1.930814342891486127e-07
1.736547043513777088e-07
1.574753775188500219e-07
1.428872672458207834e-07
1.306636639717505082e-07
1.195034589905173658e-07
1.101215436593777691e-07
1.014491881511899856e-07
9.412394799441405554e-08
8.728378667746955798e-08
8.134570264071272509e-08
7.617095523830095041e-08
7.126192627045836389e-08
6.709831608665679541e-08
6.310793311738665013e-08
5.972462723660071789e-08
5.644933679199346037e-08
5.367655723734674404e-08
5.096539017564759968e-08
4.867663494058437016e-08
4.641617880922505000e-08
4.451587321273165859e-08
4.262013359344710502e-08
4.096164375817565917e-08
3.951362378499290040e-08
3.804576113319752106e-08
3.683494161642308198e-08
3.559361795222600997e-08
3.458200754212378787e-08
3.353220071548520642e-08
3.269028449862824662e-08
3.180471970889083921e-08
3.110964704461797859e-08
3.036716313616347008e-08
2.974676706380970188e-08
2.924047402896450471e-08
2.868339077905210592e-08
2.828823272718373373e-08
2.783948995980273068e-08
2.754907905183489532e-08
2.720613681380022092e-08
2.701352051593115837e-08
2.677001955971013054e-08
2.667521639811208777e-08
2.653132094240898672e-08
2.653660898068484541e-08
2.649559566771375068e-08
2.655557923930665778e-08
2.672362781143646556e-08
2.685352869166974572e-08
2.714632744551568483e-08
2.740696356675239856e-08
2.784397672754872279e-08
2.825779189472661985e-08
2.886767917023543541e-08
2.947492659164436804e-08
3.030543806121494508e-08
3.115310018189895549e-08
3.226035654791298959e-08
3.342451604570885030e-08
3.484858723786601632e-08
3.657544075729422322e-08
3.843913320912102985e-08
4.078775160189056554e-08
4.338396367293788289e-08
4.662297668835524003e-08
5.029903803470252774e-08
5.488739994546703504e-08
6.021227461367988150e-08
6.691048755591521555e-08
7.484706121373988832e-08
8.066225517873231283e-08
4.704996073355163115e-10
1.365922125338633504e-10
2.340649094012083118e-07
