# conditioning on: None.
# p2freq: 0.0,6e-05,0.0001,0.00025,0.0005,0.001,0.011,0.021,0.031,0.041,0.051,0.061,0.07100000000000001,0.081,0.091,0.101,0.111,0.121,0.131,0.14100000000000001,0.151,0.161,0.171,0.181,0.191,0.201,0.211,0.221,0.231,0.241,0.251,0.261,0.271,0.281,0.291,0.301,0.311,0.321,0.331,0.341,0.35100000000000003,0.361,0.371,0.381,0.391,0.401,0.411,0.421,0.431,0.441,0.451,0.461,0.471,0.481,0.491,0.501,0.511,0.521,0.531,0.541,0.551,0.561,0.5710000000000001,0.581,0.591,0.601,0.611,0.621,0.631,0.641,0.651,0.661,0.671,0.681,0.6910000000000001,0.7010000000000001,0.711,0.721,0.731,0.741,0.751,0.761,0.771,0.781,0.791,0.801,0.811,0.821,0.831,0.841,0.851,0.861,0.871,0.881,0.891,0.901,0.911,0.921,0.931,0.941,0.951,0.961,0.971,0.981,0.991,0.99975,0.9999,0.99995,1.0
9.971573101103784476e-01
4.465625275760265510e-04
1.899868122322687005e-04
3.128563271781302111e-04
2.560494613023327594e-04
2.636509813501645267e-04
8.831714392300791519e-04
1.966575951513667040e-04
9.869243479569090260e-05
5.896667046704874636e-05
3.828607081760830729e-05
2.609859605779492843e-05
1.836070629073162299e-05
1.321326794212527463e-05
9.672359350442313042e-06
7.174454797343996930e-06
5.375839305155714316e-06
4.062950382804264247e-06
3.092891521343662140e-06
2.368927368888199231e-06
1.824338830382371723e-06
1.411467182362643730e-06
1.096292614880605189e-06
8.546394778217738859e-07
6.684727048865590165e-07
5.244420965168666342e-07
4.125849224602171075e-07
3.254137076471992939e-07
2.572661580747641701e-07
2.038661344741946040e-07
1.618715214844288013e-07
1.287547573572045761e-07
1.025984922744498994e-07
8.189526891849194136e-08
6.547517371290419600e-08
5.242739361521752587e-08
4.204078060760108037e-08
3.375858867570025693e-08
2.714385715369503700e-08
2.185283309199106387e-08
1.761449259324567288e-08
1.421470926004837107e-08
1.148397753384453307e-08
9.287865338092929747e-09
7.519569268115749744e-09
6.094094611424418307e-09
4.943694729635130729e-09
4.014289076121151002e-09
3.262791539252186845e-09
2.654706245222248075e-09
2.161428118810560550e-09
1.761325688398188099e-09
1.436521405203891616e-09
1.172608311621952563e-09
9.579837309316362612e-10
7.832798833414195464e-10
6.409831705116842598e-10
5.249701762072582667e-10
4.303027512450481154e-10
3.529970329171727595e-10
2.898189441904157347e-10
2.381461229844964292e-10
1.958443224898797715e-10
1.611699593520538394e-10
1.327761317556376081e-10
1.094824368341205321e-10
9.035566009649321705e-11
7.463813946151587657e-11
6.171204122420428855e-11
5.107318272364196233e-11
4.230982627461530723e-11
3.508548583140008965e-11
2.912497633878290469e-11
2.420308565273029089e-11
2.013536912414670096e-11
1.677066351846196925e-11
1.398499464480746501e-11
1.167661560839192812e-11
9.761962964842986491e-12
8.172358633141802797e-12
6.851318165113770861e-12
5.752344989138159870e-12
4.836286660404214605e-12
4.073249098180817506e-12
3.436832929182301998e-12
2.905042570067710810e-12
2.460145504397246901e-12
2.087481126747041148e-12
1.774919554480051210e-12
1.512416829981869638e-12
1.291646316614701457e-12
1.105430771292954248e-12
9.486001597449718852e-13
8.161947540235168585e-13
7.041534048455223749e-13
6.091845669820908150e-13
5.285417946470739544e-13
4.597744780573075341e-13
4.013330100896148697e-13
3.514545833252395469e-13
3.087776851038214960e-13
2.720453990372634552e-13
2.406009650497706117e-13
2.135310976110146229e-13
1.900186464940554677e-13
1.491375971627295656e-13
2.292947805101047871e-15
6.645611448216826132e-16
8.912857525422356114e-13
