# conditioning on: None.
# p1freq: 0.0,5.1e-05,0.0001,0.00025,0.0005,0.001,0.011,0.021,0.031,0.041,0.051,0.061,0.07100000000000001,0.081,0.091,0.101,0.111,0.121,0.131,0.14100000000000001,0.151,0.161,0.171,0.181,0.191,0.201,0.211,0.221,0.231,0.241,0.251,0.261,0.271,0.281,0.291,0.301,0.311,0.321,0.331,0.341,0.35100000000000003,0.361,0.371,0.381,0.391,0.401,0.411,0.421,0.431,0.441,0.451,0.461,0.471,0.481,0.491,0.501,0.511,0.521,0.531,0.541,0.551,0.561,0.5710000000000001,0.581,0.591,0.601,0.611,0.621,0.631,0.641,0.651,0.661,0.671,0.681,0.6910000000000001,0.7010000000000001,0.711,0.721,0.731,0.741,0.751,0.761,0.771,0.781,0.791,0.801,0.811,0.821,0.831,0.841,0.851,0.861,0.871,0.881,0.891,0.901,0.911,0.921,0.931,0.941,0.951,0.961,0.971,0.981,0.991,0.99975,0.9999,0.99995,1.0
9.939228440575864632e-01
4.455534580789248978e-04
1.897430650455457209e-04
3.130164793321026009e-04
2.571677246094494686e-04
2.666829903258160009e-04
9.552535539707245277e-04
2.657123784585964182e-04
1.632128792371602736e-04
1.191319019591334478e-04
9.444928587549500539e-05
7.861876828288602537e-05
6.754350398932709243e-05
5.936297770077821219e-05
5.307466917887676045e-05
4.809310233634315037e-05
4.402822705495997019e-05
4.065792936059877327e-05
3.781907922379271257e-05
3.539644767414096022e-05
3.331169727941878821e-05
3.149934545687466553e-05
2.990316971533922292e-05
2.849309283010132931e-05
2.724013856684941122e-05
2.612117000531649494e-05
2.511747113755960278e-05
2.421372812178567704e-05
2.339728065276136924e-05
2.266130940665564650e-05
2.199358864833823139e-05
2.138328408221377202e-05
2.082713526849880041e-05
2.031965442872147291e-05
1.985611497719658782e-05
1.943242299293070037e-05
1.904501712676496674e-05
1.869078760391590930e-05
1.836701018631451516e-05
1.807129190730994933e-05
1.780152613653741497e-05
1.755585511056613387e-05
1.733263849568249623e-05
1.713042686889999620e-05
1.694793925023675571e-05
1.678404402009352659e-05
1.663774271315854615e-05
1.650815571552743911e-05
1.639529983143443164e-05
1.630064196202463575e-05
1.621809864307462449e-05
1.614974726752812693e-05
1.609539428335839806e-05
1.605472778201979514e-05
1.602750984658707917e-05
1.601323545580774144e-05
1.601254314517600637e-05
1.602506977230887833e-05
1.605061147707153630e-05
1.608943154599837998e-05
1.614170024931752928e-05
1.620765896864293366e-05
1.628709525937205091e-05
1.637765762131864302e-05
1.648549729257253401e-05
1.660886848136367596e-05
1.674804103422856589e-05
1.690371576460982439e-05
1.707669471129973817e-05
1.726789072346521993e-05
1.747833867580025197e-05
1.770920834803333074e-05
1.796181919686226121e-05
1.823765734362814677e-05
1.853839517056744970e-05
1.886591398081815968e-05
1.922233024226137994e-05
1.961002600711782935e-05
2.003168417158694668e-05
2.049032927941279997e-05
2.098937459070602705e-05
2.153265355297745629e-05
2.211989936359696858e-05
2.276122979279112321e-05
2.346340908436069460e-05
2.423044920000763503e-05
2.506942792000996334e-05
2.598839318601238671e-05
2.699651700192860047e-05
2.810427294680137482e-05
2.932358646673036660e-05
3.065914706432429983e-05
3.213815969528293362e-05
3.377787100490574508e-05
3.559600851287325683e-05
3.761622223637553600e-05
3.986560049886143659e-05
4.235719000537720326e-05
4.515403493455348171e-05
4.829097334592530978e-05
5.181460863456855478e-05
5.574816301863105356e-05
6.020259204167450551e-05
6.524100480832011810e-05
7.088609000002818060e-05
6.707684743683788595e-05
1.127353529869881538e-06
3.273959606848119925e-07
3.998531726431728511e-04
