# conditioning on: None.
# p1freq: 0.0,6e-05,0.0001,0.00025,0.0005,0.001,0.011,0.021,0.031,0.041,0.051,0.061,0.07100000000000001,0.081,0.091,0.101,0.111,0.121,0.131,0.14100000000000001,0.151,0.161,0.171,0.181,0.191,0.201,0.211,0.221,0.231,0.241,0.251,0.261,0.271,0.281,0.291,0.301,0.311,0.321,0.331,0.341,0.35100000000000003,0.361,0.371,0.381,0.391,0.401,0.411,0.421,0.431,0.441,0.451,0.461,0.471,0.481,0.491,0.501,0.511,0.521,0.531,0.541,0.551,0.561,0.5710000000000001,0.581,0.591,0.601,0.611,0.621,0.631,0.641,0.651,0.661,0.671,0.681,0.6910000000000001,0.7010000000000001,0.711,0.721,0.731,0.741,0.751,0.761,0.771,0.781,0.791,0.801,0.811,0.821,0.831,0.841,0.851,0.861,0.871,0.881,0.891,0.901,0.911,0.921,0.931,0.941,0.951,0.961,0.971,0.981,0.991,0.99975,0.9999,0.99995,1.0
9.957197151293788462e-01
4.462877039722364797e-04
1.900662878008065623e-04
3.135155828800033741e-04
2.575445127919942100e-04
2.670068598749566905e-04
9.538237524090769021e-04
2.625490234010261219e-04
1.594581707001482070e-04
1.149710385165446434e-04
8.998592449951505552e-05
7.391671480630286812e-05
6.265823222861725882e-05
5.433737831359860626e-05
4.794164809128372413e-05
4.287399831852584976e-05
3.874477384188788101e-05
3.532601317244736571e-05
3.245064844226533304e-05
3.000025010435728611e-05
2.789273304598790057e-05
2.605976886641405709e-05
2.444587522910380881e-05
2.301882086105722631e-05
2.174847529680573371e-05
2.061078104023582406e-05
1.958629786997339225e-05
1.865915095891847698e-05
1.781625547172476537e-05
1.704952013558083492e-05
1.634624340755093299e-05
1.569723782154474394e-05
1.509832098015103806e-05
1.454391284716233080e-05
1.402922498577380163e-05
1.355012498055919385e-05
1.310302945807039741e-05
1.268481717276707315e-05
1.229275790286892984e-05
1.192445390681553032e-05
1.157779143678144654e-05
1.125090036542971134e-05
1.094212040206072201e-05
1.064997269373903841e-05
1.037313585400259328e-05
1.011042565307542701e-05
9.860777750478835841e-06
9.623232648286300832e-06
9.397348928614033070e-06
9.183283750061397552e-06
8.977215189670157365e-06
8.780123223175104660e-06
8.591532675773090228e-06
8.410902039748411737e-06
8.237735646766423204e-06
8.071418879068176735e-06
7.911924436161406920e-06
7.758645014621071397e-06
7.611129242369504410e-06
7.469132835574279002e-06
7.332351223376472342e-06
7.200502073242914787e-06
7.073066109238220261e-06
6.948914454385221050e-06
6.830259699315180203e-06
6.715713199067639867e-06
6.604954622713476397e-06
6.497799321627799052e-06
6.394074537473688532e-06
6.293618447190749996e-06
6.196279329861649509e-06
6.101914801200225654e-06
6.010391111642844355e-06
5.921582506050260441e-06
5.835370642612648853e-06
5.751644067733708403e-06
5.670297743264700884e-06
5.591232620483345899e-06
5.514355252589015676e-06
5.439577431124452387e-06
5.366815829503006857e-06
5.295986519873995385e-06
5.226006002007879933e-06
5.158256805376651972e-06
5.092786930776489918e-06
5.028975498023577478e-06
4.966763305110472378e-06
4.906093918016907292e-06
4.846914226558374984e-06
4.789174425166280727e-06
4.732814740223045297e-06
4.676497964722447801e-06
4.622326323166514470e-06
4.569821609537403224e-06
4.518543853778369665e-06
4.468463745267761260e-06
4.419528806385707768e-06
4.369976232336116917e-06
4.322873064657022553e-06
4.277175607433577135e-06
4.232611585064330379e-06
4.186826992518080037e-06
4.143714985325159289e-06
4.101873869605504502e-06
4.057739385581067311e-06
3.506488689670918026e-06
5.640171526023324703e-08
1.636320361244638590e-08
1.999809052273295300e-05
