# conditioning on: None.
# p1freq: 0.0,5.1e-05,0.0001,0.00025,0.0005,0.001,0.011,0.021,0.031,0.041,0.051,0.061,0.07100000000000001,0.081,0.091,0.101,0.111,0.121,0.131,0.14100000000000001,0.151,0.161,0.171,0.181,0.191,0.201,0.211,0.221,0.231,0.241,0.251,0.261,0.271,0.281,0.291,0.301,0.311,0.321,0.331,0.341,0.35100000000000003,0.361,0.371,0.381,0.391,0.401,0.411,0.421,0.431,0.441,0.451,0.461,0.471,0.481,0.491,0.501,0.511,0.521,0.531,0.541,0.551,0.561,0.5710000000000001,0.581,0.591,0.601,0.611,0.621,0.631,0.641,0.651,0.661,0.671,0.681,0.6910000000000001,0.7010000000000001,0.711,0.721,0.731,0.741,0.751,0.761,0.771,0.781,0.791,0.801,0.811,0.821,0.831,0.841,0.851,0.861,0.871,0.881,0.891,0.901,0.911,0.921,0.931,0.941,0.951,0.961,0.971,0.981,0.991,0.99975,0.9999,0.99995,1.0
9.939228440575867962e-01
4.455534580789248435e-04
1.897430650455457209e-04
3.130164793321024925e-04
2.571677246094496855e-04
2.666829903258160551e-04
9.552535539707249614e-04
2.657123784585964724e-04
1.632128792371601923e-04
1.191319019591335020e-04
9.444928587549499184e-05
7.861876828288603893e-05
6.754350398932706533e-05
5.936297770077819186e-05
5.307466917887676045e-05
4.809310233634314359e-05
4.402822705495997697e-05
4.065792936059877327e-05
3.781907922379270580e-05
3.539644767414096700e-05
3.331169727941878821e-05
3.149934545687466553e-05
2.990316971533921276e-05
2.849309283010132931e-05
2.724013856684940783e-05
2.612117000531648817e-05
2.511747113755959600e-05
2.421372812178567365e-05
2.339728065276137263e-05
2.266130940665564650e-05
2.199358864833822800e-05
2.138328408221377202e-05
2.082713526849880041e-05
2.031965442872147969e-05
1.985611497719658782e-05
1.943242299293069698e-05
1.904501712676495996e-05
1.869078760391590930e-05
1.836701018631451855e-05
1.807129190730994594e-05
1.780152613653741497e-05
1.755585511056613387e-05
1.733263849568249961e-05
1.713042686889999620e-05
1.694793925023675233e-05
1.678404402009352320e-05
1.663774271315854954e-05
1.650815571552744250e-05
1.639529983143443164e-05
1.630064196202463575e-05
1.621809864307462449e-05
1.614974726752812354e-05
1.609539428335839467e-05
1.605472778201979514e-05
1.602750984658707578e-05
1.601323545580774144e-05
1.601254314517600637e-05
1.602506977230887833e-05
1.605061147707153630e-05
1.608943154599837998e-05
1.614170024931752928e-05
1.620765896864293705e-05
1.628709525937205091e-05
1.637765762131864302e-05
1.648549729257253740e-05
1.660886848136367935e-05
1.674804103422856928e-05
1.690371576460982777e-05
1.707669471129973817e-05
1.726789072346521654e-05
1.747833867580025197e-05
1.770920834803333074e-05
1.796181919686226460e-05
1.823765734362814677e-05
1.853839517056744970e-05
1.886591398081815968e-05
1.922233024226138672e-05
1.961002600711782935e-05
2.003168417158695007e-05
2.049032927941279997e-05
2.098937459070602705e-05
2.153265355297745290e-05
2.211989936359696181e-05
2.276122979279112321e-05
2.346340908436070477e-05
2.423044920000764181e-05
2.506942792000996334e-05
2.598839318601238671e-05
2.699651700192860047e-05
2.810427294680137482e-05
2.932358646673036660e-05
3.065914706432430661e-05
3.213815969528293362e-05
3.377787100490574508e-05
3.559600851287325683e-05
3.761622223637553600e-05
3.986560049886142982e-05
4.235719000537721004e-05
4.515403493455348848e-05
4.829097334592530978e-05
5.181460863456855478e-05
5.574816301863104001e-05
6.020259204167450551e-05
6.524100480832014520e-05
7.088609000002820770e-05
6.707684743683788595e-05
1.127353529869881750e-06
3.273959606848120454e-07
3.998531726431727969e-04
