# conditioning on: None.
# p2freq: 0.0,7.87616035205941e-05,0.0001375232070411882,0.0003438080176029705,0.000687616035205941,0.001375232070411882,0.011375232070411882,0.021375232070411882,0.03137523207041188,0.04137523207041188,0.05137523207041189,0.06137523207041188,0.0713752320704119,0.08137523207041189,0.09137523207041187,0.1013752320704119,0.11137523207041189,0.12137523207041187,0.13137523207041188,0.14137523207041192,0.15137523207041187,0.16137523207041188,0.17137523207041191,0.18137523207041187,0.19137523207041188,0.2013752320704119,0.21137523207041187,0.22137523207041188,0.2313752320704119,0.24137523207041187,0.2513752320704119,0.2613752320704119,0.27137523207041186,0.28137523207041193,0.2913752320704118,0.30137523207041184,0.3113752320704119,0.3213752320704119,0.3313752320704119,0.3413752320704119,0.3513752320704119,0.36137523207041183,0.3713752320704119,0.3813752320704119,0.3913752320704119,0.4013752320704119,0.4113752320704119,0.42137523207041183,0.43137523207041184,0.4413752320704119,0.4513752320704119,0.4613752320704119,0.4713752320704119,0.48137523207041183,0.49137523207041184,0.5013752320704119,0.5113752320704119,0.5213752320704119,0.5313752320704119,0.5413752320704119,0.551375232070412,0.561375232070412,0.5713752320704119,0.5813752320704118,0.5913752320704118,0.6013752320704119,0.6113752320704119,0.6213752320704119,0.6313752320704119,0.6413752320704119,0.6513752320704119,0.6613752320704119,0.6713752320704119,0.681375232070412,0.6913752320704118,0.7013752320704119,0.7113752320704118,0.7213752320704119,0.7313752320704119,0.7413752320704119,0.7513752320704119,0.7613752320704119,0.7713752320704119,0.7813752320704119,0.7913752320704119,0.801375232070412,0.8113752320704118,0.8213752320704119,0.8313752320704119,0.8413752320704118,0.8513752320704119,0.8613752320704119,0.8713752320704119,0.8813752320704119,0.8913752320704119,0.9013752320704119,0.9113752320704119,0.9213752320704119,0.931375232070412,0.9413752320704118,0.9513752320704119,0.9613752320704118,0.9713752320704119,0.9813752320704119,0.9913752320704119,0.9996561919823971,0.9998624767929588,0.9999312383964795,1.0
9.981876275442279622e-01
3.233595705039711099e-04
1.364154427327037976e-04
2.221586036536455939e-04
1.777865118852634603e-04
1.770650992919129210e-04
4.636644420587393025e-04
9.907693425668865196e-05
4.961649809850881665e-05
3.053874106896647120e-05
2.130197290530662233e-05
1.569757471056139672e-05
1.229504493562180611e-05
9.823658981119940531e-06
8.108870035989019622e-06
6.868148602752345099e-06
5.826866985076802223e-06
5.074591508942235835e-06
4.404334007872330145e-06
3.907965394820074576e-06
3.443247376252918356e-06
3.073775099747632462e-06
2.775433505041624920e-06
2.482197174414900717e-06
2.258819341688973256e-06
2.033741287115258799e-06
1.861439642514269591e-06
1.684487924310068432e-06
1.538887370971461584e-06
1.417353647839226973e-06
1.289640820916261542e-06
1.191368810653902531e-06
1.086905899351210812e-06
1.006455916015193424e-06
9.201418161026008387e-07
8.480232206364232078e-07
7.873509824847983890e-07
7.215450299901431534e-07
6.708220058210926573e-07
6.154954789111345812e-07
5.728442179063769595e-07
5.261056771916175725e-07
4.868425654623894337e-07
4.536612892061516375e-07
4.171019589298264522e-07
3.889104736432582887e-07
3.577613399479203239e-07
3.337370045673679803e-07
3.071295476481766327e-07
2.847093339395677784e-07
2.657206007004105704e-07
2.446776851369919731e-07
2.283975496818583825e-07
2.103043818117842079e-07
1.963403327699691848e-07
1.808029060781478794e-07
1.676954002309116789e-07
1.565694728278614903e-07
1.441809217981984443e-07
1.346077921723582841e-07
1.239382972737425195e-07
1.156737535625548653e-07
1.064948803088360508e-07
9.873305962957154863e-08
9.213035871844191761e-08
8.478161556882144610e-08
7.908599078770770033e-08
7.275191209061099250e-08
6.783808737130208015e-08
6.237837129188603187e-08
5.775529666431577608e-08
5.381556585234545907e-08
4.944585301150585830e-08
4.604620457623338367e-08
4.228100238648058057e-08
3.934772682021144520e-08
3.610451823388162889e-08
3.335326026982615479e-08
3.100283324351470583e-08
2.841178527763804494e-08
2.638531390141800280e-08
2.415644908533242405e-08
2.241022690115542378e-08
2.049345477123535303e-08
1.886183543233911001e-08
1.746850820161210009e-08
1.594580664886355448e-08
1.474611581506332855e-08
1.343964478681609845e-08
1.240807037159852233e-08
1.128908452278695960e-08
1.033517083262368183e-08
9.514632876542755886e-09
8.627874402696978611e-09
7.925123355974777119e-09
7.172074036735297862e-09
6.571358276582936050e-09
5.929868387770178715e-09
5.381102976360301491e-09
4.904632511790539207e-09
4.402936541925339380e-09
3.999778494147310824e-09
3.575718442184765371e-09
3.230016665461954223e-09
2.872709513312727853e-09
2.150612279578141303e-09
4.787450660209620714e-11
1.386885464130431801e-11
1.072111505933793106e-08
