# conditioning on: None.
# p2freq: 0.0,6.97616035205941e-05,0.0001375232070411882,0.0003438080176029705,0.000687616035205941,0.001375232070411882,0.011375232070411882,0.021375232070411882,0.03137523207041188,0.04137523207041188,0.05137523207041189,0.06137523207041188,0.0713752320704119,0.08137523207041189,0.09137523207041187,0.1013752320704119,0.11137523207041189,0.12137523207041187,0.13137523207041188,0.14137523207041192,0.15137523207041187,0.16137523207041188,0.17137523207041191,0.18137523207041187,0.19137523207041188,0.2013752320704119,0.21137523207041187,0.22137523207041188,0.2313752320704119,0.24137523207041187,0.2513752320704119,0.2613752320704119,0.27137523207041186,0.28137523207041193,0.2913752320704118,0.30137523207041184,0.3113752320704119,0.3213752320704119,0.3313752320704119,0.3413752320704119,0.3513752320704119,0.36137523207041183,0.3713752320704119,0.3813752320704119,0.3913752320704119,0.4013752320704119,0.4113752320704119,0.42137523207041183,0.43137523207041184,0.4413752320704119,0.4513752320704119,0.4613752320704119,0.4713752320704119,0.48137523207041183,0.49137523207041184,0.5013752320704119,0.5113752320704119,0.5213752320704119,0.5313752320704119,0.5413752320704119,0.551375232070412,0.561375232070412,0.5713752320704119,0.5813752320704118,0.5913752320704118,0.6013752320704119,0.6113752320704119,0.6213752320704119,0.6313752320704119,0.6413752320704119,0.6513752320704119,0.6613752320704119,0.6713752320704119,0.681375232070412,0.6913752320704118,0.7013752320704119,0.7113752320704118,0.7213752320704119,0.7313752320704119,0.7413752320704119,0.7513752320704119,0.7613752320704119,0.7713752320704119,0.7813752320704119,0.7913752320704119,0.801375232070412,0.8113752320704118,0.8213752320704119,0.8313752320704119,0.8413752320704118,0.8513752320704119,0.8613752320704119,0.8713752320704119,0.8813752320704119,0.8913752320704119,0.9013752320704119,0.9113752320704119,0.9213752320704119,0.931375232070412,0.9413752320704118,0.9513752320704119,0.9613752320704118,0.9713752320704119,0.9813752320704119,0.9913752320704119,0.9996561919823971,0.9998624767929588,0.9999312383964795,1.0
9.957579996412169177e-01
3.228625345999304994e-04
1.363192287317837920e-04
2.223523268228869653e-04
1.785367425637264906e-04
1.789004037466605465e-04
4.887294231058641764e-04
1.192569939280924428e-04
6.722481990362648375e-05
4.637889644083544440e-05
3.613316878072525052e-05
2.964394366390020601e-05
2.576824814685893121e-05
2.278722617299515845e-05
2.075621228640045631e-05
1.935942468441553219e-05
1.804755641893538006e-05
1.723663247771743207e-05
1.637783270858511573e-05
1.588576526253792352e-05
1.528041136983482244e-05
1.486958771798006638e-05
1.462474774396078693e-05
1.423405571573749231e-05
1.408476151757896848e-05
1.377946746147041793e-05
1.369531627740861764e-05
1.345025604450349248e-05
1.332577413045215501e-05
1.330886920600199991e-05
1.312671148045225732e-05
1.314079565351761404e-05
1.298812759786350885e-05
1.302657538146316978e-05
1.289724431055957618e-05
1.286689647146346425e-05
1.293383424053629241e-05
1.283167933220027109e-05
1.291405470229648859e-05
1.282648078551001209e-05
1.292240157613955031e-05
1.284745091474259786e-05
1.286677996452187304e-05
1.298066023629467031e-05
1.292208295603209315e-05
1.304697045877036965e-05
1.299816541531140396e-05
1.313358333728480205e-05
1.309380504069027380e-05
1.314827282770056292e-05
1.329884405963851831e-05
1.327439941053763182e-05
1.343550190800075395e-05
1.341714538664686459e-05
1.358896089505009349e-05
1.357927598652982300e-05
1.366776630180485608e-05
1.385655493402071994e-05
1.386064008538555282e-05
1.406155232840619809e-05
1.407458950760598690e-05
1.428530863820104374e-05
1.430852834666065648e-05
1.443487329064267180e-05
1.466787995232551721e-05
1.470605002683381192e-05
1.495351590328704067e-05
1.500279478309740454e-05
1.526598172508746433e-05
1.532721985448999479e-05
1.549987897308049978e-05
1.578903099030945747e-05
1.586996475944778932e-05
1.617827781794659920e-05
1.627373239759888219e-05
1.660287495513738937e-05
1.671411799176563935e-05
1.694822969967908161e-05
1.731212888362304236e-05
1.744975254909998284e-05
1.783952632705409019e-05
1.799675670637077647e-05
1.841484208762323091e-05
1.859279869326151922e-05
1.890620365606548672e-05
1.937280040568783472e-05
1.958911714478665022e-05
2.009113768455545934e-05
2.033415336994582812e-05
2.087492030843460689e-05
2.114776584929365307e-05
2.158102827940410959e-05
2.218782562080913898e-05
2.250485548389962169e-05
2.315943617579357941e-05
2.352322221980928383e-05
2.423595079604167523e-05
2.464219457847951442e-05
2.523930730215308122e-05
2.603303469469021866e-05
2.650853131697049315e-05
2.738623685167676196e-05
2.792210430306112012e-05
2.885067921107117855e-05
2.944417573543292431e-05
2.507542378334183631e-05
5.935885195922767616e-07
1.723018162115817074e-07
8.193518672050363605e-04
