# conditioning on: None.
# p1freq: 0.0,6e-05,0.0001,0.00025,0.0005,0.001,0.011,0.021,0.031,0.041,0.051,0.061,0.07100000000000001,0.081,0.091,0.101,0.111,0.121,0.131,0.14100000000000001,0.151,0.161,0.171,0.181,0.191,0.201,0.211,0.221,0.231,0.241,0.251,0.261,0.271,0.281,0.291,0.301,0.311,0.321,0.331,0.341,0.35100000000000003,0.361,0.371,0.381,0.391,0.401,0.411,0.421,0.431,0.441,0.451,0.461,0.471,0.481,0.491,0.501,0.511,0.521,0.531,0.541,0.551,0.561,0.5710000000000001,0.581,0.591,0.601,0.611,0.621,0.631,0.641,0.651,0.661,0.671,0.681,0.6910000000000001,0.7010000000000001,0.711,0.721,0.731,0.741,0.751,0.761,0.771,0.781,0.791,0.801,0.811,0.821,0.831,0.841,0.851,0.861,0.871,0.881,0.891,0.901,0.911,0.921,0.931,0.941,0.951,0.961,0.971,0.981,0.991,0.99975,0.9999,0.99995,1.0
9.971573101103784476e-01
4.465625275760272015e-04
1.899868122322688902e-04
3.128563271781302111e-04
2.560494613023329221e-04
2.636509813501649062e-04
8.831714392300787182e-04
1.966575951513667040e-04
9.869243479569094325e-05
5.896667046704874636e-05
3.828607081760832762e-05
2.609859605779493182e-05
1.836070629073162638e-05
1.321326794212527802e-05
9.672359350442319819e-06
7.174454797344000318e-06
5.375839305155715163e-06
4.062950382804265094e-06
3.092891521343662140e-06
2.368927368888199654e-06
1.824338830382372358e-06
1.411467182362643307e-06
1.096292614880604765e-06
8.546394778217739918e-07
6.684727048865591224e-07
5.244420965168667401e-07
4.125849224602172663e-07
3.254137076471993998e-07
2.572661580747642760e-07
2.038661344741946305e-07
1.618715214844288013e-07
1.287547573572046026e-07
1.025984922744499391e-07
8.189526891849192812e-08
6.547517371290418276e-08
5.242739361521753249e-08
4.204078060760108037e-08
3.375858867570025693e-08
2.714385715369503038e-08
2.185283309199107380e-08
1.761449259324567619e-08
1.421470926004837273e-08
1.148397753384453638e-08
9.287865338092931401e-09
7.519569268115749744e-09
6.094094611424419134e-09
4.943694729635129902e-09
4.014289076121151002e-09
3.262791539252187672e-09
2.654706245222248489e-09
2.161428118810560964e-09
1.761325688398188306e-09
1.436521405203891616e-09
1.172608311621952357e-09
9.579837309316362612e-10
7.832798833414196498e-10
6.409831705116844666e-10
5.249701762072582667e-10
4.303027512450481154e-10
3.529970329171727078e-10
2.898189441904156830e-10
2.381461229844963775e-10
1.958443224898797456e-10
1.611699593520538911e-10
1.327761317556376081e-10
1.094824368341205192e-10
9.035566009649322998e-11
7.463813946151588950e-11
6.171204122420427562e-11
5.107318272364196880e-11
4.230982627461532016e-11
3.508548583140010258e-11
2.912497633878289823e-11
2.420308565273029089e-11
2.013536912414669773e-11
1.677066351846196602e-11
1.398499464480746501e-11
1.167661560839192651e-11
9.761962964842986491e-12
8.172358633141802797e-12
6.851318165113770861e-12
5.752344989138160678e-12
4.836286660404213797e-12
4.073249098180816698e-12
3.436832929182301998e-12
2.905042570067711214e-12
2.460145504397246901e-12
2.087481126747041148e-12
1.774919554480051412e-12
1.512416829981869436e-12
1.291646316614701457e-12
1.105430771292953844e-12
9.486001597449720872e-13
8.161947540235168585e-13
7.041534048455223749e-13
6.091845669820909160e-13
5.285417946470739544e-13
4.597744780573075341e-13
4.013330100896148192e-13
3.514545833252394964e-13
3.087776851038215465e-13
2.720453990372634048e-13
2.406009650497706117e-13
2.135310976110146482e-13
1.900186464940554677e-13
1.491375971627295908e-13
2.292947805101048266e-15
6.645611448216825146e-16
8.912857525422356114e-13
