# conditioning on: None.
# p2freq: 0.0,7.87616035205941e-05,0.0001375232070411882,0.0003438080176029705,0.000687616035205941,0.001375232070411882,0.011375232070411882,0.021375232070411882,0.03137523207041188,0.04137523207041188,0.05137523207041189,0.06137523207041188,0.0713752320704119,0.08137523207041189,0.09137523207041187,0.1013752320704119,0.11137523207041189,0.12137523207041187,0.13137523207041188,0.14137523207041192,0.15137523207041187,0.16137523207041188,0.17137523207041191,0.18137523207041187,0.19137523207041188,0.2013752320704119,0.21137523207041187,0.22137523207041188,0.2313752320704119,0.24137523207041187,0.2513752320704119,0.2613752320704119,0.27137523207041186,0.28137523207041193,0.2913752320704118,0.30137523207041184,0.3113752320704119,0.3213752320704119,0.3313752320704119,0.3413752320704119,0.3513752320704119,0.36137523207041183,0.3713752320704119,0.3813752320704119,0.3913752320704119,0.4013752320704119,0.4113752320704119,0.42137523207041183,0.43137523207041184,0.4413752320704119,0.4513752320704119,0.4613752320704119,0.4713752320704119,0.48137523207041183,0.49137523207041184,0.5013752320704119,0.5113752320704119,0.5213752320704119,0.5313752320704119,0.5413752320704119,0.551375232070412,0.561375232070412,0.5713752320704119,0.5813752320704118,0.5913752320704118,0.6013752320704119,0.6113752320704119,0.6213752320704119,0.6313752320704119,0.6413752320704119,0.6513752320704119,0.6613752320704119,0.6713752320704119,0.681375232070412,0.6913752320704118,0.7013752320704119,0.7113752320704118,0.7213752320704119,0.7313752320704119,0.7413752320704119,0.7513752320704119,0.7613752320704119,0.7713752320704119,0.7813752320704119,0.7913752320704119,0.801375232070412,0.8113752320704118,0.8213752320704119,0.8313752320704119,0.8413752320704118,0.8513752320704119,0.8613752320704119,0.8713752320704119,0.8813752320704119,0.8913752320704119,0.9013752320704119,0.9113752320704119,0.9213752320704119,0.931375232070412,0.9413752320704118,0.9513752320704119,0.9613752320704118,0.9713752320704119,0.9813752320704119,0.9913752320704119,0.9996561919823971,0.9998624767929588,0.9999312383964795,1.0
9.972840291457614192e-01
3.232648576956429431e-04
1.364691497916942773e-04
2.225101138941794972e-04
1.785323915964704918e-04
1.786727790506944245e-04
4.853422498199171293e-04
1.178180261126413893e-04
6.681823703635204989e-05
4.654851357150104979e-05
3.663494378781158994e-05
3.032513462831828811e-05
2.654270098477313458e-05
2.357762074105170454e-05
2.152077864991881455e-05
2.006864440553447233e-05
1.866602195633974842e-05
1.775321622246453859e-05
1.677051117840751548e-05
1.614726676526767512e-05
1.539751070062021936e-05
1.483703684714620290e-05
1.443470665585032721e-05
1.388429872265460359e-05
1.356655905097644450e-05
1.309684195548725608e-05
1.283645568415511165e-05
1.242522805943472557e-05
1.212717495590578528e-05
1.192534211844037887e-05
1.157623237744274353e-05
1.140112022339244749e-05
1.108242181509882759e-05
1.092799958266589219e-05
1.063408240517180791e-05
1.042499023672321185e-05
1.029412583621518825e-05
1.002998649314730213e-05
9.911388357096034580e-06
9.663616350487194207e-06
9.555323362526914270e-06
9.321854539614674026e-06
9.159746147807968158e-06
9.064190514266848064e-06
8.849205032223517124e-06
8.760793217692197340e-06
8.556604163118362177e-06
8.474473124519490652e-06
8.279999614028170626e-06
8.147506369630435659e-06
8.073507949757971464e-06
7.893590191782117827e-06
7.824286476830510147e-06
7.650872415856900329e-06
7.586137739901400483e-06
7.420256847475063277e-06
7.309689283952920387e-06
7.251071111728270291e-06
7.095685617571374031e-06
7.040822433884553069e-06
6.891535886585845203e-06
6.838768489801041603e-06
6.695805463610052115e-06
6.602071358712150084e-06
6.554881036558261570e-06
6.419882463581533599e-06
6.375417850683990261e-06
6.245540079848903172e-06
6.203694418119583554e-06
6.078684649579494663e-06
5.998211881148451652e-06
5.960004317047698962e-06
5.841827815283664044e-06
5.805874061731097432e-06
5.691976037081501605e-06
5.658149472792223116e-06
5.548321520049412536e-06
5.478956340905907658e-06
5.448100148324321810e-06
5.344010110028027085e-06
5.315001060224615318e-06
5.214494926823332354e-06
5.187243941559837230e-06
5.089953776478701947e-06
5.028893923933549228e-06
5.004503870971322289e-06
4.912678428866393245e-06
4.889631073741463960e-06
4.800630519404047101e-06
4.778894160903032931e-06
4.692726832442543279e-06
4.640481130168470435e-06
4.620730510659040339e-06
4.537362639241991871e-06
4.518732134413150832e-06
4.439726726479304387e-06
4.422782054651496816e-06
4.346058672016064609e-06
4.300593650529232542e-06
4.283223563915287659e-06
4.209670296619914976e-06
4.195690261381796341e-06
4.124887268003694833e-06
4.107869066179694973e-06
4.038873625406519833e-06
3.322702653077603209e-06
7.737412574123828598e-08
2.244553585005872955e-08
8.738939193580637344e-05
