# conditioning on: None.
# p1freq: 0.0,6e-05,0.0001,0.00025,0.0005,0.001,0.011,0.021,0.031,0.041,0.051,0.061,0.07100000000000001,0.081,0.091,0.101,0.111,0.121,0.131,0.14100000000000001,0.151,0.161,0.171,0.181,0.191,0.201,0.211,0.221,0.231,0.241,0.251,0.261,0.271,0.281,0.291,0.301,0.311,0.321,0.331,0.341,0.35100000000000003,0.361,0.371,0.381,0.391,0.401,0.411,0.421,0.431,0.441,0.451,0.461,0.471,0.481,0.491,0.501,0.511,0.521,0.531,0.541,0.551,0.561,0.5710000000000001,0.581,0.591,0.601,0.611,0.621,0.631,0.641,0.651,0.661,0.671,0.681,0.6910000000000001,0.7010000000000001,0.711,0.721,0.731,0.741,0.751,0.761,0.771,0.781,0.791,0.801,0.811,0.821,0.831,0.841,0.851,0.861,0.871,0.881,0.891,0.901,0.911,0.921,0.931,0.941,0.951,0.961,0.971,0.981,0.991,0.99975,0.9999,0.99995,1.0
9.971277985659882104e-01
4.465487991884387422e-04
1.899806357155737905e-04
3.128454514912017018e-04
2.560395230545236905e-04
2.636398937485923610e-04
8.834503322952866984e-04
1.975057072111366309e-04
9.990427145596809369e-05
6.039870651698280328e-05
3.983469046609110675e-05
2.768929276857484757e-05
1.994012998651182477e-05
1.474545375057271608e-05
1.113407831025264635e-05
8.551650194239306465e-06
6.660528070787890969e-06
5.252446813791498270e-06
4.187883894484243211e-06
3.372388773800672644e-06
2.740842938600777375e-06
2.246381760665812479e-06
1.855193047201124499e-06
1.543471486449161912e-06
1.293121822704934614e-06
1.090591490483198235e-06
9.256245936335832231e-07
7.903872584383886036e-07
6.788445039904757918e-07
5.863964451403271327e-07
5.092539839886088727e-07
4.444900452109557091e-07
3.899069410071924708e-07
3.436802854979938498e-07
3.043477266682903130e-07
2.707306978008359590e-07
2.418744459993337713e-07
2.170017149839436418e-07
1.954767554718811106e-07
1.767771997765692318e-07
1.604719629819909222e-07
1.462037901195836973e-07
1.336754051449496754e-07
1.226384669870448058e-07
1.128847243286317893e-07
1.042389008524436803e-07
9.655294875070605866e-08
8.970138788775330639e-08
8.358032468187687041e-08
7.810830820150181191e-08
7.317947703607447764e-08
6.874127153211387655e-08
6.473759795730878968e-08
6.111873149584078864e-08
5.784163597887376001e-08
5.486878400267486766e-08
5.216814817832817759e-08
4.971115869540805924e-08
4.747296479843669451e-08
4.543201374889448604e-08
4.356931967752405576e-08
4.186821035249713070e-08
4.031213547804861089e-08
3.888418815728562707e-08
3.758617359341859928e-08
3.640118738916106170e-08
3.531993969605238666e-08
3.433466877036398117e-08
3.343855610917164460e-08
3.262562880082689399e-08
3.189067694119829494e-08
3.122918402036201065e-08
3.063726881875101780e-08
3.011163769152671639e-08
2.964954634759318330e-08
2.924877045058449559e-08
2.890758457351971498e-08
2.862474922910227795e-08
2.839950587455845473e-08
2.823157993162043909e-08
2.812119201420482108e-08
2.806903475933055933e-08
2.807055031055551046e-08
2.813546108466794254e-08
2.826672582983970965e-08
2.846480651179371947e-08
2.873364312110358249e-08
2.907805554697211303e-08
2.950387330123771862e-08
3.001809120853211703e-08
3.062897267465602520e-08
3.133722368635714287e-08
3.216773244467499387e-08
3.313250503742053322e-08
3.424530907043486177e-08
3.552565334700752967e-08
3.699655412043930420e-08
3.866904997972947232e-08
4.060104827712597575e-08
4.282494247359874192e-08
4.538604289553236675e-08
4.831258507599342761e-08
5.171314026528138802e-08
5.565907562016341409e-08
6.019543687393381108e-08
5.683612380621745008e-08
9.549223784323466390e-10
2.773201415353769116e-10
3.386515739760844189e-07
