# conditioning on: None.
# p2freq: 0.0,7.87616035205941e-05,0.0001375232070411882,0.0003438080176029705,0.000687616035205941,0.001375232070411882,0.011375232070411882,0.021375232070411882,0.03137523207041188,0.04137523207041188,0.05137523207041189,0.06137523207041188,0.0713752320704119,0.08137523207041189,0.09137523207041187,0.1013752320704119,0.11137523207041189,0.12137523207041187,0.13137523207041188,0.14137523207041192,0.15137523207041187,0.16137523207041188,0.17137523207041191,0.18137523207041187,0.19137523207041188,0.2013752320704119,0.21137523207041187,0.22137523207041188,0.2313752320704119,0.24137523207041187,0.2513752320704119,0.2613752320704119,0.27137523207041186,0.28137523207041193,0.2913752320704118,0.30137523207041184,0.3113752320704119,0.3213752320704119,0.3313752320704119,0.3413752320704119,0.3513752320704119,0.36137523207041183,0.3713752320704119,0.3813752320704119,0.3913752320704119,0.4013752320704119,0.4113752320704119,0.42137523207041183,0.43137523207041184,0.4413752320704119,0.4513752320704119,0.4613752320704119,0.4713752320704119,0.48137523207041183,0.49137523207041184,0.5013752320704119,0.5113752320704119,0.5213752320704119,0.5313752320704119,0.5413752320704119,0.551375232070412,0.561375232070412,0.5713752320704119,0.5813752320704118,0.5913752320704118,0.6013752320704119,0.6113752320704119,0.6213752320704119,0.6313752320704119,0.6413752320704119,0.6513752320704119,0.6613752320704119,0.6713752320704119,0.681375232070412,0.6913752320704118,0.7013752320704119,0.7113752320704118,0.7213752320704119,0.7313752320704119,0.7413752320704119,0.7513752320704119,0.7613752320704119,0.7713752320704119,0.7813752320704119,0.7913752320704119,0.801375232070412,0.8113752320704118,0.8213752320704119,0.8313752320704119,0.8413752320704118,0.8513752320704119,0.8613752320704119,0.8713752320704119,0.8813752320704119,0.8913752320704119,0.9013752320704119,0.9113752320704119,0.9213752320704119,0.931375232070412,0.9413752320704118,0.9513752320704119,0.9613752320704118,0.9713752320704119,0.9813752320704119,0.9913752320704119,0.9996561919823971,0.9998624767929588,0.9999312383964795,1.0
9.981685444417195407e-01
3.233502333326002294e-04
1.364093149394861261e-04
2.221434218626458675e-04
1.777647441315679839e-04
1.770255589903029457e-04
4.632362245318066753e-04
9.879630964508877907e-05
4.942980560003157293e-05
3.042380110458546978e-05
2.124235606818923350e-05
1.568432054893428360e-05
1.232108258596485217e-05
9.883668078571691709e-06
8.198973514316880993e-06
6.986046699010918892e-06
5.968246003431616646e-06
5.239041795021439503e-06
4.587592451867444493e-06
4.110734909604187526e-06
3.661022863582129963e-06
3.306321909266181128e-06
3.023032917778496102e-06
2.740086068620657567e-06
2.529254230701372779e-06
2.311802692702031137e-06
2.149803713725412531e-06
1.978123853461505248e-06
1.838848631940024025e-06
1.724769909952670231e-06
1.599408304057466674e-06
1.506925427757678743e-06
1.403153986587614835e-06
1.327028957874423313e-06
1.239976678119327550e-06
1.168688623695576732e-06
1.110484575366201408e-06
1.042185410054521145e-06
9.928938831446706823e-07
9.341330176861837197e-07
8.920221451269589777e-07
8.410707176027129180e-07
7.994415174891691116e-07
7.657074139394030860e-07
7.240345083742132268e-07
6.947024872437583100e-07
6.579919911841498866e-07
6.323378537059421963e-07
5.998239995597713396e-07
5.733882307225806855e-07
5.521813616393349884e-07
5.249312662134026083e-07
5.061622123241271673e-07
4.816691855430911680e-07
4.649787685189665018e-07
4.429812764362659969e-07
4.252161655492553949e-07
4.111253517546143204e-07
3.922640266114681475e-07
3.796295153803449046e-07
3.625098806188266240e-07
3.510766979674014911e-07
3.355478978389911685e-07
3.230749125525500561e-07
3.132773225758474448e-07
2.997300423584890575e-07
2.908330444223765213e-07
2.784339553565401880e-07
2.703336823758554932e-07
2.589584788395910435e-07
2.498704040086010735e-07
2.427956831996335299e-07
2.327557684260923028e-07
2.262706189775527494e-07
2.170087871896844022e-07
2.110488213022302083e-07
2.024876178063233461e-07
1.956703730762906240e-07
1.903946184167349385e-07
1.827585905871957676e-07
1.778809845357938387e-07
1.707901671840358077e-07
1.662709969973431582e-07
1.596682896461013138e-07
1.543946841790349377e-07
1.503609025756548083e-07
1.444430167344142228e-07
1.406840590221335201e-07
1.351568949780124410e-07
1.316486623430956795e-07
1.264847396063742807e-07
1.223788501701240251e-07
1.192133506770608534e-07
1.145138066487404167e-07
1.115516334596894630e-07
1.072025580479605757e-07
1.044533275946738643e-07
1.003903573435529625e-07
9.716892747624039809e-08
9.465447959484321951e-08
9.098965807053084500e-08
8.870958636833641828e-08
8.532566274096919947e-08
8.315200075406643822e-08
8.002530716438071169e-08
6.459889706625956775e-08
1.491851968994181318e-09
4.327595990663134619e-10
9.456022256647808069e-07
