# conditioning on: None.
# YRIfreq: 0.0,2.207836937734497e-05,4.215673875468994e-05,0.00010539184688672485,0.0002107836937734497,0.0004215673875468994,0.0104215673875469,0.0204215673875469,0.0304215673875469,0.0404215673875469,0.0504215673875469,0.0604215673875469,0.07042156738754692,0.0804215673875469,0.09042156738754689,0.1004215673875469,0.1104215673875469,0.1204215673875469,0.1304215673875469,0.1404215673875469,0.1504215673875469,0.1604215673875469,0.1704215673875469,0.1804215673875469,0.1904215673875469,0.20042156738754688,0.2104215673875469,0.2204215673875469,0.2304215673875469,0.2404215673875469,0.2504215673875469,0.2604215673875469,0.2704215673875469,0.2804215673875469,0.2904215673875469,0.3004215673875469,0.3104215673875469,0.3204215673875469,0.3304215673875469,0.3404215673875469,0.35042156738754693,0.3604215673875469,0.3704215673875469,0.3804215673875469,0.3904215673875469,0.40042156738754686,0.4104215673875469,0.4204215673875469,0.43042156738754694,0.4404215673875469,0.4504215673875469,0.4604215673875469,0.4704215673875469,0.4804215673875469,0.4904215673875469,0.500421567387547,0.510421567387547,0.5204215673875469,0.530421567387547,0.5404215673875469,0.550421567387547,0.560421567387547,0.5704215673875469,0.5804215673875468,0.5904215673875469,0.6004215673875469,0.6104215673875468,0.620421567387547,0.6304215673875468,0.640421567387547,0.6504215673875469,0.6604215673875469,0.670421567387547,0.6804215673875469,0.690421567387547,0.7004215673875469,0.7104215673875469,0.7204215673875468,0.7304215673875468,0.7404215673875469,0.750421567387547,0.7604215673875468,0.770421567387547,0.780421567387547,0.7904215673875469,0.8004215673875469,0.810421567387547,0.8204215673875469,0.8304215673875469,0.8404215673875469,0.8504215673875468,0.8604215673875469,0.870421567387547,0.8804215673875468,0.8904215673875469,0.900421567387547,0.9104215673875469,0.9204215673875469,0.930421567387547,0.940421567387547,0.9504215673875469,0.9604215673875469,0.9704215673875468,0.9804215673875468,0.9904215673875469,0.9998946081531133,0.9999578432612453,0.9999789216306226,1.0
9.932995568491868044e-01
1.055158453992016123e-03
4.492068434355694418e-04
7.398843013852562760e-04
6.056901510929497663e-04
6.236960055820483595e-04
2.646684622355997309e-03
3.347866832208795597e-04
1.264280734156568442e-04
5.737638132536143827e-05
2.851839202038406406e-05
1.483365718658220246e-05
7.991834488356850782e-06
4.409858337611588148e-06
2.463909249136147649e-06
1.399984844932014084e-06
7.999270729887955675e-07
4.627929440075934541e-07
2.683679277205247761e-07
1.568818407390103757e-07
9.228905822885724993e-08
5.427693862656391989e-08
3.217710480421441692e-08
1.904804595784621524e-08
1.133756895397199996e-08
6.775889282242517614e-09
4.041289271700398443e-09
2.425782288939460506e-09
1.452677876958105397e-09
8.750597151303884258e-10
5.257194637493759283e-10
3.171855046302048249e-10
1.919627706134592548e-10
1.158412374802368758e-10
7.030155076819340207e-11
4.253666247800619653e-11
2.588356402591720792e-11
1.569923313323311335e-11
9.558635243669486036e-12
5.836149123057461880e-12
3.552102744683749535e-12
2.173703130079559131e-12
1.325951151021355685e-12
8.118700165895187081e-13
4.984498387637078826e-13
3.050361599930782850e-13
1.876744791925220261e-13
1.150919450814959850e-13
7.095772904741452256e-14
4.360462903026792210e-14
2.689433787760219209e-14
1.663175744588488023e-14
1.025141719014727654e-14
6.352243978578689710e-15
3.923138931407498525e-15
2.435733051167305173e-15
1.507266127511226125e-15
9.361060667555350604e-16
5.828978412876512065e-16
3.617560122926770628e-16
2.256964197763935829e-16
1.403427346274297008e-16
8.758414961904656049e-17
5.480258774784027689e-17
3.417739980539118365e-17
2.142750348979578685e-17
1.338983535868034957e-17
8.411702266758709508e-18
5.267167033051249618e-18
3.310332924070844505e-18
2.086181633588460058e-18
1.310534415845103629e-18
8.277535073150919706e-19
5.211944188141550448e-19
3.294332255365218005e-19
2.088279873319628045e-19
1.319780407424720760e-19
8.389719132650668769e-20
5.318172982694341772e-20
3.390830346571300011e-20
2.156227381141460012e-20
1.377117668407966448e-20
8.826247099933629184e-21
5.643930329705955748e-21
3.631807743892443715e-21
2.332894632096318039e-21
1.508823445359007262e-21
9.743666524970865878e-22
6.327802922615864553e-22
4.130106430995598430e-22
2.693893882231226485e-22
1.772417621017688232e-22
1.166595605263076476e-22
7.738754756146819215e-23
5.172159875761541023e-23
3.465927854387073138e-23
2.350597123943140199e-23
1.601108349621335467e-23
1.106055752473517140e-23
7.695346674949876061e-24
5.433938371427044931e-24
3.898399094578525935e-24
2.827791994508206342e-24
2.094723604914569205e-24
1.572346893926604890e-24
1.149780216377584195e-24
6.371804839177999423e-27
1.846825026649196367e-27
1.300873775759339448e-15
