# conditioning on: None.
# ooAfreq: 0.0,0.00017761603673613563,0.00035323207347227127,0.0008830801836806782,0.0017661603673613563,0.0035323207347227126,0.013532320734722714,0.023532320734722716,0.03353232073472271,0.04353232073472271,0.053532320734722715,0.0635323207347227,0.07353232073472273,0.08353232073472272,0.0935323207347227,0.10353232073472272,0.11353232073472272,0.1235323207347227,0.13353232073472274,0.14353232073472272,0.1535323207347227,0.16353232073472274,0.17353232073472272,0.1835323207347227,0.1935323207347227,0.20353232073472272,0.2135323207347227,0.22353232073472273,0.23353232073472271,0.2435323207347227,0.2535323207347227,0.2635323207347227,0.2735323207347227,0.28353232073472273,0.2935323207347227,0.3035323207347227,0.3135323207347227,0.3235323207347227,0.3335323207347227,0.34353232073472273,0.35353232073472274,0.36353232073472264,0.3735323207347227,0.3835323207347227,0.3935323207347228,0.4035323207347227,0.41353232073472274,0.4235323207347227,0.4335323207347227,0.44353232073472276,0.4535323207347227,0.4635323207347227,0.4735323207347228,0.4835323207347227,0.49353232073472275,0.5035323207347228,0.5135323207347227,0.5235323207347228,0.5335323207347228,0.5435323207347227,0.5535323207347228,0.5635323207347227,0.5735323207347227,0.5835323207347226,0.5935323207347227,0.6035323207347226,0.6135323207347226,0.6235323207347228,0.6335323207347227,0.6435323207347228,0.6535323207347228,0.6635323207347227,0.6735323207347228,0.6835323207347228,0.6935323207347227,0.7035323207347228,0.7135323207347227,0.7235323207347226,0.7335323207347227,0.7435323207347228,0.7535323207347228,0.7635323207347227,0.7735323207347227,0.7835323207347228,0.7935323207347228,0.8035323207347228,0.8135323207347227,0.8235323207347227,0.8335323207347227,0.8435323207347227,0.8535323207347226,0.8635323207347226,0.8735323207347226,0.8835323207347228,0.8935323207347228,0.9035323207347228,0.9135323207347227,0.9235323207347227,0.9335323207347227,0.9435323207347228,0.9535323207347228,0.9635323207347226,0.9735323207347226,0.9835323207347227,0.9935323207347228,0.9991169198163193,0.9996467679265277,0.9998233839632639,1.0
9.934065830854112988e-01
1.265149713153277181e-04
5.417608995446964522e-05
9.010991812110754283e-05
7.542240957051778399e-05
8.086828344271573550e-05
1.797651526969646621e-04
9.487326423821184826e-05
7.098972594876798480e-05
6.158629096194015906e-05
5.528090245791525414e-05
5.026002522642181874e-05
4.822060318096029364e-05
4.523305829500526921e-05
4.432455532421517187e-05
4.291792232042810316e-05
4.103614431139602212e-05
4.080373134688814233e-05
3.997282485121381738e-05
3.857217314854373690e-05
3.863899980760863675e-05
3.742201906296147056e-05
3.760284681865057170e-05
3.716326542948474368e-05
3.612695055364381234e-05
3.643019527702085343e-05
3.611828638539104410e-05
3.519900708751387753e-05
3.556273131787244650e-05
3.470164650741390706e-05
3.510124059310855453e-05
3.489885018007434815e-05
3.410707311417818824e-05
3.454996315779495191e-05
3.379564112358507259e-05
3.426276960899646382e-05
3.413895415969921284e-05
3.343215231928149721e-05
3.393167877085371664e-05
3.384524688414666989e-05
3.317845968825072127e-05
3.370759581499153598e-05
3.306441638173207256e-05
3.361249120792713307e-05
3.357999631665311251e-05
3.296901404695870081e-05
3.354529880666538312e-05
3.354250213355848640e-05
3.296072263161413683e-05
3.356561496080608163e-05
3.300199842853988858e-05
3.362644732985531999e-05
3.367138087739658762e-05
3.313366829284032682e-05
3.378865931505534647e-05
3.386176355230695274e-05
3.334898547559020355e-05
3.403668958388335347e-05
3.353941605020760338e-05
3.424975657581862007e-05
3.437213279358894603e-05
3.389810862346504010e-05
3.464485532914893397e-05
3.418601583966135031e-05
3.495851617546491254e-05
3.513264983589235361e-05
3.469641685007922923e-05
3.551026163119724746e-05
3.571745559465258412e-05
3.530371892154223574e-05
3.616235069573110544e-05
3.576359578685754870e-05
3.665408428826619116e-05
3.692048823813699813e-05
3.654444184252867757e-05
3.748628357210153028e-05
3.779122521524027408e-05
3.743824121413524397e-05
3.843592461800583103e-05
3.809855125131728505e-05
3.913605824897331851e-05
3.951107770153109697e-05
3.919775051153356036e-05
4.029961065653259151e-05
4.000274382410111586e-05
4.114331873492243667e-05
4.157832411983228570e-05
4.130335666774832864e-05
4.252265833703830987e-05
4.302636689993966757e-05
4.277975927272293288e-05
4.407952255578570028e-05
4.385123795716076845e-05
4.520867608527861375e-05
4.580853622523329644e-05
4.560956734946546617e-05
4.706116825623339080e-05
4.772107934942716116e-05
4.751187823977739017e-05
4.905365558839603572e-05
4.890189271541222477e-05
5.052132353224376727e-05
5.130091163057228046e-05
5.116979646746833729e-05
5.273555948812038623e-05
2.972712441529237089e-05
2.661253222950518535e-06
7.725350462996404298e-07
2.061562410828667816e-03
