# conditioning on: None.
# YRIfreq: 0.0,2.207836937734497e-05,4.215673875468994e-05,0.00010539184688672485,0.0002107836937734497,0.0004215673875468994,0.0104215673875469,0.0204215673875469,0.0304215673875469,0.0404215673875469,0.0504215673875469,0.0604215673875469,0.07042156738754692,0.0804215673875469,0.09042156738754689,0.1004215673875469,0.1104215673875469,0.1204215673875469,0.1304215673875469,0.1404215673875469,0.1504215673875469,0.1604215673875469,0.1704215673875469,0.1804215673875469,0.1904215673875469,0.20042156738754688,0.2104215673875469,0.2204215673875469,0.2304215673875469,0.2404215673875469,0.2504215673875469,0.2604215673875469,0.2704215673875469,0.2804215673875469,0.2904215673875469,0.3004215673875469,0.3104215673875469,0.3204215673875469,0.3304215673875469,0.3404215673875469,0.35042156738754693,0.3604215673875469,0.3704215673875469,0.3804215673875469,0.3904215673875469,0.40042156738754686,0.4104215673875469,0.4204215673875469,0.43042156738754694,0.4404215673875469,0.4504215673875469,0.4604215673875469,0.4704215673875469,0.4804215673875469,0.4904215673875469,0.500421567387547,0.510421567387547,0.5204215673875469,0.530421567387547,0.5404215673875469,0.550421567387547,0.560421567387547,0.5704215673875469,0.5804215673875468,0.5904215673875469,0.6004215673875469,0.6104215673875468,0.620421567387547,0.6304215673875468,0.640421567387547,0.6504215673875469,0.6604215673875469,0.670421567387547,0.6804215673875469,0.690421567387547,0.7004215673875469,0.7104215673875469,0.7204215673875468,0.7304215673875468,0.7404215673875469,0.750421567387547,0.7604215673875468,0.770421567387547,0.780421567387547,0.7904215673875469,0.8004215673875469,0.810421567387547,0.8204215673875469,0.8304215673875469,0.8404215673875469,0.8504215673875468,0.8604215673875469,0.870421567387547,0.8804215673875468,0.8904215673875469,0.900421567387547,0.9104215673875469,0.9204215673875469,0.930421567387547,0.940421567387547,0.9504215673875469,0.9604215673875469,0.9704215673875468,0.9804215673875468,0.9904215673875469,0.9998946081531133,0.9999578432612453,0.9999789216306226,1.0
9.828319129754450323e-01
1.045066206267133676e-03
4.453434405973464845e-04
7.348334823481805517e-04
6.038626336651866603e-04
6.262090896778525675e-04
3.010480749094982932e-03
6.565384129003572645e-04
3.996159173306030005e-04
2.908929498985221508e-04
2.316291170524810851e-04
1.930058090997837533e-04
1.665324313004215627e-04
1.472732527498741011e-04
1.319389763731053139e-04
1.202472640875015711e-04
1.102526918564339197e-04
1.023757384878984454e-04
9.533105995413414507e-05
8.946926963777245738e-05
8.455686495004753405e-05
7.991858631341347216e-05
7.615436774001907601e-05
7.249154860696578519e-05
6.935671057045366447e-05
6.667070946258852780e-05
6.397231430511703836e-05
6.177959553917750817e-05
5.954093171746716495e-05
5.772690047250473715e-05
5.583071966926007711e-05
5.420179512101189700e-05
5.281190355046222625e-05
5.131682970043851600e-05
5.014503086822216479e-05
4.885919830242449024e-05
4.787651210388804305e-05
4.677196765855550094e-05
4.584459920035916089e-05
4.508277033073259234e-05
4.419802077442090628e-05
4.356267234665076689e-05
4.280294078863131898e-05
4.219131980568841770e-05
4.171971416479487927e-05
4.112267196333578779e-05
4.074718275078823151e-05
4.024596677381914715e-05
3.995869686018687749e-05
3.954556769432941997e-05
3.925782994381559734e-05
3.909180979444612167e-05
3.879984610276083768e-05
3.870944937680459181e-05
3.849306760904650686e-05
3.847525477831553753e-05
3.833159921512916502e-05
3.830486814407963239e-05
3.839420602936658030e-05
3.835736252457664790e-05
3.851810145475228651e-05
3.855261787337861348e-05
3.870451807494586590e-05
3.897576356395406115e-05
3.912090452568398621e-05
3.947031210062713468e-05
3.969393514360074676e-05
4.012713876177155406e-05
4.043521718601660931e-05
4.087331196584522596e-05
4.144765619715852544e-05
4.189895112214739493e-05
4.258207289105878931e-05
4.314476357159822203e-05
4.385985717425051916e-05
4.473686663600981531e-05
4.549363399543403903e-05
4.652802183101537449e-05
4.745483919223856422e-05
4.867957269100834402e-05
4.980737688425369039e-05
5.115675604688786540e-05
5.275389921757610002e-05
5.428161602879426426e-05
5.620114693203266166e-05
5.808539964124598287e-05
6.044219217941853943e-05
6.280567067708058265e-05
6.559839517216815906e-05
6.889616973451756423e-05
7.231339208339923261e-05
7.655423873606375404e-05
8.108564141611592695e-05
8.652131598260319511e-05
9.306271286219983661e-05
1.003645554123626843e-04
1.095500632347883431e-04
1.201159900247583115e-04
1.335595729695294878e-04
1.495858635030182331e-04
1.699651365846137124e-04
1.962965324940448898e-04
2.292479031873943091e-04
2.733981186215336573e-04
3.303972452207050306e-04
3.840373561160019176e-04
2.672731050115234626e-06
7.762363412776902056e-07
1.944137344244909566e-03
