# conditioning on: None.
# CEUfreq: 0.0,1.6793047900314283e-05,3.1586095800628564e-05,7.896523950157141e-05,0.00015793047900314282,0.00031586095800628563,0.010315860958006287,0.020315860958006287,0.030315860958006285,0.04031586095800629,0.05031586095800629,0.060315860958006284,0.0703158609580063,0.08031586095800629,0.09031586095800628,0.10031586095800629,0.11031586095800629,0.12031586095800628,0.1303158609580063,0.1403158609580063,0.15031586095800628,0.1603158609580063,0.1703158609580063,0.18031586095800628,0.1903158609580063,0.2003158609580063,0.21031586095800628,0.2203158609580063,0.2303158609580063,0.24031586095800628,0.2503158609580063,0.2603158609580063,0.2703158609580063,0.2803158609580063,0.29031586095800627,0.3003158609580063,0.3103158609580063,0.3203158609580063,0.3303158609580063,0.3403158609580063,0.3503158609580063,0.3603158609580063,0.3703158609580063,0.3803158609580063,0.3903158609580063,0.4003158609580063,0.4103158609580063,0.42031586095800627,0.4303158609580063,0.4403158609580063,0.4503158609580063,0.4603158609580063,0.4703158609580063,0.48031586095800627,0.4903158609580062,0.5003158609580063,0.5103158609580063,0.5203158609580063,0.5303158609580063,0.5403158609580063,0.5503158609580063,0.5603158609580063,0.5703158609580063,0.5803158609580062,0.5903158609580063,0.6003158609580063,0.6103158609580063,0.6203158609580063,0.6303158609580063,0.6403158609580063,0.6503158609580063,0.6603158609580063,0.6703158609580063,0.6803158609580063,0.6903158609580063,0.7003158609580064,0.7103158609580063,0.7203158609580063,0.7303158609580062,0.7403158609580063,0.7503158609580063,0.7603158609580063,0.7703158609580063,0.7803158609580063,0.7903158609580063,0.8003158609580063,0.8103158609580063,0.8203158609580063,0.8303158609580064,0.8403158609580063,0.8503158609580063,0.8603158609580063,0.8703158609580063,0.8803158609580063,0.8903158609580063,0.9003158609580063,0.9103158609580063,0.9203158609580063,0.9303158609580063,0.9403158609580063,0.9503158609580064,0.9603158609580063,0.9703158609580063,0.9803158609580062,0.9903158609580063,0.9999210347604984,0.9999684139041993,0.9999842069520997,1.0
9.928533910604609991e-01
1.361521233585283363e-03
5.690241005008503774e-04
9.283212790193468705e-04
7.380609843248512464e-04
7.264241547333692749e-04
2.438522524921316742e-03
1.627494286264788838e-04
6.433381389724462615e-05
3.561605291979840502e-05
2.316698522508268095e-05
1.655437325410135429e-05
1.250355011906428390e-05
9.838720148142980173e-06
7.957517562911545106e-06
6.567763762866253479e-06
5.511001806514381333e-06
4.664509275735007606e-06
3.992812200441437484e-06
3.443922700378277229e-06
2.989532302212787377e-06
2.613099228427840337e-06
2.287641846290025234e-06
2.014133963720738614e-06
1.779670104454855482e-06
1.577461603070862230e-06
1.402275771640331278e-06
1.251623574910092619e-06
1.116215166602539388e-06
9.992574650871684567e-07
8.963149574325644189e-07
8.054339632447268858e-07
7.260638022632950090e-07
6.535281584207024628e-07
5.900394526674464301e-07
5.334612828838787800e-07
4.829299046597479471e-07
4.383747548021032101e-07
3.971307345414125268e-07
3.607548756086746465e-07
3.280478186328393868e-07
2.985966120815710519e-07
2.724483705644883235e-07
2.480315495931731353e-07
2.263693080181943331e-07
2.067536359821024348e-07
1.889874132098201322e-07
1.728778213201232981e-07
1.584881139270300698e-07
1.449342313940589278e-07
1.328438741858869533e-07
1.218370913361016613e-07
1.118079747380704595e-07
1.028175854090933203e-07
9.430284286464625959e-08
8.668009886598682228e-08
7.971397165046250980e-08
7.334223269675313308e-08
6.761232862232021058e-08
6.216046562953055791e-08
5.726602331430461355e-08
5.277793599927680323e-08
4.866012457650553974e-08
4.494763673608375067e-08
4.140103282857521745e-08
3.820945200835421983e-08
3.527543685143116243e-08
3.257653594000191554e-08
3.009007642797676171e-08
2.784444490347350238e-08
2.569120428165406923e-08
2.374841509216536902e-08
2.195699465784814254e-08
2.030449425247408125e-08
1.880806455766160686e-08
1.736961655884299623e-08
1.606966028308030533e-08
1.486869620568334435e-08
1.375904024174840165e-08
1.275180053772840082e-08
1.178266165458322666e-08
1.090515806717903814e-08
1.009316013274306727e-08
9.341587951598356513e-09
8.658972592944643547e-09
8.000276806547873446e-09
7.403650630299500885e-09
6.850909948938495516e-09
6.338562911647562644e-09
5.863712821208439281e-09
5.431439725597379010e-09
5.014598467623900985e-09
4.636153866782236020e-09
4.285091014056164389e-09
3.959143744770916128e-09
3.662782865702859796e-09
3.376477970203590822e-09
3.116056753841815425e-09
2.874844967333163484e-09
2.650646499558354481e-09
2.446325629848429019e-09
2.249209891928958778e-09
2.069950649107961471e-09
1.903318809072356516e-09
1.748555484676960386e-09
1.543859784441347087e-09
6.827479930824652728e-12
1.968563032712849706e-12
1.002211007284368931e-08
