# conditioning on: None.
# YRIfreq: 0.0,2.207836937734497e-05,4.215673875468994e-05,0.00010539184688672485,0.0002107836937734497,0.0004215673875468994,0.0104215673875469,0.0204215673875469,0.0304215673875469,0.0404215673875469,0.0504215673875469,0.0604215673875469,0.07042156738754692,0.0804215673875469,0.09042156738754689,0.1004215673875469,0.1104215673875469,0.1204215673875469,0.1304215673875469,0.1404215673875469,0.1504215673875469,0.1604215673875469,0.1704215673875469,0.1804215673875469,0.1904215673875469,0.20042156738754688,0.2104215673875469,0.2204215673875469,0.2304215673875469,0.2404215673875469,0.2504215673875469,0.2604215673875469,0.2704215673875469,0.2804215673875469,0.2904215673875469,0.3004215673875469,0.3104215673875469,0.3204215673875469,0.3304215673875469,0.3404215673875469,0.35042156738754693,0.3604215673875469,0.3704215673875469,0.3804215673875469,0.3904215673875469,0.40042156738754686,0.4104215673875469,0.4204215673875469,0.43042156738754694,0.4404215673875469,0.4504215673875469,0.4604215673875469,0.4704215673875469,0.4804215673875469,0.4904215673875469,0.500421567387547,0.510421567387547,0.5204215673875469,0.530421567387547,0.5404215673875469,0.550421567387547,0.560421567387547,0.5704215673875469,0.5804215673875468,0.5904215673875469,0.6004215673875469,0.6104215673875468,0.620421567387547,0.6304215673875468,0.640421567387547,0.6504215673875469,0.6604215673875469,0.670421567387547,0.6804215673875469,0.690421567387547,0.7004215673875469,0.7104215673875469,0.7204215673875468,0.7304215673875468,0.7404215673875469,0.750421567387547,0.7604215673875468,0.770421567387547,0.780421567387547,0.7904215673875469,0.8004215673875469,0.810421567387547,0.8204215673875469,0.8304215673875469,0.8404215673875469,0.8504215673875468,0.8604215673875469,0.870421567387547,0.8804215673875468,0.8904215673875469,0.900421567387547,0.9104215673875469,0.9204215673875469,0.930421567387547,0.940421567387547,0.9504215673875469,0.9604215673875469,0.9704215673875468,0.9804215673875468,0.9904215673875469,0.9998946081531133,0.9999578432612453,0.9999789216306226,1.0
9.845373290149750378e-01
1.046823699081624081e-03
4.461239434742656027e-04
7.361273614510875337e-04
6.049729918602616283e-04
6.274463903533555788e-04
3.023080840289273964e-03
6.635267884055282570e-04
4.047706413069367430e-04
2.946049023621932815e-04
2.341325606244349918e-04
1.944636115811774362e-04
1.670858331813236881e-04
1.470451683854686806e-04
1.310406362649655656e-04
1.187690067464778482e-04
1.082903134935639074e-04
1.000021562901288108e-04
9.262490305395782461e-05
8.648975284796081619e-05
8.135526803038474822e-05
7.656097367566719141e-05
7.267142516345982716e-05
6.893740929034585841e-05
6.576017074113331602e-05
6.305588202190497463e-05
6.038238203939696997e-05
5.822393796018595556e-05
5.605352506380229221e-05
5.431009976617158822e-05
5.251342393060693086e-05
5.098869402941543373e-05
4.970631078365927991e-05
4.833957662184257189e-05
4.728961087348734749e-05
4.614224809035767817e-05
4.528892058008590003e-05
4.432518361720392039e-05
4.353322013784910975e-05
4.290147269435213385e-05
4.215424116346542160e-05
4.164528121955490462e-05
4.101687382535403655e-05
4.052873732075066036e-05
4.017337670622755518e-05
3.969462058185984287e-05
3.942663060668451767e-05
3.903351813750764119e-05
3.884412059428700063e-05
3.852836700013291473e-05
3.833033509038474824e-05
3.824711343512141184e-05
3.803632420806200799e-05
3.801876079880001118e-05
3.787311759311363344e-05
3.791858902438111463e-05
3.783594019457260660e-05
3.786436021429394864e-05
3.800376266832081282e-05
3.801447810737720780e-05
3.821737026873628883e-05
3.829156408696844307e-05
3.847893583373523225e-05
3.878195201371085224e-05
3.895654971355546204e-05
3.933177478255371336e-05
3.957904227325335385e-05
4.003280746219168608e-05
4.035939847959991392e-05
4.081346078726963850e-05
4.140144096416348464e-05
4.186434109415369261e-05
4.255664161448774664e-05
4.312618778315869243e-05
4.384533415571176566e-05
4.472312924946703040e-05
4.547825285016815158e-05
4.650782741502306692e-05
4.742564219023297846e-05
4.863590575936838469e-05
4.974263283516914760e-05
5.106206758990512870e-05
5.261735651847500127e-05
5.408835004247672222e-05
5.593076101218836691e-05
5.771433995527887632e-05
5.993448495423551374e-05
6.211743669885984179e-05
6.466683324945417016e-05
6.763450796090196158e-05
7.061599206358883107e-05
7.426268572559092181e-05
7.800283020479476545e-05
8.236044249593151576e-05
8.742411782662469998e-05
9.274146778351187578e-05
9.917042860957147362e-05
1.059987128224098332e-04
1.142181399414093413e-04
1.230967206044302951e-04
1.334837519512140460e-04
1.457232228638922177e-04
1.591342380948065232e-04
1.753414622875464058e-04
1.932510991371162376e-04
2.027278227071783827e-04
1.337686177430635003e-06
3.883060253587249592e-07
9.725257434523910298e-04
