# conditioning on: None.
# ooAfreq: 0.0,0.00017761603673613563,0.00035323207347227127,0.0008830801836806782,0.0017661603673613563,0.0035323207347227126,0.013532320734722714,0.023532320734722716,0.03353232073472271,0.04353232073472271,0.053532320734722715,0.0635323207347227,0.07353232073472273,0.08353232073472272,0.0935323207347227,0.10353232073472272,0.11353232073472272,0.1235323207347227,0.13353232073472274,0.14353232073472272,0.1535323207347227,0.16353232073472274,0.17353232073472272,0.1835323207347227,0.1935323207347227,0.20353232073472272,0.2135323207347227,0.22353232073472273,0.23353232073472271,0.2435323207347227,0.2535323207347227,0.2635323207347227,0.2735323207347227,0.28353232073472273,0.2935323207347227,0.3035323207347227,0.3135323207347227,0.3235323207347227,0.3335323207347227,0.34353232073472273,0.35353232073472274,0.36353232073472264,0.3735323207347227,0.3835323207347227,0.3935323207347228,0.4035323207347227,0.41353232073472274,0.4235323207347227,0.4335323207347227,0.44353232073472276,0.4535323207347227,0.4635323207347227,0.4735323207347228,0.4835323207347227,0.49353232073472275,0.5035323207347228,0.5135323207347227,0.5235323207347228,0.5335323207347228,0.5435323207347227,0.5535323207347228,0.5635323207347227,0.5735323207347227,0.5835323207347226,0.5935323207347227,0.6035323207347226,0.6135323207347226,0.6235323207347228,0.6335323207347227,0.6435323207347228,0.6535323207347228,0.6635323207347227,0.6735323207347228,0.6835323207347228,0.6935323207347227,0.7035323207347228,0.7135323207347227,0.7235323207347226,0.7335323207347227,0.7435323207347228,0.7535323207347228,0.7635323207347227,0.7735323207347227,0.7835323207347228,0.7935323207347228,0.8035323207347228,0.8135323207347227,0.8235323207347227,0.8335323207347227,0.8435323207347227,0.8535323207347226,0.8635323207347226,0.8735323207347226,0.8835323207347228,0.8935323207347228,0.9035323207347228,0.9135323207347227,0.9235323207347227,0.9335323207347227,0.9435323207347228,0.9535323207347228,0.9635323207347226,0.9735323207347226,0.9835323207347227,0.9935323207347228,0.9991169198163193,0.9996467679265277,0.9998233839632639,1.0
9.924248441919280017e-01
1.262745537447162092e-04
5.398481825282997111e-05
8.959064123962154271e-05
7.461175075308314880e-05
7.930145861015335787e-05
1.712878168734352697e-04
8.647286291770496449e-05
6.292232171600442765e-05
5.355893966697886208e-05
4.743243984879500966e-05
4.271948949863760286e-05
4.071564756590482847e-05
3.802019383505904538e-05
3.714789020761391112e-05
3.590804686416533542e-05
3.430966511526647159e-05
3.411851707579379074e-05
3.344860693751709952e-05
3.231751338353264832e-05
3.242886747814828290e-05
3.147275779506341389e-05
3.170044168648674028e-05
3.141380190119306406e-05
3.062581838493462770e-05
3.097794639330498983e-05
3.081362904861299475e-05
3.013154700994680920e-05
3.055026382038673747e-05
2.991886101739553845e-05
3.037616481269578723e-05
3.031704815111057875e-05
2.974415898821749059e-05
3.024914513159588018e-05
2.970694074161797025e-05
3.023932813316351355e-05
3.025424347127693127e-05
2.975003031236914588e-05
3.032004902717578675e-05
3.037056112272536388e-05
2.989769527611267600e-05
3.050327753260257760e-05
3.004878295841482887e-05
3.067775665750082709e-05
3.078123982733802449e-05
3.035193930422203375e-05
3.101673719051324635e-05
3.115082961401876351e-05
3.074489957845368199e-05
3.144725850178327819e-05
3.105633847186905811e-05
3.178509856802178810e-05
3.197162254903137852e-05
3.160308441439970073e-05
3.237429777294516866e-05
3.259418099648017333e-05
3.224868210639670214e-05
3.306681168100312243e-05
3.273662813749252001e-05
3.358835999872345602e-05
3.387114156716698716e-05
3.356563885081448171e-05
3.447295349438817252e-05
3.418488605194407897e-05
3.513276191951777489e-05
3.548892649537740323e-05
3.522906964195493377e-05
3.624420819616310961e-05
3.665129783538290798e-05
3.642257387745354469e-05
3.751354753588027413e-05
3.730745650839892714e-05
3.845424177534600854e-05
3.896058662663876503e-05
3.879199501426691839e-05
4.003199949162911309e-05
4.060851304795827851e-05
4.048228396306527053e-05
4.182816929108661516e-05
4.173323644222504006e-05
4.315747441687771765e-05
4.387273906920595716e-05
4.383038641669504765e-05
4.538618004376880925e-05
4.538297312739327600e-05
4.702809475123550788e-05
4.789405210261588817e-05
4.795152442098858398e-05
4.976458269697614647e-05
5.077279234216133845e-05
5.090769635377383689e-05
5.290747251688540122e-05
5.309869944502661540e-05
5.523770568133238619e-05
5.649351392933623105e-05
5.678110383069311155e-05
5.915637229338905679e-05
6.058626927658995037e-05
6.093198601618001023e-05
6.356032266543097610e-05
6.403373512858677636e-05
6.686926000174889012e-05
6.865772377724697461e-05
6.925548979874549406e-05
7.219675954630364447e-05
4.107139668494424496e-05
3.690326097346987220e-06
1.071732604439370335e-06
2.991481655738034446e-03
