# conditioning on: None.
# YRIfreq: 0.0,2.207836937734497e-05,4.215673875468994e-05,0.00010539184688672485,0.0002107836937734497,0.0004215673875468994,0.0104215673875469,0.0204215673875469,0.0304215673875469,0.0404215673875469,0.0504215673875469,0.0604215673875469,0.07042156738754692,0.0804215673875469,0.09042156738754689,0.1004215673875469,0.1104215673875469,0.1204215673875469,0.1304215673875469,0.1404215673875469,0.1504215673875469,0.1604215673875469,0.1704215673875469,0.1804215673875469,0.1904215673875469,0.20042156738754688,0.2104215673875469,0.2204215673875469,0.2304215673875469,0.2404215673875469,0.2504215673875469,0.2604215673875469,0.2704215673875469,0.2804215673875469,0.2904215673875469,0.3004215673875469,0.3104215673875469,0.3204215673875469,0.3304215673875469,0.3404215673875469,0.35042156738754693,0.3604215673875469,0.3704215673875469,0.3804215673875469,0.3904215673875469,0.40042156738754686,0.4104215673875469,0.4204215673875469,0.43042156738754694,0.4404215673875469,0.4504215673875469,0.4604215673875469,0.4704215673875469,0.4804215673875469,0.4904215673875469,0.500421567387547,0.510421567387547,0.5204215673875469,0.530421567387547,0.5404215673875469,0.550421567387547,0.560421567387547,0.5704215673875469,0.5804215673875468,0.5904215673875469,0.6004215673875469,0.6104215673875468,0.620421567387547,0.6304215673875468,0.640421567387547,0.6504215673875469,0.6604215673875469,0.670421567387547,0.6804215673875469,0.690421567387547,0.7004215673875469,0.7104215673875469,0.7204215673875468,0.7304215673875468,0.7404215673875469,0.750421567387547,0.7604215673875468,0.770421567387547,0.780421567387547,0.7904215673875469,0.8004215673875469,0.810421567387547,0.8204215673875469,0.8304215673875469,0.8404215673875469,0.8504215673875468,0.8604215673875469,0.870421567387547,0.8804215673875468,0.8904215673875469,0.900421567387547,0.9104215673875469,0.9204215673875469,0.930421567387547,0.940421567387547,0.9504215673875469,0.9604215673875469,0.9704215673875468,0.9804215673875468,0.9904215673875469,0.9998946081531133,0.9999578432612453,0.9999789216306226,1.0
9.908207559613898541e-01
1.053353982668502054e-03
4.488872494755534698e-04
7.405559232256520149e-04
6.084108837072276042e-04
6.306237187566667837e-04
3.002076318039872873e-03
6.246841881929515901e-04
3.622811149954669211e-04
2.502976215506501063e-04
1.886472822195508819e-04
1.485419958442222969e-04
1.210052733451609026e-04
1.009944465173307621e-04
8.540023129515443177e-05
7.348860061126692331e-05
6.366025976961509015e-05
5.589258840409980320e-05
4.925008635312940418e-05
4.377891225733411990e-05
3.922193805915963582e-05
3.517280759433959582e-05
3.182666312792049813e-05
2.879004512386416922e-05
2.619684103894737973e-05
2.396491975001987875e-05
2.189696812380994840e-05
2.014814143990360662e-05
1.850941423996848716e-05
1.711241078219168037e-05
1.578758185653584287e-05
1.462568968816503957e-05
1.360125620094789514e-05
1.261636596748368453e-05
1.177047714133730566e-05
1.095090615328992268e-05
1.024665483526904418e-05
9.558326277169835143e-06
8.945997616422125874e-06
8.399369302518475881e-06
7.861257634642103350e-06
7.396102847621230122e-06
6.935768385539923079e-06
6.524113161943441097e-06
6.154732302917136136e-06
5.786583941469885473e-06
5.467739320310673565e-06
5.148602614238214132e-06
4.872102166858718542e-06
4.594250542535949671e-06
4.344556482165174162e-06
4.119527256834766946e-06
3.892155962339954876e-06
3.695111193003772941e-06
3.495336699087679822e-06
3.322205416527514639e-06
3.146136996638603327e-06
2.987468972113006351e-06
2.844113596647382401e-06
2.697627840279589902e-06
2.570782757289032249e-06
2.440787543941280412e-06
2.323486142434244771e-06
2.217410792780762270e-06
2.108241028611226764e-06
2.013818898109982400e-06
1.916377284666655329e-06
1.832147695105918407e-06
1.744992819374532471e-06
1.666267997769182670e-06
1.595030019959622816e-06
1.521029905400722905e-06
1.457171638655126440e-06
1.390667849507859810e-06
1.330576910603301237e-06
1.276142506081366172e-06
1.219141760799914809e-06
1.170199120676693371e-06
1.118908317009601742e-06
1.074776446610298215e-06
1.028412148294759834e-06
9.865185710953599485e-07
9.486207729042106108e-07
9.086551932033655876e-07
8.742094237001648613e-07
8.379407632929079234e-07
8.068627339967503363e-07
7.739293121231521730e-07
7.441855059269401778e-07
7.172806485541517142e-07
6.885577381837548708e-07
6.641186119794347693e-07
6.380607397861758184e-07
6.145418303175402808e-07
5.931927259367277724e-07
5.704286266512107340e-07
5.510680309564165301e-07
5.302442370276475584e-07
5.124672217305123024e-07
4.934627673400651513e-07
4.762302420170420394e-07
4.607408879327177645e-07
4.439879141059050562e-07
4.298174155723338758e-07
4.143670816279517632e-07
3.799774328689542067e-07
2.344619965019264069e-09
6.801892212857597678e-10
1.706232906078398623e-06
