# conditioning on: None.
# CEUfreq: 0.0,1.6793047900314283e-05,3.1586095800628564e-05,7.896523950157141e-05,0.00015793047900314282,0.00031586095800628563,0.010315860958006287,0.020315860958006287,0.030315860958006285,0.04031586095800629,0.05031586095800629,0.060315860958006284,0.0703158609580063,0.08031586095800629,0.09031586095800628,0.10031586095800629,0.11031586095800629,0.12031586095800628,0.1303158609580063,0.1403158609580063,0.15031586095800628,0.1603158609580063,0.1703158609580063,0.18031586095800628,0.1903158609580063,0.2003158609580063,0.21031586095800628,0.2203158609580063,0.2303158609580063,0.24031586095800628,0.2503158609580063,0.2603158609580063,0.2703158609580063,0.2803158609580063,0.29031586095800627,0.3003158609580063,0.3103158609580063,0.3203158609580063,0.3303158609580063,0.3403158609580063,0.3503158609580063,0.3603158609580063,0.3703158609580063,0.3803158609580063,0.3903158609580063,0.4003158609580063,0.4103158609580063,0.42031586095800627,0.4303158609580063,0.4403158609580063,0.4503158609580063,0.4603158609580063,0.4703158609580063,0.48031586095800627,0.4903158609580062,0.5003158609580063,0.5103158609580063,0.5203158609580063,0.5303158609580063,0.5403158609580063,0.5503158609580063,0.5603158609580063,0.5703158609580063,0.5803158609580062,0.5903158609580063,0.6003158609580063,0.6103158609580063,0.6203158609580063,0.6303158609580063,0.6403158609580063,0.6503158609580063,0.6603158609580063,0.6703158609580063,0.6803158609580063,0.6903158609580063,0.7003158609580064,0.7103158609580063,0.7203158609580063,0.7303158609580062,0.7403158609580063,0.7503158609580063,0.7603158609580063,0.7703158609580063,0.7803158609580063,0.7903158609580063,0.8003158609580063,0.8103158609580063,0.8203158609580063,0.8303158609580064,0.8403158609580063,0.8503158609580063,0.8603158609580063,0.8703158609580063,0.8803158609580063,0.8903158609580063,0.9003158609580063,0.9103158609580063,0.9203158609580063,0.9303158609580063,0.9403158609580063,0.9503158609580064,0.9603158609580063,0.9703158609580063,0.9803158609580062,0.9903158609580063,0.9999210347604984,0.9999684139041993,0.9999842069520997,1.0
9.869397528369115991e-01
1.354230604544288865e-03
5.662644713910698667e-04
9.247592630814870833e-04
7.367804364248383558e-04
7.279235647469508132e-04
2.580684656293529260e-03
2.295760209030159706e-04
1.109961053701810109e-04
7.365925725598305724e-05
5.674303727110022996e-05
4.760220637443630769e-05
4.191063223220964986e-05
3.821357296880451075e-05
3.563425897667876367e-05
3.376389879119921024e-05
3.240636678358844032e-05
3.126902891171607436e-05
3.041963473268994591e-05
2.973960765728047884e-05
2.918989426272959646e-05
2.878670320926647415e-05
2.837569472952036019e-05
2.807417838899615355e-05
2.782644645010105762e-05
2.762292794372774496e-05
2.745788638397916287e-05
2.736913089256821604e-05
2.722138581686247622e-05
2.714165903594772510e-05
2.708368387199084731e-05
2.704503924402491959e-05
2.706591998191090588e-05
2.701961085801856340e-05
2.702878166705380351e-05
2.705195741566206608e-05
2.708760508706749750e-05
2.717787232523990912e-05
2.719347035185990986e-05
2.726237311382606406e-05
2.734126646402483730e-05
2.742971285488276966e-05
2.757063673710534856e-05
2.763388757036260574e-05
2.775039026418525006e-05
2.787358584104979370e-05
2.800563410265609164e-05
2.814661647009592630e-05
2.834042104814665853e-05
2.845263144897173553e-05
2.861754147841524766e-05
2.879068504147985153e-05
2.897200566639255296e-05
2.920773219004822242e-05
2.935958877496841384e-05
2.956546805221067640e-05
2.977998666903246776e-05
3.000327300831155214e-05
3.028307629464619676e-05
3.047626604134557067e-05
3.072609653643501132e-05
3.098519163008384668e-05
3.125384547731634583e-05
3.158233548190227162e-05
3.182087164157358579e-05
3.211885442846760744e-05
3.242800284523837651e-05
3.274874785398687322e-05
3.307847348188753807e-05
3.347383536248703183e-05
3.377598546356319745e-05
3.414245572320357173e-05
3.452147287435489094e-05
3.491350041832070954e-05
3.537510411913532339e-05
3.573903566855150457e-05
3.617282161838098164e-05
3.662141836141974015e-05
3.708611430989712971e-05
3.762401356190113851e-05
3.806292955281158450e-05
3.857708796616968791e-05
3.910882151664748000e-05
3.965898119246256433e-05
4.029249614990894465e-05
4.081753400790827884e-05
4.142754319729304214e-05
4.206009645448603420e-05
4.271403491629371089e-05
4.339127163601285537e-05
4.416025374230460386e-05
4.481864395981506138e-05
4.557202981932771528e-05
4.635184978217843951e-05
4.715573066125350424e-05
4.807207485401752565e-05
4.886576548150254657e-05
4.976022350941548882e-05
5.069609291252728518e-05
5.166156934850693773e-05
5.274615898267462659e-05
5.370369967775370015e-05
5.477953507667736142e-05
5.589101091133606811e-05
5.704111598042154715e-05
5.591173372788977973e-05
2.607172494405408246e-07
7.521570241963902907e-08
2.364165516500902915e-03
