# conditioning on: None.
# ooAfreq: 0.0,0.00017761603673613563,0.00035323207347227127,0.0008830801836806782,0.0017661603673613563,0.0035323207347227126,0.013532320734722714,0.023532320734722716,0.03353232073472271,0.04353232073472271,0.053532320734722715,0.0635323207347227,0.07353232073472273,0.08353232073472272,0.0935323207347227,0.10353232073472272,0.11353232073472272,0.1235323207347227,0.13353232073472274,0.14353232073472272,0.1535323207347227,0.16353232073472274,0.17353232073472272,0.1835323207347227,0.1935323207347227,0.20353232073472272,0.2135323207347227,0.22353232073472273,0.23353232073472271,0.2435323207347227,0.2535323207347227,0.2635323207347227,0.2735323207347227,0.28353232073472273,0.2935323207347227,0.3035323207347227,0.3135323207347227,0.3235323207347227,0.3335323207347227,0.34353232073472273,0.35353232073472274,0.36353232073472264,0.3735323207347227,0.3835323207347227,0.3935323207347228,0.4035323207347227,0.41353232073472274,0.4235323207347227,0.4335323207347227,0.44353232073472276,0.4535323207347227,0.4635323207347227,0.4735323207347228,0.4835323207347227,0.49353232073472275,0.5035323207347228,0.5135323207347227,0.5235323207347228,0.5335323207347228,0.5435323207347227,0.5535323207347228,0.5635323207347227,0.5735323207347227,0.5835323207347226,0.5935323207347227,0.6035323207347226,0.6135323207347226,0.6235323207347228,0.6335323207347227,0.6435323207347228,0.6535323207347228,0.6635323207347227,0.6735323207347228,0.6835323207347228,0.6935323207347227,0.7035323207347228,0.7135323207347227,0.7235323207347226,0.7335323207347227,0.7435323207347228,0.7535323207347228,0.7635323207347227,0.7735323207347227,0.7835323207347228,0.7935323207347228,0.8035323207347228,0.8135323207347227,0.8235323207347227,0.8335323207347227,0.8435323207347227,0.8535323207347226,0.8635323207347226,0.8735323207347226,0.8835323207347228,0.8935323207347228,0.9035323207347228,0.9135323207347227,0.9235323207347227,0.9335323207347227,0.9435323207347228,0.9535323207347228,0.9635323207347226,0.9735323207347226,0.9835323207347227,0.9935323207347228,0.9991169198163193,0.9996467679265277,0.9998233839632639,1.0
9.970258230227064811e-01
1.269857176489308460e-04
5.439285773860102195e-05
9.049744607096450613e-05
7.579913791419281264e-05
8.136159200244527082e-05
1.812967566038700305e-04
9.567541487758077082e-05
7.126779465477970320e-05
6.140136488550377377e-05
5.464763287959934737e-05
4.921558478493835758e-05
4.673847663298753938e-05
4.337234384895768637e-05
4.202632420398007566e-05
4.021965128741866518e-05
3.800212265765194543e-05
3.733170852754362794e-05
3.611933394594446940e-05
3.442005613615639815e-05
3.404500364808238903e-05
3.255197542004014977e-05
3.228730573692226098e-05
3.149027903215504602e-05
3.020924257392996565e-05
3.005807557155202984e-05
2.939744327331228211e-05
2.826149660783473534e-05
2.816392342264713940e-05
2.710393240330519755e-05
2.703589683860760761e-05
2.650103151961464578e-05
2.553494415889359813e-05
2.549932767035732652e-05
2.458575464312678563e-05
2.456621626899310938e-05
2.411864300711700874e-05
2.327339551156957305e-05
2.327250715798019666e-05
2.286487016529970261e-05
2.207831097295817342e-05
2.209141566483389802e-05
2.133974154653100130e-05
2.136030837041035522e-05
2.100635236461838461e-05
2.030219162509820478e-05
2.033195037414082694e-05
2.000478222893824632e-05
1.934321976487730744e-05
1.938032692523463651e-05
1.874479871121318439e-05
1.878601022804614852e-05
1.849698647581227184e-05
1.789768808979016830e-05
1.794411419532660553e-05
1.767475810609561056e-05
1.710879166217309206e-05
1.715972708508999736e-05
1.661412738819721354e-05
1.666749987622889208e-05
1.642753135496514817e-05
1.591083435701177312e-05
1.596751993985624318e-05
1.546882062386651638e-05
1.552743757478271849e-05
1.531266791395493638e-05
1.483939296307637839e-05
1.490057423236143047e-05
1.469936179307492433e-05
1.424970324463870227e-05
1.431310147695118081e-05
1.387822560387286340e-05
1.394293360108483222e-05
1.376206442585308493e-05
1.334816225218703104e-05
1.341462897057762916e-05
1.324480615011764047e-05
1.285047504303924328e-05
1.291848132246391811e-05
1.253644224964373593e-05
1.260536789107794666e-05
1.245224485223299212e-05
1.208770051555750075e-05
1.215787704072614676e-05
1.180434673299459997e-05
1.187322292564235012e-05
1.172982063810496138e-05
1.139135461138956538e-05
1.146298934232609738e-05
1.133268483815551545e-05
1.100949496000642955e-05
1.108202053791565554e-05
1.076811854537974278e-05
1.084122374296452447e-05
1.072340391231456041e-05
1.042286496379319791e-05
1.049692816900437010e-05
1.038505827290041395e-05
1.008844771625981012e-05
1.016128696403106425e-05
9.880667540689863122e-06
9.955098155846395095e-06
9.854537101563175328e-06
9.582761291512085044e-06
9.627078661139491190e-06
5.318718303288255908e-06
4.724136575907380993e-07
1.370221506162655003e-07
2.110333745760264296e-04
