# conditioning on: None.
# CEUfreq: 0.0,1.6793047900314283e-05,3.1586095800628564e-05,7.896523950157141e-05,0.00015793047900314282,0.00031586095800628563,0.010315860958006287,0.020315860958006287,0.030315860958006285,0.04031586095800629,0.05031586095800629,0.060315860958006284,0.0703158609580063,0.08031586095800629,0.09031586095800628,0.10031586095800629,0.11031586095800629,0.12031586095800628,0.1303158609580063,0.1403158609580063,0.15031586095800628,0.1603158609580063,0.1703158609580063,0.18031586095800628,0.1903158609580063,0.2003158609580063,0.21031586095800628,0.2203158609580063,0.2303158609580063,0.24031586095800628,0.2503158609580063,0.2603158609580063,0.2703158609580063,0.2803158609580063,0.29031586095800627,0.3003158609580063,0.3103158609580063,0.3203158609580063,0.3303158609580063,0.3403158609580063,0.3503158609580063,0.3603158609580063,0.3703158609580063,0.3803158609580063,0.3903158609580063,0.4003158609580063,0.4103158609580063,0.42031586095800627,0.4303158609580063,0.4403158609580063,0.4503158609580063,0.4603158609580063,0.4703158609580063,0.48031586095800627,0.4903158609580062,0.5003158609580063,0.5103158609580063,0.5203158609580063,0.5303158609580063,0.5403158609580063,0.5503158609580063,0.5603158609580063,0.5703158609580063,0.5803158609580062,0.5903158609580063,0.6003158609580063,0.6103158609580063,0.6203158609580063,0.6303158609580063,0.6403158609580063,0.6503158609580063,0.6603158609580063,0.6703158609580063,0.6803158609580063,0.6903158609580063,0.7003158609580064,0.7103158609580063,0.7203158609580063,0.7303158609580062,0.7403158609580063,0.7503158609580063,0.7603158609580063,0.7703158609580063,0.7803158609580063,0.7903158609580063,0.8003158609580063,0.8103158609580063,0.8203158609580063,0.8303158609580064,0.8403158609580063,0.8503158609580063,0.8603158609580063,0.8703158609580063,0.8803158609580063,0.8903158609580063,0.9003158609580063,0.9103158609580063,0.9203158609580063,0.9303158609580063,0.9403158609580063,0.9503158609580064,0.9603158609580063,0.9703158609580063,0.9803158609580062,0.9903158609580063,0.9999210347604984,0.9999684139041993,0.9999842069520997,1.0
9.890368425518563100e-01
1.356917732975697300e-03
5.673314392719475043e-04
9.262985522987260542e-04
7.376831371001234001e-04
7.282530311651502081e-04
2.562704541284069066e-03
2.285224309536535326e-04
1.147269888727565467e-04
7.937808740148815799e-05
6.341639758136623022e-05
5.475565465199237856e-05
4.926254805611302170e-05
4.562233218688958609e-05
4.300487755878807842e-05
4.103617317954436566e-05
3.954894186877856889e-05
3.823057721750840123e-05
3.719230763468781703e-05
3.630810197395236571e-05
3.554336734796185874e-05
3.492680231534734867e-05
3.427739420419388200e-05
3.374234486074741780e-05
3.325738877609052770e-05
3.281351273213613278e-05
3.240603316504709182e-05
3.207986684112758052e-05
3.167799807813682271e-05
3.135008867361732080e-05
3.104236669503590687e-05
3.075242553392384601e-05
3.052576365229416088e-05
3.021980299578818605e-05
2.997318620975515430e-05
2.973908059689670119e-05
2.951579621870635857e-05
2.934864437136905545e-05
2.909816453058368808e-05
2.890271672956939023e-05
2.871524912066759520e-05
2.853520297445598237e-05
2.840646838407714133e-05
2.819516284724757192e-05
2.803595811992725710e-05
2.788082323151401182e-05
2.773180902929774373e-05
2.758875642295894519e-05
2.749371635624665633e-05
2.731649725138494554e-05
2.718743185439868621e-05
2.706291016846609697e-05
2.694268163947541797e-05
2.686885951991102264e-05
2.671426623081254417e-05
2.660579897690118373e-05
2.650127770965500485e-05
2.640051478127442602e-05
2.634459548611292143e-05
2.620900628037317311e-05
2.611837957613347388e-05
2.603102138198948678e-05
2.594693165784329550e-05
2.590680231597515421e-05
2.578771359420674422e-05
2.571232611669760167e-05
2.564042623534332761e-05
2.557194616859415686e-05
2.550450597570122946e-05
2.548109238053737185e-05
2.538030650328993292e-05
2.532216063506206467e-05
2.526663908310602401e-05
2.521373335912039312e-05
2.520312518020562361e-05
2.511556004936413942e-05
2.507029659040456500e-05
2.502746169468473449e-05
2.498754524414412208e-05
2.498779028157531459e-05
2.491368514054758806e-05
2.488076796170401737e-05
2.485006713034851539e-05
2.482166143186750683e-05
2.483483297590891091e-05
2.477116602117189134e-05
2.474975632194014477e-05
2.473111287165162843e-05
2.471416153402044067e-05
2.469951602333342330e-05
2.472460260515262222e-05
2.467600129950864613e-05
2.466827398468741749e-05
2.466236980727461807e-05
2.465650509003277911e-05
2.469512896844495249e-05
2.465695490156350411e-05
2.465685221209874039e-05
2.466292384876467923e-05
2.466846301129621926e-05
2.471495737109660512e-05
2.468600085780288695e-05
2.469691774152699479e-05
2.470729716348846330e-05
2.471805613784257009e-05
2.375235872476528452e-05
1.096459407680230195e-07
3.162814577079354351e-08
8.836464347493532467e-04
