# conditioning on: None.
# YRIfreq: 0.0,2.207836937734497e-05,4.215673875468994e-05,0.00010539184688672485,0.0002107836937734497,0.0004215673875468994,0.0104215673875469,0.0204215673875469,0.0304215673875469,0.0404215673875469,0.0504215673875469,0.0604215673875469,0.07042156738754692,0.0804215673875469,0.09042156738754689,0.1004215673875469,0.1104215673875469,0.1204215673875469,0.1304215673875469,0.1404215673875469,0.1504215673875469,0.1604215673875469,0.1704215673875469,0.1804215673875469,0.1904215673875469,0.20042156738754688,0.2104215673875469,0.2204215673875469,0.2304215673875469,0.2404215673875469,0.2504215673875469,0.2604215673875469,0.2704215673875469,0.2804215673875469,0.2904215673875469,0.3004215673875469,0.3104215673875469,0.3204215673875469,0.3304215673875469,0.3404215673875469,0.35042156738754693,0.3604215673875469,0.3704215673875469,0.3804215673875469,0.3904215673875469,0.40042156738754686,0.4104215673875469,0.4204215673875469,0.43042156738754694,0.4404215673875469,0.4504215673875469,0.4604215673875469,0.4704215673875469,0.4804215673875469,0.4904215673875469,0.500421567387547,0.510421567387547,0.5204215673875469,0.530421567387547,0.5404215673875469,0.550421567387547,0.560421567387547,0.5704215673875469,0.5804215673875468,0.5904215673875469,0.6004215673875469,0.6104215673875468,0.620421567387547,0.6304215673875468,0.640421567387547,0.6504215673875469,0.6604215673875469,0.670421567387547,0.6804215673875469,0.690421567387547,0.7004215673875469,0.7104215673875469,0.7204215673875468,0.7304215673875468,0.7404215673875469,0.750421567387547,0.7604215673875468,0.770421567387547,0.780421567387547,0.7904215673875469,0.8004215673875469,0.810421567387547,0.8204215673875469,0.8304215673875469,0.8404215673875469,0.8504215673875468,0.8604215673875469,0.870421567387547,0.8804215673875468,0.8904215673875469,0.900421567387547,0.9104215673875469,0.9204215673875469,0.930421567387547,0.940421567387547,0.9504215673875469,0.9604215673875469,0.9704215673875468,0.9804215673875468,0.9904215673875469,0.9998946081531133,0.9999578432612453,0.9999789216306226,1.0
9.870668587473770961e-01
1.049465426846054456e-03
4.472730006999351034e-04
7.380231878550315297e-04
6.065593672013437718e-04
6.291422579012076206e-04
3.034385557848534847e-03
6.666556404449655538e-04
4.055615368297338526e-04
2.938330920076917389e-04
2.322358750655329894e-04
1.917718437649641250e-04
1.638336731584879918e-04
1.434155395484931858e-04
1.271956152563773169e-04
1.148047648405122205e-04
1.043128527970578923e-04
9.606164672307513145e-05
8.878404013934903421e-05
8.277490644446345170e-05
7.778271095811874723e-05
7.316022694283903034e-05
6.943339961817944657e-05
6.587608149688009009e-05
6.286545152306072313e-05
6.031575165989538532e-05
5.779953799063483621e-05
5.577677152205113030e-05
5.373900227732438786e-05
5.210539798369669481e-05
5.041471889034899198e-05
4.897804757291271562e-05
4.776664337771270146e-05
4.646623804956530150e-05
4.546222966259926067e-05
4.435656810532540343e-05
4.352523514014045968e-05
4.257873527288199965e-05
4.178963914168868022e-05
4.114670277810302798e-05
4.038572082433229823e-05
3.984594616479877422e-05
3.918505267202921895e-05
3.865171776560845043e-05
3.823828548912326327e-05
3.770101559754794910e-05
3.735758793806108512e-05
3.688930122416946711e-05
3.660718681644333406e-05
3.619957639255787257e-05
3.589637839683414015e-05
3.569357434215339112e-05
3.536473861434429695e-05
3.520825721884863650e-05
3.492552945528710969e-05
3.481100663450959474e-05
3.457037957118707223e-05
3.442264153628610024e-05
3.436557455578368104e-05
3.418179872510048752e-05
3.415969964582870862e-05
3.401064098940697353e-05
3.394995523765314069e-05
3.397670050543979552e-05
3.387596772800314290e-05
3.393345431383274456e-05
3.386300014027899413e-05
3.395013942216888362e-05
3.390876850035557104e-05
3.395306218331183598e-05
3.408322387949033039e-05
3.408380298398207373e-05
3.424204602495912781e-05
3.426983546964211779e-05
3.438325392952544334e-05
3.458162577244986271e-05
3.464481714358364205e-05
3.487215123255299790e-05
3.496626391284537072e-05
3.522159903125180130e-05
3.534234882172217982e-05
3.555083564234349272e-05
3.584893121187747168e-05
3.601001836261892981e-05
3.633107678902780866e-05
3.651831680998627683e-05
3.687507203633229118e-05
3.709128298252330669e-05
3.739975961130536714e-05
3.780224290837643218e-05
3.805446613065012256e-05
3.848982115512260136e-05
3.877925546495295959e-05
3.916576752068330933e-05
3.964521649841627163e-05
3.997889921082573651e-05
4.050158066222247133e-05
4.086803045806916112e-05
4.141990764108896696e-05
4.182486774401458069e-05
4.232684090998509874e-05
4.294280818176895412e-05
4.339556337870874970e-05
4.405489540603085770e-05
4.453837759900397775e-05
4.277535522559960290e-05
2.700133578387990675e-07
7.834838783746647324e-08
1.964011591958043446e-04
