# conditioning on: None.
# CEUfreq: 0.0,1.6793047900314283e-05,3.1586095800628564e-05,7.896523950157141e-05,0.00015793047900314282,0.00031586095800628563,0.010315860958006287,0.020315860958006287,0.030315860958006285,0.04031586095800629,0.05031586095800629,0.060315860958006284,0.0703158609580063,0.08031586095800629,0.09031586095800628,0.10031586095800629,0.11031586095800629,0.12031586095800628,0.1303158609580063,0.1403158609580063,0.15031586095800628,0.1603158609580063,0.1703158609580063,0.18031586095800628,0.1903158609580063,0.2003158609580063,0.21031586095800628,0.2203158609580063,0.2303158609580063,0.24031586095800628,0.2503158609580063,0.2603158609580063,0.2703158609580063,0.2803158609580063,0.29031586095800627,0.3003158609580063,0.3103158609580063,0.3203158609580063,0.3303158609580063,0.3403158609580063,0.3503158609580063,0.3603158609580063,0.3703158609580063,0.3803158609580063,0.3903158609580063,0.4003158609580063,0.4103158609580063,0.42031586095800627,0.4303158609580063,0.4403158609580063,0.4503158609580063,0.4603158609580063,0.4703158609580063,0.48031586095800627,0.4903158609580062,0.5003158609580063,0.5103158609580063,0.5203158609580063,0.5303158609580063,0.5403158609580063,0.5503158609580063,0.5603158609580063,0.5703158609580063,0.5803158609580062,0.5903158609580063,0.6003158609580063,0.6103158609580063,0.6203158609580063,0.6303158609580063,0.6403158609580063,0.6503158609580063,0.6603158609580063,0.6703158609580063,0.6803158609580063,0.6903158609580063,0.7003158609580064,0.7103158609580063,0.7203158609580063,0.7303158609580062,0.7403158609580063,0.7503158609580063,0.7603158609580063,0.7703158609580063,0.7803158609580063,0.7903158609580063,0.8003158609580063,0.8103158609580063,0.8203158609580063,0.8303158609580064,0.8403158609580063,0.8503158609580063,0.8603158609580063,0.8703158609580063,0.8803158609580063,0.8903158609580063,0.9003158609580063,0.9103158609580063,0.9203158609580063,0.9303158609580063,0.9403158609580063,0.9503158609580064,0.9603158609580063,0.9703158609580063,0.9803158609580062,0.9903158609580063,0.9999210347604984,0.9999684139041993,0.9999842069520997,1.0
9.906728957704675764e-01
1.359105193821036903e-03
5.682251349170056292e-04
9.276908185529603341e-04
7.386804740544609645e-04
7.290380161590925053e-04
2.553988424996924463e-03
2.215063855600598209e-04
1.087253420385687327e-04
7.375428582800502147e-05
5.792779209896661401e-05
4.927991528834264277e-05
4.375661898373397817e-05
4.004338020158821932e-05
3.733303767482265610e-05
3.525805268979058014e-05
3.364797839401502101e-05
3.222082824205703714e-05
3.106091734307594933e-05
3.005393203519344432e-05
2.916575449558888285e-05
2.841528976227621363e-05
2.765225760979440615e-05
2.699425843856900311e-05
2.638702742039116987e-05
2.582185429059823909e-05
2.529381293438148976e-05
2.483634644169823290e-05
2.432719667064419967e-05
2.388164433916732223e-05
2.345728776882108362e-05
2.305174410950003373e-05
2.269821913248269628e-05
2.229039079165521918e-05
2.193112245857443309e-05
2.158511914045406450e-05
2.125084340795610995e-05
2.096024663802743758e-05
2.061361878441829773e-05
2.030968334699981319e-05
2.001450477315534735e-05
1.972750583996114789e-05
1.947848364488110432e-05
1.917562432343048679e-05
1.891118377785331984e-05
1.865204458686268871e-05
1.839946992757908979e-05
1.815320861214116609e-05
1.794044634124982948e-05
1.767627222643486026e-05
1.744574993066032588e-05
1.722020397922569620e-05
1.699938588854958026e-05
1.680944726976730914e-05
1.657086179472448266e-05
1.636305105124943900e-05
1.615945719939285928e-05
1.595986617684049257e-05
1.578873616570293986e-05
1.557149476764503685e-05
1.538288156000883598e-05
1.519774457165807958e-05
1.501602759477772345e-05
1.486090745681722272e-05
1.466192844260008622e-05
1.448952277619026347e-05
1.432045495210576350e-05
1.415461632514021932e-05
1.399065319725344930e-05
1.385184694320919746e-05
1.367221105161754515e-05
1.351705717170905075e-05
1.336449451338577397e-05
1.321447905504811847e-05
1.308748232322780018e-05
1.292163701763737027e-05
1.277892926986205416e-05
1.263852529075530716e-05
1.250063333373531513e-05
1.238358723836993739e-05
1.223069484116880761e-05
1.209926397245343082e-05
1.196986717562563419e-05
1.184251137844703868e-05
1.173564182979350124e-05
1.159336417322903029e-05
1.147202324504656305e-05
1.135280720133039381e-05
1.123520837463582413e-05
1.111948179681366201e-05
1.102220842428782536e-05
1.089288270142744434e-05
1.078261134848373626e-05
1.067389643610414755e-05
1.056596530820086209e-05
1.047757632749466603e-05
1.035729646856246569e-05
1.025398502159080143e-05
1.015392722750758627e-05
1.005430493004716906e-05
9.971833828481181067e-06
9.859541444493718769e-06
9.764086419123727166e-06
9.669042311971546734e-06
9.574798507577588364e-06
9.108567435015798913e-06
4.183642483954945852e-08
1.206745463407479952e-08
2.659740722984446680e-04
