# conditioning on: None.
# ooAfreq: 0.0,0.00017761603673613563,0.00035323207347227127,0.0008830801836806782,0.0017661603673613563,0.0035323207347227126,0.013532320734722714,0.023532320734722716,0.03353232073472271,0.04353232073472271,0.053532320734722715,0.0635323207347227,0.07353232073472273,0.08353232073472272,0.0935323207347227,0.10353232073472272,0.11353232073472272,0.1235323207347227,0.13353232073472274,0.14353232073472272,0.1535323207347227,0.16353232073472274,0.17353232073472272,0.1835323207347227,0.1935323207347227,0.20353232073472272,0.2135323207347227,0.22353232073472273,0.23353232073472271,0.2435323207347227,0.2535323207347227,0.2635323207347227,0.2735323207347227,0.28353232073472273,0.2935323207347227,0.3035323207347227,0.3135323207347227,0.3235323207347227,0.3335323207347227,0.34353232073472273,0.35353232073472274,0.36353232073472264,0.3735323207347227,0.3835323207347227,0.3935323207347228,0.4035323207347227,0.41353232073472274,0.4235323207347227,0.4335323207347227,0.44353232073472276,0.4535323207347227,0.4635323207347227,0.4735323207347228,0.4835323207347227,0.49353232073472275,0.5035323207347228,0.5135323207347227,0.5235323207347228,0.5335323207347228,0.5435323207347227,0.5535323207347228,0.5635323207347227,0.5735323207347227,0.5835323207347226,0.5935323207347227,0.6035323207347226,0.6135323207347226,0.6235323207347228,0.6335323207347227,0.6435323207347228,0.6535323207347228,0.6635323207347227,0.6735323207347228,0.6835323207347228,0.6935323207347227,0.7035323207347228,0.7135323207347227,0.7235323207347226,0.7335323207347227,0.7435323207347228,0.7535323207347228,0.7635323207347227,0.7735323207347227,0.7835323207347228,0.7935323207347228,0.8035323207347228,0.8135323207347227,0.8235323207347227,0.8335323207347227,0.8435323207347227,0.8535323207347226,0.8635323207347226,0.8735323207347226,0.8835323207347228,0.8935323207347228,0.9035323207347228,0.9135323207347227,0.9235323207347227,0.9335323207347227,0.9435323207347228,0.9535323207347228,0.9635323207347226,0.9735323207347226,0.9835323207347227,0.9935323207347228,0.9991169198163193,0.9996467679265277,0.9998233839632639,1.0
9.983500283600921232e-01
1.269509474911953071e-04
5.423883708665239991e-05
8.990913900301158448e-05
7.469263401128603986e-05
7.903035880836369758e-05
1.677873994679142302e-04
8.177595437130115322e-05
5.758949454990579524e-05
4.749034349742229305e-05
4.075601305183479411e-05
3.559129158149690840e-05
3.289830545307943131e-05
2.979588365772087749e-05
2.823715104405162614e-05
2.646728700079572743e-05
2.452875652933038505e-05
2.365796297537252208e-05
2.248789136815914765e-05
2.107055588466314630e-05
2.050222164732581656e-05
1.929252935253611691e-05
1.883903737997552925e-05
1.809172360471012405e-05
1.709526664963669187e-05
1.675745968839428574e-05
1.614625718287916747e-05
1.529592409021520512e-05
1.502202706949594982e-05
1.424775699993376548e-05
1.400718841814013613e-05
1.353072098085862563e-05
1.284983384624886288e-05
1.264712473139467292e-05
1.201809775255169677e-05
1.183491623403803537e-05
1.144927764779265060e-05
1.088717411683672312e-05
1.072759385283488029e-05
1.038349444016568212e-05
9.878225659501609247e-06
9.737317918665202841e-06
9.265478486699452434e-06
9.135000693022851751e-06
8.846496971900882268e-06
8.419680800718478607e-06
8.302656237410377830e-06
8.041690551570444232e-06
7.654662438944666270e-06
7.549015764249200550e-06
7.185997642826821068e-06
7.087012222897735225e-06
6.864867466477206981e-06
6.534826934558186421e-06
6.444761352095401421e-06
6.242528829132992877e-06
5.942231621717961091e-06
5.860070882800011667e-06
5.577854794086547829e-06
5.500387829838417452e-06
5.327153383026415136e-06
5.070083963243650209e-06
4.999104403811012985e-06
4.757460446910032361e-06
4.690429026054117849e-06
4.541694232313104358e-06
4.321509468408982320e-06
4.259943509700133543e-06
4.124165082395553809e-06
3.923537520776066353e-06
3.866937946814081238e-06
3.678353217650168331e-06
3.624811018438613093e-06
3.508124170175094133e-06
3.336342356948103512e-06
3.287072923961551776e-06
3.180550515270636606e-06
3.024124584367593461e-06
2.978775385930523433e-06
2.831821783082493457e-06
2.788902444038100459e-06
2.697426706964286762e-06
2.563706657105249795e-06
2.524202997314839688e-06
2.398651580191627773e-06
2.360869413677321881e-06
2.281415314125796832e-06
2.167195909628501901e-06
2.132787012525486154e-06
2.061279240343575345e-06
1.957607450594022332e-06
1.925955341202570427e-06
1.828724768389917870e-06
1.798796131707989823e-06
1.737611084162651152e-06
1.649393981489889462e-06
1.621920181373854219e-06
1.566119311074739421e-06
1.484885235542304457e-06
1.459427007859130889e-06
1.384503855487367033e-06
1.360623448867574427e-06
1.313183084769131354e-06
1.245051052715585133e-06
1.219357983902833860e-06
6.602537575529143314e-07
5.818949779001578673e-08
1.686485925463520064e-08
1.572214204033037062e-05
