# conditioning on: None.
# ooAfreq: 0.0,0.00017761603673613563,0.00035323207347227127,0.0008830801836806782,0.0017661603673613563,0.0035323207347227126,0.013532320734722714,0.023532320734722716,0.03353232073472271,0.04353232073472271,0.053532320734722715,0.0635323207347227,0.07353232073472273,0.08353232073472272,0.0935323207347227,0.10353232073472272,0.11353232073472272,0.1235323207347227,0.13353232073472274,0.14353232073472272,0.1535323207347227,0.16353232073472274,0.17353232073472272,0.1835323207347227,0.1935323207347227,0.20353232073472272,0.2135323207347227,0.22353232073472273,0.23353232073472271,0.2435323207347227,0.2535323207347227,0.2635323207347227,0.2735323207347227,0.28353232073472273,0.2935323207347227,0.3035323207347227,0.3135323207347227,0.3235323207347227,0.3335323207347227,0.34353232073472273,0.35353232073472274,0.36353232073472264,0.3735323207347227,0.3835323207347227,0.3935323207347228,0.4035323207347227,0.41353232073472274,0.4235323207347227,0.4335323207347227,0.44353232073472276,0.4535323207347227,0.4635323207347227,0.4735323207347228,0.4835323207347227,0.49353232073472275,0.5035323207347228,0.5135323207347227,0.5235323207347228,0.5335323207347228,0.5435323207347227,0.5535323207347228,0.5635323207347227,0.5735323207347227,0.5835323207347226,0.5935323207347227,0.6035323207347226,0.6135323207347226,0.6235323207347228,0.6335323207347227,0.6435323207347228,0.6535323207347228,0.6635323207347227,0.6735323207347228,0.6835323207347228,0.6935323207347227,0.7035323207347228,0.7135323207347227,0.7235323207347226,0.7335323207347227,0.7435323207347228,0.7535323207347228,0.7635323207347227,0.7735323207347227,0.7835323207347228,0.7935323207347228,0.8035323207347228,0.8135323207347227,0.8235323207347227,0.8335323207347227,0.8435323207347227,0.8535323207347226,0.8635323207347226,0.8735323207347226,0.8835323207347228,0.8935323207347228,0.9035323207347228,0.9135323207347227,0.9235323207347227,0.9335323207347227,0.9435323207347228,0.9535323207347228,0.9635323207347226,0.9735323207347226,0.9835323207347227,0.9935323207347228,0.9991169198163193,0.9996467679265277,0.9998233839632639,1.0
9.990390378138109817e-01
1.267838969864196251e-04
5.399777338702485709e-05
8.909922645492430635e-05
7.326219349238824029e-05
7.609834606284836950e-05
1.512342934406280882e-04
6.510800275326946915e-05
4.147716905379025652e-05
3.138524608571174315e-05
2.494959486134279916e-05
2.035255583562396486e-05
1.768156257706753428e-05
1.512383574254327782e-05
1.359035705215296567e-05
1.211296961073287703e-05
1.070852075319533453e-05
9.875492394095480815e-06
8.989615337906244280e-06
8.082942110812121439e-06
7.558366254528724008e-06
6.843524779578022897e-06
6.437041878173013286e-06
5.958084920531924097e-06
5.432404896849445977e-06
5.141898097233387261e-06
4.785391845278685613e-06
4.382399403362109357e-06
4.162575683607811102e-06
3.819859559513428170e-06
3.634752465106628062e-06
3.398372861923033043e-06
3.125406210079092173e-06
2.979589599849390547e-06
2.743016287826875401e-06
2.617291083753109557e-06
2.452929061674423426e-06
2.260463172375446955e-06
2.158681846096094806e-06
2.024537350104684820e-06
1.866721031711888004e-06
1.783431055829325132e-06
1.644686220100927250e-06
1.571457876786855904e-06
1.474315363685336631e-06
1.359625516123663521e-06
1.298979708883384056e-06
1.218473375658654876e-06
1.123406067680882140e-06
1.072947376527285891e-06
9.889481440182433050e-07
9.442120428717110982e-07
8.849969053559624128e-07
8.152188509574461545e-07
7.778191471623349121e-07
7.284907732505603714e-07
6.705235207445150229e-07
6.392175140551466730e-07
5.879763711933106726e-07
5.601430655952321669e-07
5.237597334505889276e-07
4.812400410550748530e-07
4.579223972614356340e-07
4.203927370320836989e-07
3.996686087960550744e-07
3.728918391430646587e-07
3.418391373756067436e-07
3.244978235278732272e-07
3.022748053325506731e-07
2.766440731359097970e-07
2.621550556711606591e-07
2.396301854693967198e-07
2.267866442075754923e-07
2.105812076781262475e-07
1.920872407459073134e-07
1.813961300797886642e-07
1.680466909801041622e-07
1.529219868956745289e-07
1.440492107398589694e-07
1.308499901781928098e-07
1.230266117221411144e-07
1.134446800579256964e-07
1.027361826315233200e-07
9.628456026596746892e-08
8.699528350839543505e-08
8.132095784464712702e-08
7.450673777245149006e-08
6.704747695399394938e-08
6.242063673977531251e-08
5.695651790267903477e-08
5.101293954533678387e-08
4.725165822411476870e-08
4.216314688397951060e-08
3.889849086721391684e-08
3.514649387838378483e-08
3.115124323971988647e-08
2.853122614115479655e-08
2.557255577685427293e-08
2.245289693043440450e-08
2.036882004943619203e-08
1.776943863860608026e-08
1.599339788332091124e-08
1.405973499583296325e-08
1.208866581515068238e-08
1.067514506870581808e-08
5.303236875964225639e-09
4.515486535182532868e-10
1.304287391514716704e-10
2.701875859274423413e-08
