# conditioning on: None.
# YRIfreq: 0.0,2.207836937734497e-05,4.215673875468994e-05,0.00010539184688672485,0.0002107836937734497,0.0004215673875468994,0.0104215673875469,0.0204215673875469,0.0304215673875469,0.0404215673875469,0.0504215673875469,0.0604215673875469,0.07042156738754692,0.0804215673875469,0.09042156738754689,0.1004215673875469,0.1104215673875469,0.1204215673875469,0.1304215673875469,0.1404215673875469,0.1504215673875469,0.1604215673875469,0.1704215673875469,0.1804215673875469,0.1904215673875469,0.20042156738754688,0.2104215673875469,0.2204215673875469,0.2304215673875469,0.2404215673875469,0.2504215673875469,0.2604215673875469,0.2704215673875469,0.2804215673875469,0.2904215673875469,0.3004215673875469,0.3104215673875469,0.3204215673875469,0.3304215673875469,0.3404215673875469,0.35042156738754693,0.3604215673875469,0.3704215673875469,0.3804215673875469,0.3904215673875469,0.40042156738754686,0.4104215673875469,0.4204215673875469,0.43042156738754694,0.4404215673875469,0.4504215673875469,0.4604215673875469,0.4704215673875469,0.4804215673875469,0.4904215673875469,0.500421567387547,0.510421567387547,0.5204215673875469,0.530421567387547,0.5404215673875469,0.550421567387547,0.560421567387547,0.5704215673875469,0.5804215673875468,0.5904215673875469,0.6004215673875469,0.6104215673875468,0.620421567387547,0.6304215673875468,0.640421567387547,0.6504215673875469,0.6604215673875469,0.670421567387547,0.6804215673875469,0.690421567387547,0.7004215673875469,0.7104215673875469,0.7204215673875468,0.7304215673875468,0.7404215673875469,0.750421567387547,0.7604215673875468,0.770421567387547,0.780421567387547,0.7904215673875469,0.8004215673875469,0.810421567387547,0.8204215673875469,0.8304215673875469,0.8404215673875469,0.8504215673875468,0.8604215673875469,0.870421567387547,0.8804215673875468,0.8904215673875469,0.900421567387547,0.9104215673875469,0.9204215673875469,0.930421567387547,0.940421567387547,0.9504215673875469,0.9604215673875469,0.9704215673875468,0.9804215673875468,0.9904215673875469,0.9998946081531133,0.9999578432612453,0.9999789216306226,1.0
9.925822769614038865e-01
1.054862128380551142e-03
4.493333486078613845e-04
7.407660810354558135e-04
6.076313387516624328e-04
6.280070567936186154e-04
2.838582981090683171e-03
4.749982660946830393e-04
2.283275381624608137e-04
1.311996905225597883e-04
8.233505840695207580e-05
5.398643665409511217e-05
3.661665446877614648e-05
2.542501903997553697e-05
1.787123549261546821e-05
1.277269436341552102e-05
9.181405844242839591e-06
6.683764274801298318e-06
4.879089318822729042e-06
3.591208865713617099e-06
2.661939603875825782e-06
1.973905254033592546e-06
1.476291478758557770e-06
1.103346334672267425e-06
8.294380349784354544e-07
6.266332021699115420e-07
4.727846185353116924e-07
3.592061423744193002e-07
2.724683242235688001e-07
2.080067872743461491e-07
1.584740250543625264e-07
1.212791860041169474e-07
9.316759674501249518e-08
7.140149923429112854e-08
5.504945132213828346e-08
4.233310601564861606e-08
3.274816531681868412e-08
2.526063964679995465e-08
1.955890615925850918e-08
1.519282495058383606e-08
1.176673858267916203e-08
9.163336317570115658e-09
7.114224937135414756e-09
5.542833605380467729e-09
4.331303014308268986e-09
3.373843553143715943e-09
2.641893838230591194e-09
2.062033719040239488e-09
1.617831293053710881e-09
1.265135023495492369e-09
9.925842204342260638e-10
7.808968073338988840e-10
6.122944373900336066e-10
4.825476256374120637e-10
3.790087462070478616e-10
2.991985024728183375e-10
2.353945361547953055e-10
1.857899582284512333e-10
1.470331776482462987e-10
1.159654195825151792e-10
9.192657910688634862e-11
7.262351319301049430e-11
5.755791016280717597e-11
4.574203960046840699e-11
3.622951685911850737e-11
2.884231168006271519e-11
2.288485293570813277e-11
1.825167719716193083e-11
1.450863978750148366e-11
1.157157256998976139e-11
9.255610435179748920e-12
7.379467634045239487e-12
5.914861970822199947e-12
4.726116936111028758e-12
3.789500104833664257e-12
3.047736970313352540e-12
2.443708957917821386e-12
1.970555532525821164e-12
1.584472319748325956e-12
1.281277533560262498e-12
1.033288735944212219e-12
8.365826522160099652e-13
6.797510335559385184e-13
5.509680704313183262e-13
4.492585340210517769e-13
3.655697328875576272e-13
2.993745336329211041e-13
2.446814865472464879e-13
2.009252311386215056e-13
1.657242453699656283e-13
1.364619911573815698e-13
1.131892324943343546e-13
9.377311968347290099e-14
7.811675820137426751e-14
6.540896807386570902e-14
5.474032145919189499e-14
4.618193437542997160e-14
3.894651466587631345e-14
3.311652779596133089e-14
2.816676737366406448e-14
2.411274554479682534e-14
2.077950805959249758e-14
1.791409492033372984e-14
1.558490113027274498e-14
1.356367207854552133e-14
1.130845172903716121e-14
6.665178171165861674e-17
1.932843379930469368e-17
2.093966218348868547e-13
