# conditioning on: None.
# ooAfreq: 0.0,0.00017761603673613563,0.00035323207347227127,0.0008830801836806782,0.0017661603673613563,0.0035323207347227126,0.013532320734722714,0.023532320734722716,0.03353232073472271,0.04353232073472271,0.053532320734722715,0.0635323207347227,0.07353232073472273,0.08353232073472272,0.0935323207347227,0.10353232073472272,0.11353232073472272,0.1235323207347227,0.13353232073472274,0.14353232073472272,0.1535323207347227,0.16353232073472274,0.17353232073472272,0.1835323207347227,0.1935323207347227,0.20353232073472272,0.2135323207347227,0.22353232073472273,0.23353232073472271,0.2435323207347227,0.2535323207347227,0.2635323207347227,0.2735323207347227,0.28353232073472273,0.2935323207347227,0.3035323207347227,0.3135323207347227,0.3235323207347227,0.3335323207347227,0.34353232073472273,0.35353232073472274,0.36353232073472264,0.3735323207347227,0.3835323207347227,0.3935323207347228,0.4035323207347227,0.41353232073472274,0.4235323207347227,0.4335323207347227,0.44353232073472276,0.4535323207347227,0.4635323207347227,0.4735323207347228,0.4835323207347227,0.49353232073472275,0.5035323207347228,0.5135323207347227,0.5235323207347228,0.5335323207347228,0.5435323207347227,0.5535323207347228,0.5635323207347227,0.5735323207347227,0.5835323207347226,0.5935323207347227,0.6035323207347226,0.6135323207347226,0.6235323207347228,0.6335323207347227,0.6435323207347228,0.6535323207347228,0.6635323207347227,0.6735323207347228,0.6835323207347228,0.6935323207347227,0.7035323207347228,0.7135323207347227,0.7235323207347226,0.7335323207347227,0.7435323207347228,0.7535323207347228,0.7635323207347227,0.7735323207347227,0.7835323207347228,0.7935323207347228,0.8035323207347228,0.8135323207347227,0.8235323207347227,0.8335323207347227,0.8435323207347227,0.8535323207347226,0.8635323207347226,0.8735323207347226,0.8835323207347228,0.8935323207347228,0.9035323207347228,0.9135323207347227,0.9235323207347227,0.9335323207347227,0.9435323207347228,0.9535323207347228,0.9635323207347226,0.9735323207347226,0.9835323207347227,0.9935323207347228,0.9991169198163193,0.9996467679265277,0.9998233839632639,1.0
9.953720159519175992e-01
1.268631543013252789e-04
5.439966979711197170e-05
9.065151481921953215e-05
7.619215033387241739e-05
8.227790218658338685e-05
1.870055264379285578e-04
1.017946715125372074e-04
7.745906518549914752e-05
6.785624507643583882e-05
6.124743676286982671e-05
5.583525538376817943e-05
5.361055636162345527e-05
5.025720206668019815e-05
4.916438931565049003e-05
4.748441566884465558e-05
4.526073771816664187e-05
4.484144038207606099e-05
4.374977813257435001e-05
4.203247790403469173e-05
4.190962838353838127e-05
4.039132438398407006e-05
4.037986882099541387e-05
3.969564243295831070e-05
3.837926022881363574e-05
3.848585447112408013e-05
3.793676772996355676e-05
3.675601453279556542e-05
3.691582895758256444e-05
3.580511304590338121e-05
3.599610980192209051e-05
3.556486038419031227e-05
3.453978269252032255e-05
3.476592995220675620e-05
3.378819592940434248e-05
3.403240237439191196e-05
3.368441105394513876e-05
3.276766870391386997e-05
3.303374756910914216e-05
3.272381772338290126e-05
3.185891970751777053e-05
3.214249850682404154e-05
3.130818456264886117e-05
3.160171108420061398e-05
3.134316548559678477e-05
3.055023610040942295e-05
3.085692280669907414e-05
3.062424121568080857e-05
2.986815636688145814e-05
3.018643095215179083e-05
2.945274489848792243e-05
2.977809004262557582e-05
2.958270468569774303e-05
2.888003826339444465e-05
2.921525303001797289e-05
2.903926780695165787e-05
2.836511463877955540e-05
2.870986665772272815e-05
2.805283269858960436e-05
2.840339851452680382e-05
2.825731284953369088e-05
2.762465477914537832e-05
2.798391093833253363e-05
2.736635589332968749e-05
2.773126021076735787e-05
2.761141019041416051e-05
2.701507888427683151e-05
2.738835296737263475e-05
2.728297754418811436e-05
2.670622667550210386e-05
2.708778019753373847e-05
2.652320995058555589e-05
2.691024581392366437e-05
2.682719655943127730e-05
2.627979283231181970e-05
2.667508170814417170e-05
2.660453067668492257e-05
2.607300558311749416e-05
2.647659364991123386e-05
2.595496335131905469e-05
2.636411495892525980e-05
2.631310266622544612e-05
2.580544070168150537e-05
2.622306770683892438e-05
2.572413190775860072e-05
2.614291807001002690e-05
2.609858756791977083e-05
2.561028386333653365e-05
2.604133197139114208e-05
2.601822001336517946e-05
2.554254165680434010e-05
2.598242296001488481e-05
2.551387559056828919e-05
2.595984774439662361e-05
2.595348069221642924e-05
2.549525175998984831e-05
2.595098888875466627e-05
2.595199438269212675e-05
2.548142222009046250e-05
2.594139870070877798e-05
2.549675461224720877e-05
2.596608459791556152e-05
2.598416713865644818e-05
2.554108909385805566e-05
2.593685779607586325e-05
1.445094480967253084e-05
1.287750386196290777e-06
3.736310470612807467e-07
7.390968067765665188e-04
