# conditioning on: None.
# ooAfreq: 0.0,0.00017761603673613563,0.00035323207347227127,0.0008830801836806782,0.0017661603673613563,0.0035323207347227126,0.013532320734722714,0.023532320734722716,0.03353232073472271,0.04353232073472271,0.053532320734722715,0.0635323207347227,0.07353232073472273,0.08353232073472272,0.0935323207347227,0.10353232073472272,0.11353232073472272,0.1235323207347227,0.13353232073472274,0.14353232073472272,0.1535323207347227,0.16353232073472274,0.17353232073472272,0.1835323207347227,0.1935323207347227,0.20353232073472272,0.2135323207347227,0.22353232073472273,0.23353232073472271,0.2435323207347227,0.2535323207347227,0.2635323207347227,0.2735323207347227,0.28353232073472273,0.2935323207347227,0.3035323207347227,0.3135323207347227,0.3235323207347227,0.3335323207347227,0.34353232073472273,0.35353232073472274,0.36353232073472264,0.3735323207347227,0.3835323207347227,0.3935323207347228,0.4035323207347227,0.41353232073472274,0.4235323207347227,0.4335323207347227,0.44353232073472276,0.4535323207347227,0.4635323207347227,0.4735323207347228,0.4835323207347227,0.49353232073472275,0.5035323207347228,0.5135323207347227,0.5235323207347228,0.5335323207347228,0.5435323207347227,0.5535323207347228,0.5635323207347227,0.5735323207347227,0.5835323207347226,0.5935323207347227,0.6035323207347226,0.6135323207347226,0.6235323207347228,0.6335323207347227,0.6435323207347228,0.6535323207347228,0.6635323207347227,0.6735323207347228,0.6835323207347228,0.6935323207347227,0.7035323207347228,0.7135323207347227,0.7235323207347226,0.7335323207347227,0.7435323207347228,0.7535323207347228,0.7635323207347227,0.7735323207347227,0.7835323207347228,0.7935323207347228,0.8035323207347228,0.8135323207347227,0.8235323207347227,0.8335323207347227,0.8435323207347227,0.8535323207347226,0.8635323207347226,0.8735323207347226,0.8835323207347228,0.8935323207347228,0.9035323207347228,0.9135323207347227,0.9235323207347227,0.9335323207347227,0.9435323207347228,0.9535323207347228,0.9635323207347226,0.9735323207347226,0.9835323207347227,0.9935323207347228,0.9991169198163193,0.9996467679265277,0.9998233839632639,1.0
9.991666350386094742e-01
1.267078300440683820e-04
5.390986811341390620e-05
8.881350643985014444e-05
7.276997573312164020e-05
7.510204660052042624e-05
1.457104750969939581e-04
5.966541836816012843e-05
3.632144225332584588e-05
2.633539663054313462e-05
2.009457157247688681e-05
1.576735723599617935e-05
1.319710308915354072e-05
1.088952737100770711e-05
9.451606092170511048e-06
8.143078222774487962e-06
6.967579333571987262e-06
6.224733419463028955e-06
5.492097534922136877e-06
4.791096874931774415e-06
4.349706830365427423e-06
3.825918165941616680e-06
3.497980732655456324e-06
3.147948666894596494e-06
2.792639850054561716e-06
2.573027321209836824e-06
2.331347748751812479e-06
2.079856117325472132e-06
1.925198443174877334e-06
1.722229492214056072e-06
1.598044806339228964e-06
1.457081084203506213e-06
1.307462830512309063e-06
1.216481595829009952e-06
1.093207831322453267e-06
1.018485044543220683e-06
9.319983606558238498e-07
8.389405269365235356e-07
7.827316504756760991e-07
7.171786523908305848e-07
6.462766955617341613e-07
6.035411965628458370e-07
5.441346115691763754e-07
5.083531075048008426e-07
4.662981440531861819e-07
4.205745354055725039e-07
3.930372819417818024e-07
3.605943440919513126e-07
3.252679064382711270e-07
3.039721691712564777e-07
2.741689623097534564e-07
2.561818408574316127e-07
2.349677691711076691e-07
2.118581674763095893e-07
1.978756612159226005e-07
1.813965852934276412e-07
1.634632935458554441e-07
1.525767945917303059e-07
1.374217590609693759e-07
1.281974109463688401e-07
1.173646901794379803e-07
1.056067675862152793e-07
9.841699271779620499e-08
8.849016771864267484e-08
8.239892539931224389e-08
7.528672876987474120e-08
6.760227351124440037e-08
6.285937078022961541e-08
5.734638331176903399e-08
5.141091333195679624e-08
4.772337552848529665e-08
4.273186180677585400e-08
3.961595932095786236e-08
3.602729782071155821e-08
3.219164581432973705e-08
2.977854481350421186e-08
2.701752901739297077e-08
2.408193373708408567e-08
2.221918804738162912e-08
1.976808604956101908e-08
1.820318349448253810e-08
1.643548155184207670e-08
1.457541199728425401e-08
1.337596466470807989e-08
1.183293741589274754e-08
1.082906521153413350e-08
9.710599949492520489e-09
8.553079234817291936e-09
7.792948186862119360e-09
6.956556177597042964e-09
6.095508019518976736e-09
5.522573816743378704e-09
4.818870877214135642e-09
4.346338429377443545e-09
3.837322391158369913e-09
3.322851598507257511e-09
2.972204501645035095e-09
2.599913156243927091e-09
2.227127789437694014e-09
1.970013998046359801e-09
1.674487128263679972e-09
1.467169865594172033e-09
1.253933384836704740e-09
1.047060814441009243e-09
8.965996913567139819e-10
4.340841121278383442e-10
3.657704206599353208e-11
1.055374936641721959e-11
1.890321597441357315e-09
