# conditioning on: None.
# CEUfreq: 0.0,1.6793047900314283e-05,3.1586095800628564e-05,7.896523950157141e-05,0.00015793047900314282,0.00031586095800628563,0.010315860958006287,0.020315860958006287,0.030315860958006285,0.04031586095800629,0.05031586095800629,0.060315860958006284,0.0703158609580063,0.08031586095800629,0.09031586095800628,0.10031586095800629,0.11031586095800629,0.12031586095800628,0.1303158609580063,0.1403158609580063,0.15031586095800628,0.1603158609580063,0.1703158609580063,0.18031586095800628,0.1903158609580063,0.2003158609580063,0.21031586095800628,0.2203158609580063,0.2303158609580063,0.24031586095800628,0.2503158609580063,0.2603158609580063,0.2703158609580063,0.2803158609580063,0.29031586095800627,0.3003158609580063,0.3103158609580063,0.3203158609580063,0.3303158609580063,0.3403158609580063,0.3503158609580063,0.3603158609580063,0.3703158609580063,0.3803158609580063,0.3903158609580063,0.4003158609580063,0.4103158609580063,0.42031586095800627,0.4303158609580063,0.4403158609580063,0.4503158609580063,0.4603158609580063,0.4703158609580063,0.48031586095800627,0.4903158609580062,0.5003158609580063,0.5103158609580063,0.5203158609580063,0.5303158609580063,0.5403158609580063,0.5503158609580063,0.5603158609580063,0.5703158609580063,0.5803158609580062,0.5903158609580063,0.6003158609580063,0.6103158609580063,0.6203158609580063,0.6303158609580063,0.6403158609580063,0.6503158609580063,0.6603158609580063,0.6703158609580063,0.6803158609580063,0.6903158609580063,0.7003158609580064,0.7103158609580063,0.7203158609580063,0.7303158609580062,0.7403158609580063,0.7503158609580063,0.7603158609580063,0.7703158609580063,0.7803158609580063,0.7903158609580063,0.8003158609580063,0.8103158609580063,0.8203158609580063,0.8303158609580064,0.8403158609580063,0.8503158609580063,0.8603158609580063,0.8703158609580063,0.8803158609580063,0.8903158609580063,0.9003158609580063,0.9103158609580063,0.9203158609580063,0.9303158609580063,0.9403158609580063,0.9503158609580064,0.9603158609580063,0.9703158609580063,0.9803158609580062,0.9903158609580063,0.9999210347604984,0.9999684139041993,0.9999842069520997,1.0
9.857887904491574593e-01
1.352886985852842262e-03
5.657721737166967113e-04
9.242062226288232617e-04
7.367396050706641808e-04
7.285795902591038877e-04
2.608988308098195846e-03
2.345214472114766314e-04
1.098141223626560481e-04
6.973522480554025403e-05
5.132776835709078708e-05
4.127876326395263812e-05
3.502097590789299693e-05
3.094115351898388939e-05
2.810213858748917100e-05
2.605267422253924268e-05
2.456145203151760529e-05
2.335615985394345499e-05
2.245531316836076518e-05
2.174698109246618060e-05
2.118633855892391074e-05
2.077299609979979850e-05
2.038722133185346934e-05
2.010738599498264608e-05
1.988845650439431418e-05
1.971993085319933298e-05
1.959471999730239521e-05
1.953780534826509915e-05
1.945080126277582702e-05
1.942302213322709878e-05
1.942032923261454650e-05
1.944016154054409803e-05
1.951082628968971055e-05
1.954040989211278077e-05
1.961691042619119279e-05
1.971010555705965411e-05
1.981866144273832493e-05
1.997342798210544049e-05
2.007921047561444104e-05
2.022989711289689414e-05
2.039369000162751644e-05
2.057026610484692631e-05
2.079214509777497157e-05
2.096096531005283144e-05
2.117586230722037907e-05
2.140158164268798335e-05
2.163992046738318916e-05
2.189116064518344278e-05
2.219013645726462236e-05
2.243154246695452055e-05
2.272058725542222456e-05
2.302289988993318738e-05
2.333873668881968050e-05
2.370606171445656659e-05
2.401282345817346139e-05
2.437116193252466162e-05
2.474466019578750616e-05
2.513396152920443049e-05
2.558002970951497144e-05
2.596224212503848709e-05
2.640196233242282525e-05
2.685989426158194503e-05
2.733687381038947043e-05
2.787816843685685897e-05
2.835212479322924653e-05
2.889094360304403524e-05
2.945310988219649573e-05
3.004004576026231290e-05
3.065032848976149423e-05
3.133779435100955240e-05
3.195501423488069108e-05
3.265022361230111435e-05
3.337647762600190037e-05
3.413560347739801526e-05
3.498534765713451713e-05
3.576162367696523455e-05
3.663150618617137686e-05
3.754276687526517483e-05
3.849878611231370902e-05
3.956216030577548146e-05
4.055393674878051682e-05
4.165962998896829587e-05
4.282168533111729093e-05
4.404417087695877594e-05
4.540407362069616957e-05
4.668860305658411875e-05
4.811863027388947817e-05
4.962969492440320716e-05
5.122464823680902151e-05
5.291100851557032432e-05
5.478002530577539983e-05
5.658620954799259515e-05
5.859135610761374271e-05
6.071797969953681616e-05
6.297073978434690185e-05
6.548037310625992092e-05
6.793627521487884883e-05
7.065081594839220868e-05
7.355775731652952902e-05
7.665425921005066933e-05
8.008930453288050583e-05
8.350716474250576850e-05
8.729290710910742339e-05
9.134459887264888452e-05
9.568700717596179063e-05
9.630249950394798356e-05
4.551616756090609948e-07
1.313344655429155574e-07
3.433580831418273083e-03
