# conditioning on: None.
# YRIfreq: 0.0,2.207836937734497e-05,4.215673875468994e-05,0.00010539184688672485,0.0002107836937734497,0.0004215673875468994,0.0104215673875469,0.0204215673875469,0.0304215673875469,0.0404215673875469,0.0504215673875469,0.0604215673875469,0.07042156738754692,0.0804215673875469,0.09042156738754689,0.1004215673875469,0.1104215673875469,0.1204215673875469,0.1304215673875469,0.1404215673875469,0.1504215673875469,0.1604215673875469,0.1704215673875469,0.1804215673875469,0.1904215673875469,0.20042156738754688,0.2104215673875469,0.2204215673875469,0.2304215673875469,0.2404215673875469,0.2504215673875469,0.2604215673875469,0.2704215673875469,0.2804215673875469,0.2904215673875469,0.3004215673875469,0.3104215673875469,0.3204215673875469,0.3304215673875469,0.3404215673875469,0.35042156738754693,0.3604215673875469,0.3704215673875469,0.3804215673875469,0.3904215673875469,0.40042156738754686,0.4104215673875469,0.4204215673875469,0.43042156738754694,0.4404215673875469,0.4504215673875469,0.4604215673875469,0.4704215673875469,0.4804215673875469,0.4904215673875469,0.500421567387547,0.510421567387547,0.5204215673875469,0.530421567387547,0.5404215673875469,0.550421567387547,0.560421567387547,0.5704215673875469,0.5804215673875468,0.5904215673875469,0.6004215673875469,0.6104215673875468,0.620421567387547,0.6304215673875468,0.640421567387547,0.6504215673875469,0.6604215673875469,0.670421567387547,0.6804215673875469,0.690421567387547,0.7004215673875469,0.7104215673875469,0.7204215673875468,0.7304215673875468,0.7404215673875469,0.750421567387547,0.7604215673875468,0.770421567387547,0.780421567387547,0.7904215673875469,0.8004215673875469,0.810421567387547,0.8204215673875469,0.8304215673875469,0.8404215673875469,0.8504215673875468,0.8604215673875469,0.870421567387547,0.8804215673875468,0.8904215673875469,0.900421567387547,0.9104215673875469,0.9204215673875469,0.930421567387547,0.940421567387547,0.9504215673875469,0.9604215673875469,0.9704215673875468,0.9804215673875468,0.9904215673875469,0.9998946081531133,0.9999578432612453,0.9999789216306226,1.0
9.890001752735030349e-01
1.051492833576388045e-03
4.481316563098913038e-04
7.394131128133362178e-04
6.076586130600307618e-04
6.301996162205599460e-04
3.031697211756888364e-03
6.586380730989690622e-04
3.965125593352023556e-04
2.842313964951920626e-04
2.222420411153095527e-04
1.815504540890351399e-04
1.534421046985666828e-04
1.328872721044575811e-04
1.166079143592271849e-04
1.041366293687240004e-04
9.362355449770624980e-05
8.531193160136471912e-05
7.801959784365697142e-05
7.197339155914973829e-05
6.691747298842098208e-05
6.227164705249380689e-05
5.846688499965800183e-05
5.487270469420436290e-05
5.179542554412206335e-05
4.914854091250228017e-05
4.657535512704998683e-05
4.444124480427773716e-05
4.233194669356374980e-05
4.057437027178975244e-05
3.880267969622346378e-05
3.725555086612426971e-05
3.590360626796949400e-05
3.450788757893053941e-05
3.335361307174417939e-05
3.214437230432939713e-05
3.115196344567876003e-05
3.009371156162976929e-05
2.916349938571358307e-05
2.834861533819429188e-05
2.746589992325592226e-05
2.674623973113307826e-05
2.595701393698288389e-05
2.526433937004701538e-05
2.465920484251787567e-05
2.398377650779248089e-05
2.344063297414401175e-05
2.282751093396778611e-05
2.233744198331786789e-05
2.177811579307080425e-05
2.128943525272013917e-05
2.086573150406725093e-05
2.037433312767819165e-05
1.998783320326449423e-05
1.953487605883394556e-05
1.918087657181974436e-05
1.876193012276872104e-05
1.839851051388240465e-05
1.808656610506450066e-05
1.771156150270572103e-05
1.742369554147092444e-05
1.707416835993910123e-05
1.677272062773279776e-05
1.651622743652927144e-05
1.620015534155189196e-05
1.596192577728120586e-05
1.566548002549166625e-05
1.544371110013490955e-05
1.516505966484344415e-05
1.492693226683233451e-05
1.472695746021176760e-05
1.447203627173334975e-05
1.428494185637926622e-05
1.404414609360344676e-05
1.383980428551934154e-05
1.366933291425358250e-05
1.344576054548259745e-05
1.328612923034437150e-05
1.307575170060083429e-05
1.292554073814429834e-05
1.272568900196079392e-05
1.255782140041801498e-05
1.242034308137425834e-05
1.223477595048546545e-05
1.210290984466946468e-05
1.192576259488615980e-05
1.180302377363918722e-05
1.163424925448633803e-05
1.149400644180275128e-05
1.138063848056484707e-05
1.122082250748866666e-05
1.111363337665087593e-05
1.096276197375191486e-05
1.083842357741377701e-05
1.073738581859229531e-05
1.059522469988347032e-05
1.050123399467033319e-05
1.036472877074489519e-05
1.027335084454438189e-05
1.014340719186039710e-05
1.003548077073065338e-05
9.951723020130216930e-06
9.827724091515116506e-06
9.748189129352452062e-06
9.627255821922376387e-06
9.036389827458829325e-06
5.639868087904602633e-08
1.636326608351297299e-08
4.103164560306930998e-05
