# conditioning on: None.
# CEUfreq: 0.0,1.6793047900314283e-05,3.1586095800628564e-05,7.896523950157141e-05,0.00015793047900314282,0.00031586095800628563,0.010315860958006287,0.020315860958006287,0.030315860958006285,0.04031586095800629,0.05031586095800629,0.060315860958006284,0.0703158609580063,0.08031586095800629,0.09031586095800628,0.10031586095800629,0.11031586095800629,0.12031586095800628,0.1303158609580063,0.1403158609580063,0.15031586095800628,0.1603158609580063,0.1703158609580063,0.18031586095800628,0.1903158609580063,0.2003158609580063,0.21031586095800628,0.2203158609580063,0.2303158609580063,0.24031586095800628,0.2503158609580063,0.2603158609580063,0.2703158609580063,0.2803158609580063,0.29031586095800627,0.3003158609580063,0.3103158609580063,0.3203158609580063,0.3303158609580063,0.3403158609580063,0.3503158609580063,0.3603158609580063,0.3703158609580063,0.3803158609580063,0.3903158609580063,0.4003158609580063,0.4103158609580063,0.42031586095800627,0.4303158609580063,0.4403158609580063,0.4503158609580063,0.4603158609580063,0.4703158609580063,0.48031586095800627,0.4903158609580062,0.5003158609580063,0.5103158609580063,0.5203158609580063,0.5303158609580063,0.5403158609580063,0.5503158609580063,0.5603158609580063,0.5703158609580063,0.5803158609580062,0.5903158609580063,0.6003158609580063,0.6103158609580063,0.6203158609580063,0.6303158609580063,0.6403158609580063,0.6503158609580063,0.6603158609580063,0.6703158609580063,0.6803158609580063,0.6903158609580063,0.7003158609580064,0.7103158609580063,0.7203158609580063,0.7303158609580062,0.7403158609580063,0.7503158609580063,0.7603158609580063,0.7703158609580063,0.7803158609580063,0.7903158609580063,0.8003158609580063,0.8103158609580063,0.8203158609580063,0.8303158609580064,0.8403158609580063,0.8503158609580063,0.8603158609580063,0.8703158609580063,0.8803158609580063,0.8903158609580063,0.9003158609580063,0.9103158609580063,0.9203158609580063,0.9303158609580063,0.9403158609580063,0.9503158609580064,0.9603158609580063,0.9703158609580063,0.9803158609580062,0.9903158609580063,0.9999210347604984,0.9999684139041993,0.9999842069520997,1.0
9.919401443966706644e-01
1.360777453804372199e-03
5.688969404017001378e-04
9.287052538804859087e-04
7.393474620435682354e-04
7.294398469864378206e-04
2.537385751548179667e-03
2.076694931588359049e-04
9.608197372741218169e-05
6.162827955497884327e-05
4.606724769204732436e-05
3.755064784486393422e-05
3.213434793729808751e-05
2.847595106857212389e-05
2.580173313004182852e-05
2.374935378030639685e-05
2.213812654926210791e-05
2.074254122086132245e-05
1.959244786500699746e-05
1.859534054864429116e-05
1.771714578767019145e-05
1.695913758887178193e-05
1.622469453197193857e-05
1.557887193221250646e-05
1.498501341721675273e-05
1.443479048135930030e-05
1.392273503742309344e-05
1.346449014755408697e-05
1.299211130065335590e-05
1.256671972614125554e-05
1.216389597295337700e-05
1.178128075949214006e-05
1.143450164783691355e-05
1.106927528424516243e-05
1.073681662623339169e-05
1.041857896390418194e-05
1.011323500108280533e-05
9.835149431919893372e-06
9.537189861861540395e-06
9.265369614185116025e-06
9.003285816655846657e-06
8.750336126051621436e-06
8.519144900209961810e-06
8.269377112667399238e-06
8.041177084554788443e-06
7.819767941090808428e-06
7.605468271021391033e-06
7.397948685989742999e-06
7.207845010628022682e-06
7.000957454957728725e-06
6.811369938952135044e-06
6.627319538780456574e-06
6.448560001691765493e-06
6.284655359856734547e-06
6.105814840294560465e-06
5.941679109693884025e-06
5.782123772034842199e-06
5.626955851101375994e-06
5.484498296432198061e-06
5.328812921702786080e-06
5.185826015037733200e-06
5.046643684922183995e-06
4.911157280752379264e-06
4.786685968724351423e-06
4.650515710541731156e-06
4.525316008654050199e-06
4.403461350840419359e-06
4.284836718762163249e-06
4.168967167176000987e-06
4.062584472236852722e-06
3.946306261569248036e-06
3.839277950541453616e-06
3.734968569540436709e-06
3.633307227838342039e-06
3.539727992156334828e-06
3.437491055191504800e-06
3.343352326925481861e-06
3.251580186573866770e-06
3.162176810709784737e-06
3.079611669560039549e-06
2.989783182472018351e-06
2.906932755580647847e-06
2.826146497941195413e-06
2.747383428615040122e-06
2.674768525552623206e-06
2.595562311350902405e-06
2.522604137359077034e-06
2.451521231396611944e-06
2.382168620375736959e-06
2.314566048367861238e-06
2.252033917106581201e-06
2.184254165849462299e-06
2.121658718640764664e-06
2.060611460985326193e-06
2.000939207777120758e-06
1.946071061110753627e-06
1.886441910342825829e-06
1.831143483997280928e-06
1.777547717721461063e-06
1.725120848078971460e-06
1.676640158581379435e-06
1.624196870910899152e-06
1.575647555434462286e-06
1.528182118465784870e-06
1.481850269060437357e-06
1.380713039718864732e-06
6.276372391500161530e-09
1.810245990985546567e-09
2.335093914814181411e-05
