# conditioning on: None.
# CEUfreq: 0.0,1.6793047900314283e-05,3.1586095800628564e-05,7.896523950157141e-05,0.00015793047900314282,0.00031586095800628563,0.010315860958006287,0.020315860958006287,0.030315860958006285,0.04031586095800629,0.05031586095800629,0.060315860958006284,0.0703158609580063,0.08031586095800629,0.09031586095800628,0.10031586095800629,0.11031586095800629,0.12031586095800628,0.1303158609580063,0.1403158609580063,0.15031586095800628,0.1603158609580063,0.1703158609580063,0.18031586095800628,0.1903158609580063,0.2003158609580063,0.21031586095800628,0.2203158609580063,0.2303158609580063,0.24031586095800628,0.2503158609580063,0.2603158609580063,0.2703158609580063,0.2803158609580063,0.29031586095800627,0.3003158609580063,0.3103158609580063,0.3203158609580063,0.3303158609580063,0.3403158609580063,0.3503158609580063,0.3603158609580063,0.3703158609580063,0.3803158609580063,0.3903158609580063,0.4003158609580063,0.4103158609580063,0.42031586095800627,0.4303158609580063,0.4403158609580063,0.4503158609580063,0.4603158609580063,0.4703158609580063,0.48031586095800627,0.4903158609580062,0.5003158609580063,0.5103158609580063,0.5203158609580063,0.5303158609580063,0.5403158609580063,0.5503158609580063,0.5603158609580063,0.5703158609580063,0.5803158609580062,0.5903158609580063,0.6003158609580063,0.6103158609580063,0.6203158609580063,0.6303158609580063,0.6403158609580063,0.6503158609580063,0.6603158609580063,0.6703158609580063,0.6803158609580063,0.6903158609580063,0.7003158609580064,0.7103158609580063,0.7203158609580063,0.7303158609580062,0.7403158609580063,0.7503158609580063,0.7603158609580063,0.7703158609580063,0.7803158609580063,0.7903158609580063,0.8003158609580063,0.8103158609580063,0.8203158609580063,0.8303158609580064,0.8403158609580063,0.8503158609580063,0.8603158609580063,0.8703158609580063,0.8803158609580063,0.8903158609580063,0.9003158609580063,0.9103158609580063,0.9203158609580063,0.9303158609580063,0.9403158609580063,0.9503158609580064,0.9603158609580063,0.9703158609580063,0.9803158609580062,0.9903158609580063,0.9999210347604984,0.9999684139041993,0.9999842069520997,1.0
9.926368586286024032e-01
1.361504589849074024e-03
5.691175006449518793e-04
9.287980721825402118e-04
7.389768541499686571e-04
7.282799401725590250e-04
2.490381273708193541e-03
1.831267394099592399e-04
7.721597609495003695e-05
4.527070366723430196e-05
3.108767343204590905e-05
2.341572611449514220e-05
1.862327662880510607e-05
1.541768623707994270e-05
1.310907864312777758e-05
1.136542454294550555e-05
1.001018015210192125e-05
8.885870100442215869e-06
7.970328158729600746e-06
7.197695967314447442e-06
6.536184414974975360e-06
5.971860471329528661e-06
5.460390968901101295e-06
5.017002085241385158e-06
4.622483608258511109e-06
4.269154925700013863e-06
3.951248692697320285e-06
3.669376329554792998e-06
3.402305797560851197e-06
3.164417032141361847e-06
2.946948077764206592e-06
2.747573564375032721e-06
2.568208381337520656e-06
2.395422156188201275e-06
2.239648916155383224e-06
2.095655590395533208e-06
1.962283322301899588e-06
1.841376351634239358e-06
1.723467553028601369e-06
1.616592532978173048e-06
1.517073743509586658e-06
1.424303353502016366e-06
1.339771787252578564e-06
1.256770501155118852e-06
1.181247843138675205e-06
1.110532865756602329e-06
1.044360587952028797e-06
9.823948230830499623e-07
9.257123459249833565e-07
8.697155177252831566e-07
8.185836962262306703e-07
7.705801364730539506e-07
7.254902670580408506e-07
6.841656363083960304e-07
6.432247382508327072e-07
6.057634016725483901e-07
5.705277170915694936e-07
5.373683725595208193e-07
5.069258790096906197e-07
4.767086995008515121e-07
4.490234837722895574e-07
4.229414677844881156e-07
3.983653605199044717e-07
3.757769375517918317e-07
3.533275846389316947e-07
3.327359262365468598e-07
3.133247702486841031e-07
2.950217775199286139e-07
2.777366354145590144e-07
2.618451798942624594e-07
2.460507058290662926e-07
2.315461161458112673e-07
2.178585587199798881e-07
2.049413282215615916e-07
1.930456061566815279e-07
1.812266702667537628e-07
1.703675188939968272e-07
1.601175377085640967e-07
1.504452454003839345e-07
1.415231631607644696e-07
1.326793359994972803e-07
1.245454168491133212e-07
1.168677070985462423e-07
1.096213087689422584e-07
1.029402657425963283e-07
9.631664722509320037e-08
9.022868105016898165e-08
8.448523360474433758e-08
7.906478112482135583e-08
7.395171398284710062e-08
6.923054027886256118e-08
6.457191536869595879e-08
6.028402032073624390e-08
5.624049784989269819e-08
5.242484708779593324e-08
4.890996137947096885e-08
4.544568631627753772e-08
4.225270862495184791e-08
3.925207171357996744e-08
3.642218048459586524e-08
3.381012747344792812e-08
3.124857032277670712e-08
2.889000046327501825e-08
2.666886058197372674e-08
2.457957526877741697e-08
2.175662589720990563e-08
9.634279372680146025e-11
2.778138586901242029e-11
1.239238766316812446e-07
