# conditioning on: None.
# YRIfreq: 0.0,2.207836937734497e-05,4.215673875468994e-05,0.00010539184688672485,0.0002107836937734497,0.0004215673875468994,0.0104215673875469,0.0204215673875469,0.0304215673875469,0.0404215673875469,0.0504215673875469,0.0604215673875469,0.07042156738754692,0.0804215673875469,0.09042156738754689,0.1004215673875469,0.1104215673875469,0.1204215673875469,0.1304215673875469,0.1404215673875469,0.1504215673875469,0.1604215673875469,0.1704215673875469,0.1804215673875469,0.1904215673875469,0.20042156738754688,0.2104215673875469,0.2204215673875469,0.2304215673875469,0.2404215673875469,0.2504215673875469,0.2604215673875469,0.2704215673875469,0.2804215673875469,0.2904215673875469,0.3004215673875469,0.3104215673875469,0.3204215673875469,0.3304215673875469,0.3404215673875469,0.35042156738754693,0.3604215673875469,0.3704215673875469,0.3804215673875469,0.3904215673875469,0.40042156738754686,0.4104215673875469,0.4204215673875469,0.43042156738754694,0.4404215673875469,0.4504215673875469,0.4604215673875469,0.4704215673875469,0.4804215673875469,0.4904215673875469,0.500421567387547,0.510421567387547,0.5204215673875469,0.530421567387547,0.5404215673875469,0.550421567387547,0.560421567387547,0.5704215673875469,0.5804215673875468,0.5904215673875469,0.6004215673875469,0.6104215673875468,0.620421567387547,0.6304215673875468,0.640421567387547,0.6504215673875469,0.6604215673875469,0.670421567387547,0.6804215673875469,0.690421567387547,0.7004215673875469,0.7104215673875469,0.7204215673875468,0.7304215673875468,0.7404215673875469,0.750421567387547,0.7604215673875468,0.770421567387547,0.780421567387547,0.7904215673875469,0.8004215673875469,0.810421567387547,0.8204215673875469,0.8304215673875469,0.8404215673875469,0.8504215673875468,0.8604215673875469,0.870421567387547,0.8804215673875468,0.8904215673875469,0.900421567387547,0.9104215673875469,0.9204215673875469,0.930421567387547,0.940421567387547,0.9504215673875469,0.9604215673875469,0.9704215673875468,0.9804215673875468,0.9904215673875469,0.9998946081531133,0.9999578432612453,0.9999789216306226,1.0
9.925266505804976047e-01
1.054802455865407789e-03
4.493075538140937865e-04
7.407227051228589465e-04
6.075943101211371414e-04
6.279666012987664050e-04
2.839196202275446387e-03
4.772486924476477188e-04
2.315087463103649140e-04
1.348611766458178548e-04
8.619017159076504766e-05
5.781640886260644029e-05
4.029954687313793533e-05
2.888880085659610198e-05
2.106021553317895254e-05
1.568295498218615411e-05
1.180053378579192666e-05
9.033806441003419240e-06
6.967390797041295352e-06
5.443087937363240973e-06
4.302476013037572701e-06
3.418066483948322002e-06
2.751461537287251278e-06
2.223522892939509890e-06
1.815460255746583896e-06
1.496506077353334191e-06
1.237449758064918804e-06
1.034913685400974830e-06
8.678769126366826726e-07
7.355912840414670639e-07
6.248027494876978037e-07
5.351865477371146309e-07
4.620499551207481800e-07
3.995078407835026787e-07
3.488164432093097131e-07
3.048962883887728945e-07
2.690507247712946191e-07
2.375679195062997804e-07
2.112405049487922094e-07
1.890755307263721850e-07
1.692762083086709821e-07
1.528466502912675715e-07
1.380012652759898316e-07
1.253734072698232067e-07
1.145706162852714164e-07
1.046462411610868038e-07
9.633061611900499324e-08
8.860874564587907092e-08
8.212444976507240038e-08
7.603934176252346723e-08
7.077939603648911582e-08
6.621663730635700391e-08
6.186746946965743007e-08
5.821235874455777008e-08
5.469203666184849233e-08
5.173839624526918654e-08
4.886425410777851195e-08
4.636552044425664999e-08
4.419195946754721799e-08
4.204239851558431750e-08
4.025913539729297223e-08
3.847582155188793561e-08
3.693185009759196768e-08
3.559971665835605049e-08
3.424357891196862043e-08
3.314707225543206496e-08
3.201612251059700549e-08
3.111716695288183051e-08
3.017639972523564768e-08
2.938471006287486685e-08
2.872976916183026586e-08
2.802609356881968722e-08
2.750891877514863131e-08
2.694043166030994059e-08
2.649189672800376131e-08
2.615593206825310185e-08
2.576462772765337732e-08
2.554131054422380351e-08
2.526546381652293326e-08
2.515103321064701094e-08
2.498553353144767119e-08
2.492859108461569935e-08
2.498102652850920399e-08
2.498695052935466772e-08
2.515535826365036456e-08
2.528572577925046965e-08
2.559236265202929814e-08
2.586533062181117764e-08
2.627224506569429443e-08
2.682352656025307539e-08
2.735431387564007402e-08
2.811400208686383106e-08
2.887748155293636040e-08
2.983754095233766931e-08
3.101553339560483678e-08
3.224645472639982730e-08
3.382571416568302213e-08
3.550351044227434990e-08
3.761186424307540322e-08
3.990610703585944868e-08
4.266732091937626138e-08
4.600667337005478606e-08
4.972081607578845816e-08
5.433863566107425588e-08
5.954943582000381730e-08
6.228962515164109263e-08
4.108116277653421829e-10
1.192511387987608835e-10
2.985517741125426336e-07
