# conditioning on: None.
# YRIfreq: 0.0,2.207836937734497e-05,4.215673875468994e-05,0.00010539184688672485,0.0002107836937734497,0.0004215673875468994,0.0104215673875469,0.0204215673875469,0.0304215673875469,0.0404215673875469,0.0504215673875469,0.0604215673875469,0.07042156738754692,0.0804215673875469,0.09042156738754689,0.1004215673875469,0.1104215673875469,0.1204215673875469,0.1304215673875469,0.1404215673875469,0.1504215673875469,0.1604215673875469,0.1704215673875469,0.1804215673875469,0.1904215673875469,0.20042156738754688,0.2104215673875469,0.2204215673875469,0.2304215673875469,0.2404215673875469,0.2504215673875469,0.2604215673875469,0.2704215673875469,0.2804215673875469,0.2904215673875469,0.3004215673875469,0.3104215673875469,0.3204215673875469,0.3304215673875469,0.3404215673875469,0.35042156738754693,0.3604215673875469,0.3704215673875469,0.3804215673875469,0.3904215673875469,0.40042156738754686,0.4104215673875469,0.4204215673875469,0.43042156738754694,0.4404215673875469,0.4504215673875469,0.4604215673875469,0.4704215673875469,0.4804215673875469,0.4904215673875469,0.500421567387547,0.510421567387547,0.5204215673875469,0.530421567387547,0.5404215673875469,0.550421567387547,0.560421567387547,0.5704215673875469,0.5804215673875468,0.5904215673875469,0.6004215673875469,0.6104215673875468,0.620421567387547,0.6304215673875468,0.640421567387547,0.6504215673875469,0.6604215673875469,0.670421567387547,0.6804215673875469,0.690421567387547,0.7004215673875469,0.7104215673875469,0.7204215673875468,0.7304215673875468,0.7404215673875469,0.750421567387547,0.7604215673875468,0.770421567387547,0.780421567387547,0.7904215673875469,0.8004215673875469,0.810421567387547,0.8204215673875469,0.8304215673875469,0.8404215673875469,0.8504215673875468,0.8604215673875469,0.870421567387547,0.8804215673875468,0.8904215673875469,0.900421567387547,0.9104215673875469,0.9204215673875469,0.930421567387547,0.940421567387547,0.9504215673875469,0.9604215673875469,0.9704215673875468,0.9804215673875468,0.9904215673875469,0.9998946081531133,0.9999578432612453,0.9999789216306226,1.0
9.932746918420136684e-01
1.055132256024924643e-03
4.491958602115127502e-04
7.398667154261405780e-04
6.056769752736876344e-04
6.236858754533311554e-04
2.648564119784496511e-03
3.383911366816513551e-04
1.302888962558496977e-04
6.085607708095504390e-05
3.142295390204008536e-05
1.713748675027123206e-05
9.769800166616836505e-06
5.757023949392723916e-06
3.466616904216128815e-06
2.142194211146376898e-06
1.343396459916127852e-06
8.607932141992552160e-07
5.579287762587518107e-07
3.678442151047828797e-07
2.463247072230814524e-07
1.664374879795882994e-07
1.144086181548109342e-07
7.926718509405047577e-08
5.572533770806934654e-08
3.971135276789893096e-08
2.850908700118630139e-08
2.079203182185582111e-08
1.527307598568823180e-08
1.139166765778131231e-08
8.554862846859590240e-09
6.510865408105662410e-09
5.018271738076167917e-09
3.892782018908618909e-09
3.064573247249200221e-09
2.427306285810909826e-09
1.950612735564789442e-09
1.576265937786863056e-09
1.289083676734200069e-09
1.066217152058774776e-09
8.862202992338041660e-10
7.463055147555346879e-10
6.311977818033921718e-10
5.394810381644164924e-10
4.656559008871208689e-10
4.032856363861643045e-10
3.533030532729059954e-10
3.103558829706090674e-10
2.756007499567124399e-10
2.452482247571121223e-10
2.200410802324501858e-10
1.989516565821703563e-10
1.801014010628638700e-10
1.645741275992313924e-10
1.504891224023056878e-10
1.388367883847680664e-10
1.281162652831640620e-10
1.189844077545130318e-10
1.111740573757698493e-10
1.038372643505720401e-10
9.775252114576939913e-11
9.195914204206389900e-11
8.698859346116222297e-11
8.272190790667584440e-11
7.857695246433569123e-11
7.517966129403379253e-11
7.183393214848235206e-11
6.912041491521007423e-11
6.640998232870586795e-11
6.411251155686293286e-11
6.218368188638113818e-11
6.021197163328913945e-11
5.869578611465913530e-11
5.711809861526347264e-11
5.583818358561597814e-11
5.483191143783523916e-11
5.374293086500283041e-11
5.303411795052428128e-11
5.224355791763273849e-11
5.181211156877081456e-11
5.129927000635894306e-11
5.103281022385403158e-11
5.101265314526969187e-11
5.092094351117983279e-11
5.118475567587311905e-11
5.139734628203773542e-11
5.199877080203477650e-11
5.256756201475677345e-11
5.345175562509344710e-11
5.468360053006690338e-11
5.594011678685626073e-11
5.775028933431356166e-11
5.968027269434173570e-11
6.216312269609585425e-11
6.529833298683111402e-11
6.880728917735892126e-11
7.341916610499460402e-11
7.873718789440722474e-11
8.568959191631322032e-11
9.401369953520335938e-11
1.047648411703340317e-10
1.188508578328508119e-10
1.366380583362342458e-10
1.608837298172321810e-10
1.926990301340694465e-10
2.230911702420410788e-10
1.552283978650441745e-12
4.508293384357007411e-13
1.139744075193204877e-09
