# conditioning on: None.
# ooAfreq: 0.0,0.00017761603673613563,0.00035323207347227127,0.0008830801836806782,0.0017661603673613563,0.0035323207347227126,0.013532320734722714,0.023532320734722716,0.03353232073472271,0.04353232073472271,0.053532320734722715,0.0635323207347227,0.07353232073472273,0.08353232073472272,0.0935323207347227,0.10353232073472272,0.11353232073472272,0.1235323207347227,0.13353232073472274,0.14353232073472272,0.1535323207347227,0.16353232073472274,0.17353232073472272,0.1835323207347227,0.1935323207347227,0.20353232073472272,0.2135323207347227,0.22353232073472273,0.23353232073472271,0.2435323207347227,0.2535323207347227,0.2635323207347227,0.2735323207347227,0.28353232073472273,0.2935323207347227,0.3035323207347227,0.3135323207347227,0.3235323207347227,0.3335323207347227,0.34353232073472273,0.35353232073472274,0.36353232073472264,0.3735323207347227,0.3835323207347227,0.3935323207347228,0.4035323207347227,0.41353232073472274,0.4235323207347227,0.4335323207347227,0.44353232073472276,0.4535323207347227,0.4635323207347227,0.4735323207347228,0.4835323207347227,0.49353232073472275,0.5035323207347228,0.5135323207347227,0.5235323207347228,0.5335323207347228,0.5435323207347227,0.5535323207347228,0.5635323207347227,0.5735323207347227,0.5835323207347226,0.5935323207347227,0.6035323207347226,0.6135323207347226,0.6235323207347228,0.6335323207347227,0.6435323207347228,0.6535323207347228,0.6635323207347227,0.6735323207347228,0.6835323207347228,0.6935323207347227,0.7035323207347228,0.7135323207347227,0.7235323207347226,0.7335323207347227,0.7435323207347228,0.7535323207347228,0.7635323207347227,0.7735323207347227,0.7835323207347228,0.7935323207347228,0.8035323207347228,0.8135323207347227,0.8235323207347227,0.8335323207347227,0.8435323207347227,0.8535323207347226,0.8635323207347226,0.8735323207347226,0.8835323207347228,0.8935323207347228,0.9035323207347228,0.9135323207347227,0.9235323207347227,0.9335323207347227,0.9435323207347228,0.9535323207347228,0.9635323207347226,0.9735323207347226,0.9835323207347227,0.9935323207347228,0.9991169198163193,0.9996467679265277,0.9998233839632639,1.0
9.991522065620177528e-01
1.267014354658881536e-04
5.390399481358606359e-05
8.879639102762276542e-05
7.274232525957665329e-05
7.504867448477540830e-05
1.454489897461732099e-04
5.945862347297759020e-05
3.617232636481207972e-05
2.623446846947849061e-05
2.004083219818891519e-05
1.575676107754083287e-05
1.322566581418596707e-05
1.095298573259607266e-05
9.549046457479237515e-06
8.270547245329132457e-06
7.119220831701078400e-06
6.403256279197249906e-06
5.692448446916208960e-06
5.006856435875647329e-06
4.586361061482847670e-06
4.073139851754430063e-06
3.762668340182658760e-06
3.423991143731043128e-06
3.073260952495393669e-06
2.866797309642140866e-06
2.631897259268979189e-06
2.380346701008258360e-06
2.235134899109141109e-06
2.029637011533414887e-06
1.912868508071249913e-06
1.772893744004827205e-06
1.617848279884613578e-06
1.531737013926458586e-06
1.401572042138246436e-06
1.330321902786969663e-06
1.241192065244359462e-06
1.139617524643887025e-06
1.085157796870577508e-06
1.015527463677649490e-06
9.350530814421087455e-07
8.927286530913513501e-07
8.233038298079870975e-07
7.872231213497073691e-07
7.396189771993727056e-07
6.835156990771159814e-07
6.548357212437753892e-07
6.163756960140089411e-07
5.706030421486417994e-07
5.475454418942771979e-07
5.073789061047389424e-07
4.873204822892903921e-07
4.597962214635223469e-07
4.265943143610271365e-07
4.101998721582490672e-07
3.874424599803139588e-07
3.598213946214273394e-07
3.463066677521124384e-07
3.217814157886592593e-07
3.098375407025274824e-07
2.930147465771976437e-07
2.724214088950927222e-07
2.624408457614666393e-07
2.440580477173299543e-07
2.351635413847432260e-07
2.225221899424876673e-07
2.069722227476657851e-07
1.994479437430050246e-07
1.887280342729482263e-07
1.755256318154707438e-07
1.691158357069777178e-07
1.572530171768450417e-07
1.514694426356022805e-07
1.432412860560225049e-07
1.331184820268991883e-07
1.281364259662013871e-07
1.210796982184753794e-07
1.124210946581005492e-07
1.081019465892490710e-07
1.002890377256175050e-07
9.634750796600991669e-08
9.084063204825054472e-08
8.413870855164681283e-08
8.068703443855503148e-08
7.463126844516273919e-08
7.144925745238028526e-08
6.708753034149073012e-08
6.188308816043363914e-08
5.908009575835592068e-08
5.531736899464371449e-08
5.084916060183129432e-08
4.835824055744422687e-08
4.432047325108467727e-08
4.201184700834087252e-08
3.902503963653704388e-08
3.556251353126180330e-08
3.349730328416872709e-08
3.089267688787586354e-08
2.790706402534995927e-08
2.604971632207612265e-08
2.338500413581889610e-08
2.165750631304535714e-08
1.959288501210023148e-08
1.732718870706465432e-08
1.572930332100292357e-08
7.983341417391401956e-09
6.855045894162013963e-10
1.982133047224269257e-10
3.831859504405810159e-08
