# conditioning on: None.
# ooAfreq: 0.0,0.00017761603673613563,0.00035323207347227127,0.0008830801836806782,0.0017661603673613563,0.0035323207347227126,0.013532320734722714,0.023532320734722716,0.03353232073472271,0.04353232073472271,0.053532320734722715,0.0635323207347227,0.07353232073472273,0.08353232073472272,0.0935323207347227,0.10353232073472272,0.11353232073472272,0.1235323207347227,0.13353232073472274,0.14353232073472272,0.1535323207347227,0.16353232073472274,0.17353232073472272,0.1835323207347227,0.1935323207347227,0.20353232073472272,0.2135323207347227,0.22353232073472273,0.23353232073472271,0.2435323207347227,0.2535323207347227,0.2635323207347227,0.2735323207347227,0.28353232073472273,0.2935323207347227,0.3035323207347227,0.3135323207347227,0.3235323207347227,0.3335323207347227,0.34353232073472273,0.35353232073472274,0.36353232073472264,0.3735323207347227,0.3835323207347227,0.3935323207347228,0.4035323207347227,0.41353232073472274,0.4235323207347227,0.4335323207347227,0.44353232073472276,0.4535323207347227,0.4635323207347227,0.4735323207347228,0.4835323207347227,0.49353232073472275,0.5035323207347228,0.5135323207347227,0.5235323207347228,0.5335323207347228,0.5435323207347227,0.5535323207347228,0.5635323207347227,0.5735323207347227,0.5835323207347226,0.5935323207347227,0.6035323207347226,0.6135323207347226,0.6235323207347228,0.6335323207347227,0.6435323207347228,0.6535323207347228,0.6635323207347227,0.6735323207347228,0.6835323207347228,0.6935323207347227,0.7035323207347228,0.7135323207347227,0.7235323207347226,0.7335323207347227,0.7435323207347228,0.7535323207347228,0.7635323207347227,0.7735323207347227,0.7835323207347228,0.7935323207347228,0.8035323207347228,0.8135323207347227,0.8235323207347227,0.8335323207347227,0.8435323207347227,0.8535323207347226,0.8635323207347226,0.8735323207347226,0.8835323207347228,0.8935323207347228,0.9035323207347228,0.9135323207347227,0.9235323207347227,0.9335323207347227,0.9435323207347228,0.9535323207347228,0.9635323207347226,0.9735323207347226,0.9835323207347227,0.9935323207347228,0.9991169198163193,0.9996467679265277,0.9998233839632639,1.0
9.990095303853702147e-01
1.267819596090249913e-04
5.399820964055295771e-05
8.910298076822412345e-05
7.327100286045405805e-05
7.611859391956212286e-05
1.513646008337815954e-04
6.525807309805871121e-05
4.164022864612330324e-05
3.156705231339245306e-05
2.514755624430518903e-05
2.056286698898375273e-05
1.791171368859508094e-05
1.536579077989297604e-05
1.385244955473275349e-05
1.239058350195877668e-05
1.099595546945556606e-05
1.018251272201888599e-05
9.310651628475156616e-06
8.411396684841914210e-06
7.905318881640160106e-06
7.196133633634766432e-06
6.807190024994393854e-06
6.338838972250122587e-06
5.816080608976680717e-06
5.541573306403403635e-06
5.193546984657994344e-06
4.790790594696987325e-06
4.585028435456767662e-06
4.240820059436773534e-06
4.068517300932848143e-06
3.836740667342187197e-06
3.559868940468826793e-06
3.424971467823852379e-06
3.183031837415118177e-06
3.067001315803490193e-06
2.903854457725387707e-06
2.704060812458632993e-06
2.610206321494900142e-06
2.475497382317198047e-06
2.308687898277065278e-06
2.231671776961181921e-06
2.082990983693931119e-06
2.015010807844098936e-06
1.914817214367655334e-06
1.789013541034520441e-06
1.732190953858754207e-06
1.647427947494586713e-06
1.540343951774617533e-06
1.492429750787994774e-06
1.395956066600817342e-06
1.352995624062078423e-06
1.287972434994386769e-06
1.205228572162673744e-06
1.168566331919738304e-06
1.112745825367098631e-06
1.041541204229947284e-06
1.010077309744799494e-06
9.455175951639500792e-07
9.170016547431725567e-07
8.733703872348627734e-07
8.175592615929127292e-07
7.928753424647225957e-07
7.421565608844686652e-07
7.196769461120861582e-07
6.852875184579804049e-07
6.413093183970258666e-07
6.217180870526673244e-07
5.918219637981662817e-07
5.536418303391076229e-07
5.365094625599286798e-07
5.017374225355311913e-07
4.860402825633065500e-07
4.622760027847582217e-07
4.320543465343886890e-07
4.182637716339450893e-07
3.975304833189057261e-07
3.712603855226297286e-07
3.591192825101619008e-07
3.351889380207658975e-07
3.240236321396064934e-07
3.074867461181682009e-07
2.867012398567429500e-07
2.768496442249754182e-07
2.579336166772708906e-07
2.488244358945338881e-07
2.355420354474108234e-07
2.191384582205414196e-07
2.111329448358943820e-07
1.996498271164449268e-07
1.854701528498621974e-07
1.784084760766927698e-07
1.655503922268333216e-07
1.590610030771653450e-07
1.499743243369581776e-07
1.389090719968299657e-07
1.332116278947279288e-07
1.253432948938283881e-07
1.157643044975216706e-07
1.107666570241482757e-07
1.022356184161442235e-07
9.769378246314863353e-08
9.160160777833982501e-08
8.434920752956744006e-08
8.019119456661371235e-08
4.240682182380360105e-08
3.703739498354914487e-09
1.072624409496180588e-09
9.217821501139046000e-07
