# conditioning on: None.
# CEUfreq: 0.0,1.6793047900314283e-05,3.1586095800628564e-05,7.896523950157141e-05,0.00015793047900314282,0.00031586095800628563,0.010315860958006287,0.020315860958006287,0.030315860958006285,0.04031586095800629,0.05031586095800629,0.060315860958006284,0.0703158609580063,0.08031586095800629,0.09031586095800628,0.10031586095800629,0.11031586095800629,0.12031586095800628,0.1303158609580063,0.1403158609580063,0.15031586095800628,0.1603158609580063,0.1703158609580063,0.18031586095800628,0.1903158609580063,0.2003158609580063,0.21031586095800628,0.2203158609580063,0.2303158609580063,0.24031586095800628,0.2503158609580063,0.2603158609580063,0.2703158609580063,0.2803158609580063,0.29031586095800627,0.3003158609580063,0.3103158609580063,0.3203158609580063,0.3303158609580063,0.3403158609580063,0.3503158609580063,0.3603158609580063,0.3703158609580063,0.3803158609580063,0.3903158609580063,0.4003158609580063,0.4103158609580063,0.42031586095800627,0.4303158609580063,0.4403158609580063,0.4503158609580063,0.4603158609580063,0.4703158609580063,0.48031586095800627,0.4903158609580062,0.5003158609580063,0.5103158609580063,0.5203158609580063,0.5303158609580063,0.5403158609580063,0.5503158609580063,0.5603158609580063,0.5703158609580063,0.5803158609580062,0.5903158609580063,0.6003158609580063,0.6103158609580063,0.6203158609580063,0.6303158609580063,0.6403158609580063,0.6503158609580063,0.6603158609580063,0.6703158609580063,0.6803158609580063,0.6903158609580063,0.7003158609580064,0.7103158609580063,0.7203158609580063,0.7303158609580062,0.7403158609580063,0.7503158609580063,0.7603158609580063,0.7703158609580063,0.7803158609580063,0.7903158609580063,0.8003158609580063,0.8103158609580063,0.8203158609580063,0.8303158609580064,0.8403158609580063,0.8503158609580063,0.8603158609580063,0.8703158609580063,0.8803158609580063,0.8903158609580063,0.9003158609580063,0.9103158609580063,0.9203158609580063,0.9303158609580063,0.9403158609580063,0.9503158609580064,0.9603158609580063,0.9703158609580063,0.9803158609580062,0.9903158609580063,0.9999210347604984,0.9999684139041993,0.9999842069520997,1.0
9.928353223552266460e-01
1.361492862435790055e-03
5.690097103078360814e-04
9.282918043474364545e-04
7.380263282284995263e-04
7.263688870787179041e-04
2.436804308027070310e-03
1.618202613799239905e-04
6.370134264001173306e-05
3.516823229621360910e-05
2.285877576371091969e-05
1.636131576030826573e-05
1.240956797995468209e-05
9.830425493813840245e-06
8.023651662098570209e-06
6.698422388707793016e-06
5.697619225032404995e-06
4.898437825254646763e-06
4.267175451368626602e-06
3.752298099083801247e-06
3.326232552767444401e-06
2.973668317859631035e-06
2.666544581893869682e-06
2.408029327666829484e-06
2.185170888629555667e-06
1.991609804618516278e-06
1.822516308237423962e-06
1.676433587895691945e-06
1.542331754682911874e-06
1.425713639121234970e-06
1.321710416718898959e-06
1.228575557821907340e-06
1.146590112350837323e-06
1.069298647475589030e-06
1.000981679409456319e-06
9.389954562492114511e-07
8.825729086542463509e-07
8.323530688893931417e-07
7.838916150509634269e-07
7.406851026820960622e-07
7.009679924352229765e-07
6.643791958809062867e-07
6.315679033616433109e-07
5.993133352081708525e-07
5.703938038204535221e-07
5.435118002217071607e-07
5.185282733788835089e-07
4.952706651798429262e-07
4.743039330978624066e-07
4.532658498574847104e-07
4.343009552163022389e-07
4.165361684155144134e-07
3.998721129998396810e-07
3.848152312117603405e-07
3.694781781146991719e-07
3.556179336712871867e-07
3.425560235606777805e-07
3.302307946130761818e-07
3.190794918253343213e-07
3.075544251161013590e-07
2.971282919622082082e-07
2.872477573349571120e-07
2.778757896799537613e-07
2.693952641832056985e-07
2.605032764165522833e-07
2.524533907370391837e-07
2.447928921621065607e-07
2.374966277145756515e-07
2.305190629807311565e-07
2.242159530216521894e-07
2.175018263394331956e-07
2.114195629774980929e-07
2.055952254365042461e-07
2.000127714002659971e-07
1.949603479921673657e-07
1.895054249861594105e-07
1.845608959354847304e-07
1.798019328742498917e-07
1.752199629893510503e-07
1.710555351514082781e-07
1.665174823076318410e-07
1.623891474921930212e-07
1.583905005358451041e-07
1.545126098667225852e-07
1.509819127657062898e-07
1.470726281330229609e-07
1.435017280658596732e-07
1.400184103160052106e-07
1.366061846227001936e-07
1.332595845918132546e-07
1.301643317267727278e-07
1.267158674590926269e-07
1.235114424864166790e-07
1.203308253037319275e-07
1.171547052662101281e-07
1.141772953690286461e-07
1.108265741581654235e-07
1.076217511315867727e-07
1.043987136059952813e-07
1.011126261968465991e-07
9.790444192939771572e-08
9.430196434852660342e-08
9.073580397284691931e-08
8.702535715221908463e-08
8.314397863947954695e-08
7.602803351654104470e-08
3.420822540317308990e-10
9.867994644810053660e-11
2.306625300401353009e-07
