# conditioning on: None.
# CEUfreq: 0.0,1.6793047900314283e-05,3.1586095800628564e-05,7.896523950157141e-05,0.00015793047900314282,0.00031586095800628563,0.010315860958006287,0.020315860958006287,0.030315860958006285,0.04031586095800629,0.05031586095800629,0.060315860958006284,0.0703158609580063,0.08031586095800629,0.09031586095800628,0.10031586095800629,0.11031586095800629,0.12031586095800628,0.1303158609580063,0.1403158609580063,0.15031586095800628,0.1603158609580063,0.1703158609580063,0.18031586095800628,0.1903158609580063,0.2003158609580063,0.21031586095800628,0.2203158609580063,0.2303158609580063,0.24031586095800628,0.2503158609580063,0.2603158609580063,0.2703158609580063,0.2803158609580063,0.29031586095800627,0.3003158609580063,0.3103158609580063,0.3203158609580063,0.3303158609580063,0.3403158609580063,0.3503158609580063,0.3603158609580063,0.3703158609580063,0.3803158609580063,0.3903158609580063,0.4003158609580063,0.4103158609580063,0.42031586095800627,0.4303158609580063,0.4403158609580063,0.4503158609580063,0.4603158609580063,0.4703158609580063,0.48031586095800627,0.4903158609580062,0.5003158609580063,0.5103158609580063,0.5203158609580063,0.5303158609580063,0.5403158609580063,0.5503158609580063,0.5603158609580063,0.5703158609580063,0.5803158609580062,0.5903158609580063,0.6003158609580063,0.6103158609580063,0.6203158609580063,0.6303158609580063,0.6403158609580063,0.6503158609580063,0.6603158609580063,0.6703158609580063,0.6803158609580063,0.6903158609580063,0.7003158609580064,0.7103158609580063,0.7203158609580063,0.7303158609580062,0.7403158609580063,0.7503158609580063,0.7603158609580063,0.7703158609580063,0.7803158609580063,0.7903158609580063,0.8003158609580063,0.8103158609580063,0.8203158609580063,0.8303158609580064,0.8403158609580063,0.8503158609580063,0.8603158609580063,0.8703158609580063,0.8803158609580063,0.8903158609580063,0.9003158609580063,0.9103158609580063,0.9203158609580063,0.9303158609580063,0.9403158609580063,0.9503158609580064,0.9603158609580063,0.9703158609580063,0.9803158609580062,0.9903158609580063,0.9999210347604984,0.9999684139041993,0.9999842069520997,1.0
9.917366010236464691e-01
1.360498642395138735e-03
5.687806750928284943e-04
9.285161706255181616e-04
7.391983071049024277e-04
7.292954184437353124e-04
2.537279788387542239e-03
2.080873042011148477e-04
9.653196715441161239e-05
6.208795327223404865e-05
4.653192045055018966e-05
3.802071517453866153e-05
3.260945963914204732e-05
2.895846954145833647e-05
2.629338565580800576e-05
2.425198233050413296e-05
2.265418869874600072e-05
2.127196050713152028e-05
2.013754488723323114e-05
1.915740070170026465e-05
1.829736626688202532e-05
1.755956371465590998e-05
1.684445095962979348e-05
1.621974614567610329e-05
1.564778563404413603e-05
1.512013873938636932e-05
1.463128483513526115e-05
1.419796946060231075e-05
1.374865331287457445e-05
1.334786033061214353e-05
1.296996771183589509e-05
1.261255570959527730e-05
1.229255268111524437e-05
1.195164087055294001e-05
1.164489689843519755e-05
1.135247312252708982e-05
1.107298222388574416e-05
1.082233001461819974e-05
1.054865754408590486e-05
1.030259654665985075e-05
1.006617731404615138e-05
9.838768311661894061e-06
9.634734480489294493e-06
9.408444304427171614e-06
9.205314796059068346e-06
9.008682192097710779e-06
8.818945635078409854e-06
8.635761572685080582e-06
8.471736064297787230e-06
8.286640799139856865e-06
8.120527246695027332e-06
7.959650850470912633e-06
7.803750934716735386e-06
7.664574951045901286e-06
7.505777435933655388e-06
7.363491001401297701e-06
7.225455125144587102e-06
7.091463861473125371e-06
6.972184896840886221e-06
6.834629001362962325e-06
6.711742723506927742e-06
6.592301144504596469e-06
6.476199736725851150e-06
6.373275095669018391e-06
6.253269012658521265e-06
6.146349644846687367e-06
6.042450294849479669e-06
5.941467325405675149e-06
5.842774847452983176e-06
5.755971917410737410e-06
5.653611110871651354e-06
5.562800375699468485e-06
5.474373591158930559e-06
5.388267348358723822e-06
5.312730189884459208e-06
5.222626232065065740e-06
5.143095981857191912e-06
5.065626160819588516e-06
4.990264387002840086e-06
4.924250852101435192e-06
4.845028403073994256e-06
4.775366500208880946e-06
4.707495105400761527e-06
4.641390049776087107e-06
4.584217455871568511e-06
4.514133611006569335e-06
4.453131309872673213e-06
4.393832212789755449e-06
4.336013042119647801e-06
4.279753119585660566e-06
4.231390708661166404e-06
4.171528431050469722e-06
4.119778770307899647e-06
4.069394538699057816e-06
4.020066450452195221e-06
3.978906792457863873e-06
3.926372864832458090e-06
3.881005915922550329e-06
3.837587461453883077e-06
3.795039025548600037e-06
3.759639535832321595e-06
3.713697111315992752e-06
3.674773072806672353e-06
3.636688799807539162e-06
3.599579864359304632e-06
3.423394170979749819e-06
1.572384645288845240e-08
4.535535510611147393e-09
9.387062691274415042e-05
