# conditioning on: None.
# YRIfreq: 0.0,2.207836937734497e-05,4.215673875468994e-05,0.00010539184688672485,0.0002107836937734497,0.0004215673875468994,0.0104215673875469,0.0204215673875469,0.0304215673875469,0.0404215673875469,0.0504215673875469,0.0604215673875469,0.07042156738754692,0.0804215673875469,0.09042156738754689,0.1004215673875469,0.1104215673875469,0.1204215673875469,0.1304215673875469,0.1404215673875469,0.1504215673875469,0.1604215673875469,0.1704215673875469,0.1804215673875469,0.1904215673875469,0.20042156738754688,0.2104215673875469,0.2204215673875469,0.2304215673875469,0.2404215673875469,0.2504215673875469,0.2604215673875469,0.2704215673875469,0.2804215673875469,0.2904215673875469,0.3004215673875469,0.3104215673875469,0.3204215673875469,0.3304215673875469,0.3404215673875469,0.35042156738754693,0.3604215673875469,0.3704215673875469,0.3804215673875469,0.3904215673875469,0.40042156738754686,0.4104215673875469,0.4204215673875469,0.43042156738754694,0.4404215673875469,0.4504215673875469,0.4604215673875469,0.4704215673875469,0.4804215673875469,0.4904215673875469,0.500421567387547,0.510421567387547,0.5204215673875469,0.530421567387547,0.5404215673875469,0.550421567387547,0.560421567387547,0.5704215673875469,0.5804215673875468,0.5904215673875469,0.6004215673875469,0.6104215673875468,0.620421567387547,0.6304215673875468,0.640421567387547,0.6504215673875469,0.6604215673875469,0.670421567387547,0.6804215673875469,0.690421567387547,0.7004215673875469,0.7104215673875469,0.7204215673875468,0.7304215673875468,0.7404215673875469,0.750421567387547,0.7604215673875468,0.770421567387547,0.780421567387547,0.7904215673875469,0.8004215673875469,0.810421567387547,0.8204215673875469,0.8304215673875469,0.8404215673875469,0.8504215673875468,0.8604215673875469,0.870421567387547,0.8804215673875468,0.8904215673875469,0.900421567387547,0.9104215673875469,0.9204215673875469,0.930421567387547,0.940421567387547,0.9504215673875469,0.9604215673875469,0.9704215673875468,0.9804215673875468,0.9904215673875469,0.9998946081531133,0.9999578432612453,0.9999789216306226,1.0
9.906051572572105446e-01
1.053118321431655837e-03
4.487823355316207172e-04
7.403721190925145962e-04
6.082398765241536082e-04
6.304085523028287417e-04
2.997930632632223296e-03
6.215281148732624758e-04
3.596275723560687400e-04
2.480956591001397976e-04
1.868462202500415729e-04
1.471142712404588328e-04
1.199151913764713714e-04
1.002119900339870087e-04
8.490215982138317301e-05
7.324888211784743653e-05
6.365797363018266567e-05
5.610776130769615477e-05
4.966386576074791835e-05
4.437509772535564101e-05
3.998737841009525270e-05
3.609068064251534647e-05
3.288864964512582174e-05
2.998020881069844907e-05
2.750688404520503920e-05
2.538843497436150341e-05
2.341920304323617935e-05
2.176749728820976673e-05
2.021187481401725395e-05
1.889802892459887564e-05
1.764247633159453060e-05
1.654766243524945902e-05
1.558911269343542041e-05
1.465668772267240433e-05
1.386718289444765858e-05
1.309083834118876992e-05
1.243513815847959799e-05
1.178221859114107654e-05
1.120635716610348691e-05
1.069789296099719958e-05
1.018533109463103791e-05
9.752817451863841385e-06
9.312708732960718025e-06
8.923925834707883777e-06
8.580446870879598846e-06
8.226063532439231645e-06
7.929516282080946321e-06
7.620713251498246424e-06
7.363523230591417548e-06
7.093181493178479803e-06
6.855051415635921276e-06
6.645862265250355826e-06
6.422756169752876210e-06
6.239824804779098935e-06
6.042726533511575054e-06
5.882387429457676285e-06
5.707809747575144375e-06
5.555577052790097922e-06
5.423733682762290951e-06
5.277621739999314503e-06
5.161835862596061461e-06
5.031863170189251796e-06
4.919976389239975569e-06
4.824820781218750337e-06
4.715666904744613772e-06
4.632399916672546717e-06
4.535285269519777790e-06
4.462689648669594997e-06
4.376405923705461269e-06
4.304452066243120066e-06
4.245996983866074511e-06
4.174095619371698252e-06
4.124063268226691627e-06
4.060740812492988592e-06
4.010073179345030565e-06
3.971309946936221142e-06
3.919133393487219064e-06
3.887542031844874016e-06
3.843012513959960501e-06
3.818045058140722969e-06
3.780257918118904859e-06
3.753722310214819401e-06
3.738153259719731957e-06
3.709906477597138677e-06
3.699727888585530019e-06
3.677474933933454834e-06
3.673808884371126978e-06
3.657630674218066964e-06
3.652143717179420446e-06
3.657196715026749248e-06
3.649193846180562070e-06
3.660241089199337337e-06
3.658897316835878614e-06
3.668305508047311622e-06
3.687873879620978161e-06
3.695457158148285233e-06
3.722119983176148202e-06
3.736077422183874918e-06
3.768707056342215912e-06
3.789745018946037484e-06
3.821468130926200007e-06
3.865377835437428608e-06
3.896619581305943936e-06
3.948543251670792343e-06
3.986947386081457091e-06
3.826783776204088305e-06
2.415347450707269732e-08
7.008489016375035481e-09
1.756720744764298666e-05
