# conditioning on: None.
# CEUfreq: 0.0,1.6793047900314283e-05,3.1586095800628564e-05,7.896523950157141e-05,0.00015793047900314282,0.00031586095800628563,0.010315860958006287,0.020315860958006287,0.030315860958006285,0.04031586095800629,0.05031586095800629,0.060315860958006284,0.0703158609580063,0.08031586095800629,0.09031586095800628,0.10031586095800629,0.11031586095800629,0.12031586095800628,0.1303158609580063,0.1403158609580063,0.15031586095800628,0.1603158609580063,0.1703158609580063,0.18031586095800628,0.1903158609580063,0.2003158609580063,0.21031586095800628,0.2203158609580063,0.2303158609580063,0.24031586095800628,0.2503158609580063,0.2603158609580063,0.2703158609580063,0.2803158609580063,0.29031586095800627,0.3003158609580063,0.3103158609580063,0.3203158609580063,0.3303158609580063,0.3403158609580063,0.3503158609580063,0.3603158609580063,0.3703158609580063,0.3803158609580063,0.3903158609580063,0.4003158609580063,0.4103158609580063,0.42031586095800627,0.4303158609580063,0.4403158609580063,0.4503158609580063,0.4603158609580063,0.4703158609580063,0.48031586095800627,0.4903158609580062,0.5003158609580063,0.5103158609580063,0.5203158609580063,0.5303158609580063,0.5403158609580063,0.5503158609580063,0.5603158609580063,0.5703158609580063,0.5803158609580062,0.5903158609580063,0.6003158609580063,0.6103158609580063,0.6203158609580063,0.6303158609580063,0.6403158609580063,0.6503158609580063,0.6603158609580063,0.6703158609580063,0.6803158609580063,0.6903158609580063,0.7003158609580064,0.7103158609580063,0.7203158609580063,0.7303158609580062,0.7403158609580063,0.7503158609580063,0.7603158609580063,0.7703158609580063,0.7803158609580063,0.7903158609580063,0.8003158609580063,0.8103158609580063,0.8203158609580063,0.8303158609580064,0.8403158609580063,0.8503158609580063,0.8603158609580063,0.8703158609580063,0.8803158609580063,0.8903158609580063,0.9003158609580063,0.9103158609580063,0.9203158609580063,0.9303158609580063,0.9403158609580063,0.9503158609580064,0.9603158609580063,0.9703158609580063,0.9803158609580062,0.9903158609580063,0.9999210347604984,0.9999684139041993,0.9999842069520997,1.0
9.926068305560382665e-01
1.361461756388112308e-03
5.690984352990539419e-04
9.287642097278794862e-04
7.389447718576573837e-04
7.282386332558789168e-04
2.489515285547431490e-03
1.826338953662507032e-04
7.683003904345744005e-05
4.494510002628746866e-05
3.080804067886161294e-05
2.317719006238010894e-05
1.842520812566023078e-05
1.525944724927698882e-05
1.299052915555483406e-05
1.128625646580727723e-05
9.969834623514286801e-06
8.883610952923048096e-06
8.005013954486636543e-06
7.268052200820564182e-06
6.640802690872610197e-06
6.109444868455731707e-06
5.628924286331428552e-06
5.215037244222560493e-06
4.848367596376586413e-06
4.521228580108631053e-06
4.227872709451029585e-06
3.969444722607596933e-06
3.723291436827221539e-06
3.505249556787693315e-06
3.306148195117707522e-06
3.123714525204466461e-06
2.960534035847595986e-06
2.801410884141506668e-06
2.658622708996636802e-06
2.526417917203992799e-06
2.403684549636395466e-06
2.293041569406520994e-06
2.182930826461797391e-06
2.083571557632146934e-06
1.990631647491461404e-06
1.903552355227346331e-06
1.824635290360156265e-06
1.744920974146181657e-06
1.672731820529453728e-06
1.604600548354182947e-06
1.540353391248575918e-06
1.479695921691541966e-06
1.424518697139508482e-06
1.367889009741129378e-06
1.316389040530247981e-06
1.267530697095095551e-06
1.221128046701517487e-06
1.178839430533672615e-06
1.134971503808489776e-06
1.094985467635972461e-06
1.056877398493418671e-06
1.020523304609854673e-06
9.873333718810824938e-07
9.525695936402426829e-07
9.208345188091508795e-07
8.904576922780651800e-07
8.613609623433155567e-07
8.347629509378276786e-07
8.066561089352344501e-07
7.809509623450691630e-07
7.562691351316045882e-07
7.325525663967720129e-07
7.096812321739390181e-07
6.887615431372419098e-07
6.664769193536017557e-07
6.460453149478667005e-07
6.263294646135946759e-07
6.072915613794709507e-07
5.898114664817944939e-07
5.710788417486877967e-07
5.538655423842519942e-07
5.371953267900454227e-07
5.210495482843386093e-07
5.061451001195001782e-07
4.901486454275386491e-07
4.753862651156962049e-07
4.610344253612273158e-07
4.470729760669296730e-07
4.341571405429755083e-07
4.202081127156147887e-07
4.072978774642514817e-07
3.947073089618889151e-07
3.823997440834088240e-07
3.703683013982477121e-07
3.591324825392857249e-07
3.470369163106035926e-07
3.357405330604320837e-07
3.246498815189394241e-07
3.137287674658131349e-07
3.035062045890407838e-07
2.924817887216880688e-07
2.820642148674751998e-07
2.718367465144561867e-07
2.617100323534786437e-07
2.520863673556093983e-07
2.417808836811058223e-07
2.319584187751720211e-07
2.221978335930541863e-07
2.124964302804010429e-07
1.950296828026469695e-07
8.798258410222969350e-10
2.537811461335749386e-10
1.610787661654485337e-06
