# conditioning on: None.
# ooAfreq: 0.0,0.00017761603673613563,0.00035323207347227127,0.0008830801836806782,0.0017661603673613563,0.0035323207347227126,0.013532320734722714,0.023532320734722716,0.03353232073472271,0.04353232073472271,0.053532320734722715,0.0635323207347227,0.07353232073472273,0.08353232073472272,0.0935323207347227,0.10353232073472272,0.11353232073472272,0.1235323207347227,0.13353232073472274,0.14353232073472272,0.1535323207347227,0.16353232073472274,0.17353232073472272,0.1835323207347227,0.1935323207347227,0.20353232073472272,0.2135323207347227,0.22353232073472273,0.23353232073472271,0.2435323207347227,0.2535323207347227,0.2635323207347227,0.2735323207347227,0.28353232073472273,0.2935323207347227,0.3035323207347227,0.3135323207347227,0.3235323207347227,0.3335323207347227,0.34353232073472273,0.35353232073472274,0.36353232073472264,0.3735323207347227,0.3835323207347227,0.3935323207347228,0.4035323207347227,0.41353232073472274,0.4235323207347227,0.4335323207347227,0.44353232073472276,0.4535323207347227,0.4635323207347227,0.4735323207347228,0.4835323207347227,0.49353232073472275,0.5035323207347228,0.5135323207347227,0.5235323207347228,0.5335323207347228,0.5435323207347227,0.5535323207347228,0.5635323207347227,0.5735323207347227,0.5835323207347226,0.5935323207347227,0.6035323207347226,0.6135323207347226,0.6235323207347228,0.6335323207347227,0.6435323207347228,0.6535323207347228,0.6635323207347227,0.6735323207347228,0.6835323207347228,0.6935323207347227,0.7035323207347228,0.7135323207347227,0.7235323207347226,0.7335323207347227,0.7435323207347228,0.7535323207347228,0.7635323207347227,0.7735323207347227,0.7835323207347228,0.7935323207347228,0.8035323207347228,0.8135323207347227,0.8235323207347227,0.8335323207347227,0.8435323207347227,0.8535323207347226,0.8635323207347226,0.8735323207347226,0.8835323207347228,0.8935323207347228,0.9035323207347228,0.9135323207347227,0.9235323207347227,0.9335323207347227,0.9435323207347228,0.9535323207347228,0.9635323207347226,0.9735323207347226,0.9835323207347227,0.9935323207347228,0.9991169198163193,0.9996467679265277,0.9998233839632639,1.0
9.981419465062476570e-01
1.269328260682930985e-04
5.423688030243703154e-05
8.991969120729405578e-05
7.472709661971365866e-05
7.911536580560522554e-05
1.683339375184441733e-04
8.236953369150046777e-05
5.819538419995579976e-05
4.812793368768832389e-05
4.141462280097227988e-05
3.625914577893551960e-05
3.359971130185937396e-05
3.050715489734712689e-05
2.898384686824758983e-05
2.723707304055608656e-05
2.530787481795778335e-05
2.447454536869243279e-05
2.332849150622309898e-05
2.192000123509505797e-05
2.139100901133447004e-05
2.018958501679112672e-05
1.977647085453360432e-05
1.905376327725340186e-05
1.806439454348588309e-05
1.776856034914373012e-05
1.718216566536172443e-05
1.633741688036000837e-05
1.610615486910108547e-05
1.533632064051016576e-05
1.513887708053770572e-05
1.468609284490817832e-05
1.400777186957002806e-05
1.384873278561589702e-05
1.322095189377254911e-05
1.308169116057075256e-05
1.271839100504277722e-05
1.215547017673289456e-05
1.204004574502945319e-05
1.171730805524246289e-05
1.120910566341976652e-05
1.111244577887813890e-05
1.063625590125250405e-05
1.055002200356428666e-05
1.028108921426530741e-05
9.847800207944249864e-06
9.774934529690703275e-06
9.532413132840630420e-06
9.136825184090280376e-06
9.075177802651447639e-06
8.702243529136786628e-06
8.647120262176025086e-06
8.441535727011637480e-06
8.099599129864450529e-06
8.053148723144170783e-06
7.866351072748841656e-06
7.552287586946263873e-06
7.513487539713582848e-06
7.216275318141839359e-06
7.181984859200287125e-06
7.022452943744527748e-06
6.748660846487652035e-06
6.720583958261827322e-06
6.461130326160621969e-06
6.436824800821433181e-06
6.300197109766328326e-06
6.060662301373529450e-06
6.041572191561658569e-06
5.917033343665552527e-06
5.695631965216363511e-06
5.681285917696782622e-06
5.471046182167534467e-06
5.459629411217128704e-06
5.352907682449266854e-06
5.158243335412550129e-06
5.150942178907868970e-06
5.053727993055637150e-06
4.873309109084239443e-06
4.869820417207713864e-06
4.698199783039522481e-06
4.697100189066966468e-06
4.614029995249268945e-06
4.454723728534929668e-06
4.457030349936077852e-06
4.305344637811783800e-06
4.309062524095966256e-06
4.236485256604624714e-06
4.095253614999698004e-06
4.102694614518375549e-06
4.038588606917824712e-06
3.907364209848796614e-06
3.917732360605633912e-06
3.792586539814675330e-06
3.804843121650181658e-06
3.750813104523622895e-06
3.634235732421159915e-06
3.649297751855307124e-06
3.600444746104697695e-06
3.488769515663103144e-06
3.505811380513294079e-06
3.401816516880768117e-06
3.420974898625184582e-06
3.380731079845528896e-06
3.282775877148666343e-06
3.293989787739627944e-06
1.818425729874394100e-06
1.614755170342731809e-07
4.683526993856603925e-08
7.446800168915785278e-05
