UKB_sparse_bin	YRI_bin	UKB_WBfreq
1	0	1394
1	1	60
1	2	28
1	3	37
1	4	16
1	6	31
1	7	20
1	9	20
1	10	23
1	12	6
1	13	24
1	14	15
1	16	14
1	17	4
1	19	4
1	20	16
1	22	20
1	23	9
1	25	19
1	27	4
1	28	12
1	30	4
1	31	9
1	33	5
1	34	6
1	36	8
1	38	8
1	39	12
1	41	12
1	42	5
1	44	3
1	46	3
1	47	6
1	49	5
1	50	1
1	52	4
1	54	4
1	55	6
1	57	1
1	58	3
1	60	2
1	61	1
1	63	6
1	66	1
1	68	3
1	69	1
1	71	2
1	73	1
1	76	4
1	77	1
1	79	1
1	82	3
1	84	1
1	85	1
1	87	3
1	101	1
1	103	2
1	109	1
1	115	1
1	136	1
2	0	787
2	1	89
2	2	53
2	3	71
2	4	35
2	6	56
2	7	33
2	9	24
2	10	55
2	12	23
2	13	30
2	14	19
2	16	32
2	17	19
2	19	20
2	20	31
2	22	32
2	23	18
2	25	26
2	27	10
2	28	27
2	30	7
2	31	22
2	33	19
2	34	14
2	36	23
2	38	16
2	39	19
2	41	13
2	42	7
2	44	12
2	46	13
2	47	14
2	49	13
2	50	10
2	52	18
2	54	5
2	55	12
2	57	10
2	58	5
2	60	8
2	61	6
2	63	13
2	65	5
2	66	10
2	68	8
2	69	4
2	71	6
2	73	4
2	74	6
2	76	4
2	77	3
2	79	12
2	81	2
2	82	4
2	84	1
2	85	5
2	87	4
2	88	2
2	90	8
2	92	2
2	93	2
2	95	4
2	96	3
2	98	3
2	100	3
2	101	1
2	103	3
2	104	2
2	106	2
2	108	2
2	109	4
2	111	2
2	112	4
2	114	1
2	115	2
2	120	1
2	122	2
2	127	2
2	133	3
2	135	2
2	139	1
2	141	1
2	144	1
2	146	1
2	147	1
2	155	1
2	162	1
2	166	1
2	168	1
2	179	1
3	0	354
3	1	74
3	2	61
3	3	84
3	4	29
3	6	68
3	7	38
3	9	31
3	10	59
3	12	29
3	13	55
3	14	20
3	16	43
3	17	16
3	19	23
3	20	36
3	22	42
3	23	24
3	25	33
3	27	21
3	28	35
3	30	21
3	31	26
3	33	40
3	34	21
3	36	28
3	38	19
3	39	27
3	41	28
3	42	11
3	44	34
3	46	10
3	47	25
3	49	20
3	50	9
3	52	13
3	54	15
3	55	12
3	57	15
3	58	20
3	60	14
3	61	13
3	63	14
3	65	6
3	66	12
3	68	8
3	69	11
3	71	9
3	73	4
3	74	17
3	76	16
3	77	4
3	79	15
3	81	5
3	82	5
3	84	3
3	85	15
3	87	8
3	88	3
3	90	14
3	92	7
3	93	6
3	95	10
3	96	2
3	98	2
3	100	5
3	101	10
3	103	6
3	104	2
3	106	7
3	108	3
3	109	4
3	111	3
3	112	8
3	114	6
3	115	3
3	117	1
3	119	3
3	120	5
3	122	7
3	123	4
3	125	2
3	127	3
3	128	2
3	130	2
3	131	1
3	133	3
3	135	1
3	136	3
3	138	1
3	139	2
3	141	4
3	142	2
3	144	3
3	147	4
3	149	1
3	150	1
3	152	3
3	154	1
3	166	1
3	169	2
3	171	1
3	173	1
3	174	1
3	176	1
3	211	1
3	214	1
4	0	217
4	1	85
4	2	41
4	3	66
4	4	35
4	6	62
4	7	24
4	9	26
4	10	41
4	12	27
4	13	45
4	14	26
4	16	46
4	17	25
4	19	32
4	20	47
4	22	46
4	23	25
4	25	40
4	27	20
4	28	29
4	30	12
4	31	45
4	33	41
4	34	14
4	36	31
4	38	18
4	39	26
4	41	38
4	42	13
4	44	24
4	46	13
4	47	27
4	49	27
4	50	16
4	52	18
4	54	12
4	55	29
4	57	10
4	58	26
4	60	20
4	61	12
4	63	20
4	65	10
4	66	11
4	68	18
4	69	7
4	71	12
4	73	10
4	74	14
4	76	15
4	77	3
4	79	11
4	81	6
4	82	17
4	84	9
4	85	16
4	87	11
4	88	6
4	90	11
4	92	9
4	93	11
4	95	8
4	96	4
4	98	9
4	100	4
4	101	5
4	103	6
4	104	7
4	106	10
4	108	2
4	109	6
4	111	6
4	112	13
4	114	8
4	115	2
4	117	10
4	119	6
4	120	5
4	122	8
4	123	6
4	125	4
4	127	3
4	128	3
4	130	8
4	131	1
4	133	5
4	136	8
4	138	1
4	139	2
4	141	5
4	142	1
4	144	2
4	146	1
4	147	2
4	149	5
4	150	1
4	152	3
4	155	1
4	157	9
4	158	1
4	160	4
4	162	1
4	165	1
4	166	2
4	169	2
4	171	2
4	174	1
4	177	1
4	181	3
4	184	1
4	187	1
4	201	3
5	0	143
5	1	53
5	2	36
5	3	46
5	4	27
5	6	54
5	7	18
5	9	33
5	10	44
5	12	22
5	13	54
5	14	29
5	16	42
5	17	37
5	19	18
5	20	42
5	22	49
5	23	21
5	25	39
5	27	20
5	28	30
5	30	13
5	31	30
5	33	36
5	34	12
5	36	35
5	38	12
5	39	27
5	41	32
5	42	11
5	44	33
5	46	10
5	47	34
5	49	23
5	50	14
5	52	34
5	54	13
5	55	32
5	57	14
5	58	35
5	60	23
5	61	13
5	63	26
5	65	10
5	66	23
5	68	14
5	69	13
5	71	23
5	73	16
5	74	15
5	76	24
5	77	12
5	79	21
5	81	7
5	82	17
5	84	9
5	85	13
5	87	20
5	88	4
5	90	13
5	92	3
5	93	14
5	95	5
5	96	7
5	98	8
5	100	6
5	101	15
5	103	12
5	104	2
5	106	11
5	108	2
5	109	8
5	111	8
5	112	5
5	114	9
5	115	7
5	117	12
5	119	7
5	120	4
5	122	7
5	123	7
5	125	6
5	127	2
5	128	7
5	130	8
5	131	2
5	133	10
5	135	4
5	136	5
5	138	3
5	139	3
5	141	7
5	142	1
5	144	4
5	146	4
5	147	4
5	149	5
5	150	2
5	152	3
5	154	4
5	155	6
5	157	1
5	158	1
5	160	5
5	162	2
5	163	5
5	165	1
5	168	3
5	169	1
5	171	1
5	174	3
5	176	2
5	177	1
5	179	1
5	181	1
5	182	3
5	184	1
5	187	1
5	190	4
5	192	1
5	193	2
5	195	3
5	198	1
5	211	1
6	0	95
6	1	43
6	2	35
6	3	39
6	4	16
6	6	50
6	7	19
6	9	24
6	10	40
6	12	12
6	13	35
6	14	20
6	16	37
6	17	25
6	19	22
6	20	33
6	22	41
6	23	17
6	25	39
6	27	14
6	28	44
6	30	17
6	31	32
6	33	32
6	34	11
6	36	24
6	38	18
6	39	23
6	41	39
6	42	20
6	44	31
6	46	15
6	47	27
6	49	31
6	50	19
6	52	32
6	54	16
6	55	34
6	57	18
6	58	18
6	60	22
6	61	16
6	63	22
6	65	13
6	66	27
6	68	23
6	69	8
6	71	32
6	73	11
6	74	21
6	76	25
6	77	14
6	79	22
6	81	6
6	82	18
6	84	6
6	85	14
6	87	17
6	88	4
6	90	15
6	92	11
6	93	17
6	95	24
6	96	7
6	98	12
6	100	2
6	101	14
6	103	22
6	104	8
6	106	29
6	108	5
6	109	10
6	111	5
6	112	10
6	114	14
6	115	4
6	117	15
6	119	11
6	120	6
6	122	8
6	123	3
6	125	9
6	127	3
6	128	10
6	130	6
6	131	2
6	133	13
6	135	7
6	136	7
6	138	4
6	139	8
6	141	11
6	142	4
6	144	6
6	146	4
6	147	6
6	149	6
6	150	1
6	152	11
6	154	1
6	155	8
6	157	4
6	158	2
6	160	3
6	162	2
6	163	4
6	165	2
6	166	3
6	168	5
6	169	2
6	171	4
6	173	1
6	174	5
6	176	2
6	177	1
6	179	2
6	182	2
6	184	2
6	185	1
6	187	1
6	189	1
6	195	1
6	198	1
6	203	2
6	204	1
6	208	1
6	211	4
6	212	1
7	0	50
7	1	35
7	2	15
7	3	36
7	4	17
7	6	35
7	7	13
7	9	12
7	10	34
7	12	14
7	13	44
7	14	17
7	16	36
7	17	13
7	19	10
7	20	31
7	22	31
7	23	17
7	25	31
7	27	16
7	28	21
7	30	8
7	31	27
7	33	36
7	34	19
7	36	30
7	38	10
7	39	24
7	41	42
7	42	12
7	44	35
7	46	13
7	47	31
7	49	28
7	50	11
7	52	36
7	54	20
7	55	28
7	57	20
7	58	35
7	60	17
7	61	8
7	63	24
7	65	6
7	66	20
7	68	31
7	69	22
7	71	29
7	73	9
7	74	24
7	76	22
7	77	5
7	79	24
7	81	10
7	82	23
7	84	10
7	85	22
7	87	25
7	88	2
7	90	23
7	92	16
7	93	18
7	95	18
7	96	12
7	98	17
7	100	8
7	101	14
7	103	18
7	104	5
7	106	14
7	108	7
7	109	15
7	111	8
7	112	19
7	114	9
7	115	7
7	117	14
7	119	10
7	120	15
7	122	18
7	123	7
7	125	16
7	127	9
7	128	11
7	130	9
7	131	8
7	133	11
7	135	2
7	136	8
7	138	5
7	139	15
7	141	11
7	142	5
7	144	4
7	146	6
7	147	12
7	149	9
7	150	6
7	152	10
7	154	2
7	155	8
7	157	3
7	158	6
7	160	8
7	162	6
7	163	4
7	165	2
7	166	15
7	168	5
7	169	3
7	171	8
7	173	5
7	174	10
7	176	5
7	177	4
7	179	4
7	181	2
7	182	1
7	184	3
7	185	4
7	187	3
7	189	3
7	190	6
7	193	7
7	195	2
7	196	2
7	201	3
7	208	3
7	209	1
7	211	2
7	214	1
7	216	1
8	0	34
8	1	16
8	2	9
8	3	24
8	4	19
8	6	29
8	7	12
8	9	9
8	10	37
8	12	13
8	13	32
8	14	19
8	16	28
8	17	13
8	19	27
8	20	27
8	22	25
8	23	11
8	25	25
8	27	14
8	28	20
8	30	10
8	31	29
8	33	30
8	34	9
8	36	34
8	38	10
8	39	28
8	41	22
8	42	9
8	44	29
8	46	22
8	47	31
8	49	23
8	50	12
8	52	19
8	54	10
8	55	38
8	57	14
8	58	22
8	60	23
8	61	14
8	63	25
8	65	12
8	66	28
8	68	24
8	69	9
8	71	20
8	73	9
8	74	26
8	76	26
8	77	8
8	79	27
8	81	5
8	82	22
8	84	10
8	85	19
8	87	25
8	88	7
8	90	20
8	92	5
8	93	21
8	95	24
8	96	12
8	98	15
8	100	15
8	101	22
8	103	17
8	104	10
8	106	26
8	108	13
8	109	16
8	111	14
8	112	13
8	114	16
8	115	7
8	117	18
8	119	8
8	120	13
8	122	10
8	123	10
8	125	19
8	127	13
8	128	15
8	130	13
8	131	7
8	133	14
8	135	6
8	136	18
8	138	6
8	139	16
8	141	15
8	142	6
8	144	10
8	146	7
8	147	17
8	149	11
8	150	8
8	152	12
8	154	7
8	155	13
8	157	10
8	158	3
8	160	11
8	162	4
8	163	11
8	165	8
8	166	10
8	168	9
8	169	2
8	171	11
8	173	5
8	174	9
8	176	5
8	177	8
8	179	9
8	181	2
8	182	7
8	184	4
8	185	2
8	187	3
8	190	6
8	192	2
8	193	2
8	195	8
8	196	3
8	198	4
8	200	1
8	201	3
8	203	3
8	204	1
8	206	1
8	208	1
8	211	4
8	214	2
8	216	2
9	0	15
9	1	5
9	2	5
9	3	23
9	4	2
9	6	12
9	7	3
9	9	7
9	10	9
9	12	6
9	13	25
9	14	6
9	16	18
9	17	4
9	19	6
9	20	16
9	22	22
9	23	12
9	25	20
9	27	10
9	28	21
9	30	13
9	31	27
9	33	18
9	34	4
9	36	17
9	38	14
9	39	20
9	41	35
9	42	11
9	44	26
9	46	17
9	47	20
9	49	27
9	50	15
9	52	19
9	54	14
9	55	33
9	57	9
9	58	28
9	60	31
9	61	6
9	63	20
9	65	13
9	66	28
9	68	23
9	69	17
9	71	22
9	73	13
9	74	31
9	76	23
9	77	12
9	79	27
9	81	9
9	82	20
9	84	11
9	85	36
9	87	28
9	88	6
9	90	23
9	92	8
9	93	19
9	95	19
9	96	8
9	98	19
9	100	7
9	101	30
9	103	21
9	104	13
9	106	20
9	108	4
9	109	23
9	111	5
9	112	22
9	114	21
9	115	9
9	117	18
9	119	8
9	120	20
9	122	26
9	123	9
9	125	20
9	127	6
9	128	14
9	130	21
9	131	7
9	133	30
9	135	7
9	136	30
9	138	14
9	139	12
9	141	19
9	142	10
9	144	16
9	146	8
9	147	9
9	149	17
9	150	10
9	152	15
9	154	7
9	155	15
9	157	13
9	158	14
9	160	16
9	162	3
9	163	13
9	165	2
9	166	19
9	168	19
9	169	5
9	171	10
9	173	4
9	174	13
9	176	15
9	177	8
9	179	14
9	181	2
9	182	10
9	184	13
9	185	5
9	187	10
9	189	1
9	190	6
9	192	3
9	193	4
9	195	7
9	196	3
9	198	5
9	200	2
9	201	11
9	203	3
9	204	2
9	206	4
9	208	2
9	209	4
9	211	5
9	212	2
9	214	8
9	216	8
10	0	9
10	1	4
10	2	1
10	3	2
10	4	1
10	6	4
10	7	1
10	9	4
10	10	3
10	12	2
10	13	2
10	14	2
10	16	8
10	17	7
10	19	5
10	20	6
10	22	10
10	23	3
10	25	11
10	27	4
10	28	10
10	30	2
10	31	10
10	33	11
10	34	1
10	36	11
10	38	6
10	39	14
10	41	5
10	42	6
10	44	9
10	46	3
10	47	15
10	49	14
10	50	12
10	52	21
10	54	5
10	55	18
10	57	9
10	58	15
10	60	20
10	61	8
10	63	26
10	65	4
10	66	13
10	68	10
10	69	12
10	71	27
10	73	5
10	74	9
10	76	10
10	77	8
10	79	23
10	81	10
10	82	19
10	84	7
10	85	21
10	87	22
10	88	11
10	90	21
10	92	11
10	93	24
10	95	23
10	96	9
10	98	21
10	100	12
10	101	17
10	103	19
10	104	7
10	106	20
10	108	13
10	109	9
10	111	11
10	112	18
10	114	28
10	115	13
10	117	20
10	119	11
10	120	25
10	122	16
10	123	14
10	125	27
10	127	14
10	128	28
10	130	17
10	131	12
10	133	31
10	135	6
10	136	12
10	138	5
10	139	26
10	141	17
10	142	10
10	144	28
10	146	11
10	147	32
10	149	24
10	150	14
10	152	22
10	154	15
10	155	26
10	157	31
10	158	13
10	160	11
10	162	13
10	163	23
10	165	11
10	166	17
10	168	30
10	169	10
10	171	29
10	173	11
10	174	14
10	176	24
10	177	13
10	179	13
10	181	10
10	182	16
10	184	25
10	185	10
10	187	21
10	189	8
10	190	20
10	192	5
10	193	21
10	195	24
10	196	7
10	198	16
10	200	8
10	201	13
10	203	10
10	204	8
10	206	14
10	208	8
10	209	14
10	211	14
10	212	12
10	214	22
10	216	59
