UKB_sparse_bin	YRI_bin	UKB_WBfreq
0	0	65615
0	1	2107
0	2	709
0	3	2089
0	4	513
0	6	1071
0	7	425
0	9	362
0	10	1355
0	12	401
0	13	895
0	14	385
0	16	909
0	17	159
0	19	366
0	20	770
0	22	527
0	23	199
0	25	574
0	27	202
0	28	910
0	31	102
0	33	422
0	34	268
0	36	381
0	38	488
0	39	60
0	41	613
0	42	110
0	44	179
0	46	42
0	47	378
0	49	412
0	50	143
0	52	11
0	54	73
0	55	263
0	57	12
0	58	273
0	60	20
0	61	32
0	63	152
0	66	63
0	69	17
0	71	136
0	73	32
0	74	90
0	76	34
0	84	90
0	85	39
0	87	34
0	90	78
0	92	63
0	93	27
0	95	81
0	98	97
0	103	34
0	104	23
0	109	11
0	111	96
0	112	28
0	128	63
0	135	20
0	155	92
1	0	33858521
1	1	1695675
1	2	1033529
1	3	1604613
1	4	658070
1	6	1242109
1	7	584969
1	9	558154
1	10	1061477
1	12	495196
1	13	898870
1	14	418070
1	16	816480
1	17	388481
1	19	384178
1	20	710024
1	22	675598
1	23	311892
1	25	591573
1	27	274443
1	28	541079
1	30	273086
1	31	512044
1	33	469441
1	34	223325
1	36	412440
1	38	191244
1	39	397222
1	41	373975
1	42	172229
1	44	331129
1	46	167743
1	47	275408
1	49	275042
1	50	136515
1	52	247655
1	54	126206
1	55	229629
1	57	104619
1	58	204309
1	60	178686
1	61	93808
1	63	172407
1	65	80860
1	66	153134
1	68	140083
1	69	72878
1	71	134350
1	73	61394
1	74	117563
1	76	126023
1	77	56991
1	79	105066
1	81	49742
1	82	96171
1	84	44099
1	85	83769
1	87	75239
1	88	35946
1	90	69963
1	92	31882
1	93	58610
1	95	55202
1	96	25393
1	98	51148
1	100	22546
1	101	43220
1	103	34449
1	104	17571
1	106	34808
1	108	14688
1	109	30941
1	111	19959
1	112	26544
1	114	26022
1	115	13446
1	117	22829
1	119	10142
1	120	18958
1	122	17309
1	123	8570
1	125	16420
1	127	7130
1	128	12274
1	130	12832
1	131	6595
1	133	9941
1	135	5181
1	136	9373
1	138	4050
1	139	9087
1	141	10166
1	142	3544
1	144	6731
1	146	3799
1	147	8104
1	149	4065
1	150	2229
1	152	5881
1	154	1782
1	155	3719
1	157	4315
1	158	2125
1	160	3174
1	162	1332
1	163	4588
1	165	639
1	166	1489
1	168	1808
1	169	2538
1	171	4255
1	173	623
1	174	1037
1	176	963
1	177	817
1	179	295
1	181	240
1	182	601
1	184	224
1	185	21
1	187	419
1	189	157
1	190	488
1	192	168
1	193	347
1	195	456
1	196	19
1	198	27
1	200	13
1	203	16
1	206	26
1	208	67
1	209	11
1	211	84
1	214	31
2	0	7024510
2	1	1083005
2	2	696979
2	3	1086781
2	4	504267
2	6	899506
2	7	444806
2	9	427300
2	10	811384
2	12	396728
2	13	737813
2	14	349367
2	16	684698
2	17	318999
2	19	303545
2	20	614909
2	22	565911
2	23	270639
2	25	536400
2	27	259720
2	28	503053
2	30	229723
2	31	467443
2	33	434781
2	34	214555
2	36	393041
2	38	192862
2	39	386187
2	41	355326
2	42	162359
2	44	321158
2	46	169161
2	47	300780
2	49	281980
2	50	134365
2	52	277358
2	54	124669
2	55	249187
2	57	119609
2	58	227620
2	60	214404
2	61	106189
2	63	196408
2	65	99402
2	66	187662
2	68	173078
2	69	82384
2	71	158349
2	73	77330
2	74	137300
2	76	125198
2	77	64284
2	79	117761
2	81	59052
2	82	116849
2	84	53883
2	85	97300
2	87	90826
2	88	44844
2	90	88107
2	92	44323
2	93	80801
2	95	76192
2	96	38595
2	98	65308
2	100	29292
2	101	58640
2	103	55917
2	104	29062
2	106	51442
2	108	23311
2	109	44394
2	111	25700
2	112	45801
2	114	41466
2	115	20197
2	117	34808
2	119	16109
2	120	34649
2	122	28473
2	123	14500
2	125	28762
2	127	15577
2	128	26429
2	130	22864
2	131	10326
2	133	17327
2	135	9264
2	136	18212
2	138	10242
2	139	16302
2	141	17516
2	142	6379
2	144	13905
2	146	6072
2	147	11300
2	149	11046
2	150	6340
2	152	12332
2	154	4788
2	155	7668
2	157	9971
2	158	3006
2	160	7515
2	162	2762
2	163	4989
2	165	2483
2	166	4972
2	168	3287
2	169	2044
2	171	4146
2	173	2267
2	174	3778
2	176	3768
2	177	1276
2	179	1895
2	181	2290
2	182	2339
2	184	2017
2	185	978
2	187	1364
2	189	552
2	190	2411
2	192	444
2	193	1047
2	195	630
2	196	191
2	198	932
2	200	182
2	201	395
2	203	76
2	204	54
2	206	163
2	208	3135
2	209	155
2	211	320
2	212	93
2	214	97
2	216	76
3	0	2168541
3	1	582680
3	2	411933
3	3	674557
3	4	301665
3	6	544884
3	7	251495
3	9	250907
3	10	483442
3	12	243474
3	13	474951
3	14	232919
3	16	456665
3	17	219673
3	19	201863
3	20	415108
3	22	403592
3	23	193797
3	25	381776
3	27	186159
3	28	370863
3	30	188290
3	31	366060
3	33	348404
3	34	170903
3	36	328669
3	38	155812
3	39	307246
3	41	288453
3	42	144682
3	44	262029
3	46	135127
3	47	265785
3	49	240835
3	50	120890
3	52	228552
3	54	111151
3	55	220409
3	57	112774
3	58	205895
3	60	202058
3	61	98767
3	63	175020
3	65	87007
3	66	173566
3	68	163859
3	69	80054
3	71	161177
3	73	75324
3	74	146786
3	76	133227
3	77	65699
3	79	123588
3	81	55678
3	82	117281
3	84	59496
3	85	109077
3	87	109610
3	88	47237
3	90	97450
3	92	44441
3	93	83556
3	95	86199
3	96	38283
3	98	81975
3	100	38254
3	101	74639
3	103	63723
3	104	34350
3	106	59970
3	108	25738
3	109	52953
3	111	27391
3	112	50950
3	114	52920
3	115	24416
3	117	48023
3	119	19667
3	120	39374
3	122	38559
3	123	21834
3	125	36160
3	127	17265
3	128	32118
3	130	34417
3	131	13003
3	133	27786
3	135	13344
3	136	27728
3	138	10842
3	139	24346
3	141	25509
3	142	11465
3	144	19139
3	146	11265
3	147	15605
3	149	17096
3	150	6574
3	152	13640
3	154	5957
3	155	13392
3	157	11098
3	158	6482
3	160	9175
3	162	4320
3	163	8377
3	165	4536
3	166	5958
3	168	6504
3	169	2836
3	171	5766
3	173	2475
3	174	5134
3	176	6655
3	177	1896
3	179	4316
3	181	2365
3	182	3373
3	184	2157
3	185	1136
3	187	2190
3	189	949
3	190	1897
3	192	716
3	193	1396
3	195	1256
3	196	1030
3	198	1065
3	200	536
3	201	591
3	203	389
3	204	338
3	206	850
3	208	257
3	209	270
3	211	403
3	212	82
3	214	210
3	216	53
4	0	1837633
4	1	629977
4	2	491154
4	3	816474
4	4	377368
4	6	698199
4	7	375157
4	9	335651
4	10	653593
4	12	312174
4	13	639905
4	14	320780
4	16	624069
4	17	291484
4	19	292156
4	20	591782
4	22	559018
4	23	281017
4	25	564563
4	27	272555
4	28	525679
4	30	252894
4	31	517541
4	33	509688
4	34	260907
4	36	519063
4	38	250558
4	39	454012
4	41	448916
4	42	230401
4	44	434490
4	46	203145
4	47	407067
4	49	400252
4	50	187484
4	52	372824
4	54	186835
4	55	362535
4	57	177230
4	58	351839
4	60	328654
4	61	158295
4	63	316717
4	65	154776
4	66	280434
4	68	308618
4	69	139711
4	71	265255
4	73	122653
4	74	248638
4	76	252414
4	77	114588
4	79	231997
4	81	115686
4	82	211141
4	84	108476
4	85	189309
4	87	218983
4	88	107088
4	90	190928
4	92	93794
4	93	179941
4	95	172792
4	96	79030
4	98	156645
4	100	74397
4	101	158944
4	103	153059
4	104	67239
4	106	124879
4	108	59892
4	109	115513
4	111	61504
4	112	126728
4	114	105655
4	115	49339
4	117	100722
4	119	53404
4	120	94931
4	122	84298
4	123	40589
4	125	74729
4	127	36437
4	128	79004
4	130	84161
4	131	33511
4	133	70620
4	135	29456
4	136	62724
4	138	26649
4	139	54230
4	141	54121
4	142	24941
4	144	45541
4	146	19508
4	147	40994
4	149	44521
4	150	15324
4	152	36708
4	154	22358
4	155	30023
4	157	22189
4	158	12361
4	160	25472
4	162	13961
4	163	27552
4	165	15449
4	166	23474
4	168	19556
4	169	7391
4	171	26881
4	173	8428
4	174	12273
4	176	21214
4	177	5090
4	179	11384
4	181	5199
4	182	9781
4	184	8431
4	185	3601
4	187	5928
4	189	3350
4	190	6617
4	192	2230
4	193	4756
4	195	6237
4	196	3195
4	198	5532
4	200	2184
4	201	5470
4	203	2073
4	204	1776
4	206	1846
4	208	634
4	209	1056
4	211	268
4	214	889
4	216	275
5	0	997819
5	1	439171
5	2	314306
5	3	561376
5	4	270155
5	6	556271
5	7	265645
5	9	251376
5	10	505663
5	12	266219
5	13	493803
5	14	246791
5	16	475015
5	17	247380
5	19	240820
5	20	466370
5	22	448131
5	23	218321
5	25	460240
5	27	223635
5	28	448572
5	30	215666
5	31	467217
5	33	427863
5	34	213577
5	36	407962
5	38	190907
5	39	386430
5	41	370853
5	42	190713
5	44	379005
5	46	192806
5	47	367097
5	49	361660
5	50	179890
5	52	339281
5	54	176723
5	55	323031
5	57	157597
5	58	315873
5	60	302171
5	61	146603
5	63	291644
5	65	131185
5	66	287787
5	68	286093
5	69	141434
5	71	278396
5	73	127817
5	74	256515
5	76	231352
5	77	111854
5	79	223004
5	81	105116
5	82	216012
5	84	108637
5	85	202633
5	87	212389
5	88	101198
5	90	209553
5	92	93380
5	93	183260
5	95	165142
5	96	78474
5	98	170764
5	100	77824
5	101	156023
5	103	142385
5	104	70263
5	106	138874
5	108	76258
5	109	131451
5	111	64270
5	112	129959
5	114	130978
5	115	57451
5	117	111604
5	119	58419
5	120	99164
5	122	92155
5	123	44360
5	125	94443
5	127	41977
5	128	81774
5	130	83280
5	131	44443
5	133	85572
5	135	41066
5	136	80960
5	138	30539
5	139	61372
5	141	60617
5	142	28663
5	144	57748
5	146	24134
5	147	50845
5	149	49566
5	150	26297
5	152	49473
5	154	22642
5	155	41532
5	157	51299
5	158	20664
5	160	45645
5	162	17963
5	163	39311
5	165	14856
5	166	33011
5	168	34197
5	169	11456
5	171	27454
5	173	12193
5	174	24545
5	176	21641
5	177	12708
5	179	18706
5	181	10134
5	182	19951
5	184	19047
5	185	9325
5	187	20215
5	189	8008
5	190	11804
5	192	5339
5	193	7464
5	195	9906
5	196	3992
5	198	6458
5	200	2855
5	201	6967
5	203	4400
5	204	1960
5	206	7970
5	208	3894
5	209	3019
5	211	1878
5	212	1281
5	214	747
5	216	1630
6	0	506364
6	1	268331
6	2	209264
6	3	393465
6	4	175682
6	6	377245
6	7	181941
6	9	179061
6	10	367327
6	12	187023
6	13	371179
6	14	164572
6	16	378910
6	17	181205
6	19	176164
6	20	373341
6	22	365779
6	23	183430
6	25	344708
6	27	183968
6	28	352917
6	30	173350
6	31	366440
6	33	343145
6	34	169687
6	36	338584
6	38	168255
6	39	330312
6	41	350913
6	42	164298
6	44	316269
6	46	158762
6	47	311673
6	49	330567
6	50	153957
6	52	292867
6	54	159288
6	55	301599
6	57	156609
6	58	294267
6	60	278263
6	61	142019
6	63	252201
6	65	130039
6	66	264905
6	68	264479
6	69	129265
6	71	279894
6	73	123059
6	74	236871
6	76	225666
6	77	108071
6	79	223285
6	81	116918
6	82	210818
6	84	106404
6	85	208346
6	87	203600
6	88	100257
6	90	195304
6	92	107870
6	93	190059
6	95	174328
6	96	80099
6	98	167477
6	100	84526
6	101	165305
6	103	153081
6	104	79535
6	106	164443
6	108	69861
6	109	145092
6	111	71462
6	112	139646
6	114	131478
6	115	60485
6	117	140841
6	119	58648
6	120	130488
6	122	112690
6	123	47331
6	125	106619
6	127	49836
6	128	113186
6	130	109691
6	131	49959
6	133	95513
6	135	46490
6	136	86265
6	138	43442
6	139	76795
6	141	77155
6	142	40413
6	144	75890
6	146	45357
6	147	68794
6	149	63894
6	150	30654
6	152	61252
6	154	31163
6	155	61428
6	157	54963
6	158	29412
6	160	59589
6	162	29276
6	163	43560
6	165	22389
6	166	38445
6	168	40344
6	169	16555
6	171	35528
6	173	21556
6	174	27993
6	176	25764
6	177	16214
6	179	28282
6	181	12585
6	182	23776
6	184	25082
6	185	9812
6	187	24846
6	189	8889
6	190	25380
6	192	7993
6	193	14708
6	195	12155
6	196	4876
6	198	9945
6	200	7365
6	201	10754
6	203	9699
6	204	2645
6	206	4987
6	208	4184
6	209	5541
6	211	4521
6	212	805
6	214	2100
6	216	1008
7	0	276804
7	1	138506
7	2	126110
7	3	236082
7	4	117288
7	6	220392
7	7	110693
7	9	117316
7	10	233512
7	12	111028
7	13	231869
7	14	126722
7	16	238765
7	17	133916
7	19	147076
7	20	249066
7	22	263470
7	23	133120
7	25	269888
7	27	131590
7	28	262080
7	30	131098
7	31	253323
7	33	246686
7	34	140158
7	36	263368
7	38	128998
7	39	265756
7	41	278336
7	42	141703
7	44	255421
7	46	134194
7	47	252208
7	49	259656
7	50	137311
7	52	247617
7	54	129251
7	55	253114
7	57	132335
7	58	259167
7	60	251679
7	61	144904
7	63	270871
7	65	119177
7	66	237718
7	68	234416
7	69	121406
7	71	236772
7	73	115251
7	74	215755
7	76	224362
7	77	108454
7	79	205287
7	81	104229
7	82	202732
7	84	94444
7	85	196053
7	87	200480
7	88	96901
7	90	196563
7	92	99907
7	93	191404
7	95	176743
7	96	90501
7	98	185711
7	100	90310
7	101	179208
7	103	173718
7	104	94032
7	106	164872
7	108	95316
7	109	157374
7	111	79067
7	112	139494
7	114	134348
7	115	63493
7	117	126570
7	119	74783
7	120	140787
7	122	122001
7	123	59441
7	125	128482
7	127	60917
7	128	125134
7	130	120749
7	131	60986
7	133	113961
7	135	46225
7	136	108891
7	138	42929
7	139	87926
7	141	98340
7	142	51443
7	144	88026
7	146	42134
7	147	78082
7	149	77772
7	150	40542
7	152	69345
7	154	35040
7	155	67896
7	157	63274
7	158	32346
7	160	59861
7	162	30777
7	163	65432
7	165	29755
7	166	55158
7	168	52921
7	169	24901
7	171	44301
7	173	21581
7	174	46899
7	176	45158
7	177	19527
7	179	33806
7	181	17823
7	182	32600
7	184	28510
7	185	14241
7	187	29085
7	189	12943
7	190	23305
7	192	8677
7	193	21379
7	195	19075
7	196	11294
7	198	15240
7	200	10722
7	201	15654
7	203	10232
7	204	5110
7	206	9865
7	208	7585
7	209	9573
7	211	7929
7	212	2392
7	214	6091
7	216	2116
8	0	116296
8	1	71349
8	2	59899
8	3	121521
8	4	64360
8	6	124049
8	7	71873
8	9	74807
8	10	144119
8	12	72029
8	13	151576
8	14	71498
8	16	157889
8	17	67218
8	19	85804
8	20	162390
8	22	155526
8	23	87350
8	25	173137
8	27	89618
8	28	174509
8	30	88396
8	31	169831
8	33	170856
8	34	94245
8	36	190112
8	38	91751
8	39	191308
8	41	182809
8	42	89371
8	44	194184
8	46	98022
8	47	188714
8	49	183629
8	50	98343
8	52	190545
8	54	91527
8	55	178257
8	57	98095
8	58	188427
8	60	195000
8	61	88395
8	63	189790
8	65	96738
8	66	191807
8	68	188362
8	69	102216
8	71	203052
8	73	100417
8	74	195416
8	76	181407
8	77	91601
8	79	177358
8	81	91117
8	82	179565
8	84	101012
8	85	185033
8	87	184023
8	88	86857
8	90	170054
8	92	83637
8	93	170826
8	95	167794
8	96	89123
8	98	163818
8	100	81963
8	101	152648
8	103	154028
8	104	73974
8	106	159720
8	108	75086
8	109	158029
8	111	84713
8	112	158067
8	114	140257
8	115	70524
8	117	145484
8	119	70145
8	120	130364
8	122	130381
8	123	63591
8	125	123677
8	127	63804
8	128	123858
8	130	120349
8	131	61966
8	133	120251
8	135	56125
8	136	118941
8	138	58662
8	139	112200
8	141	103735
8	142	50021
8	144	111337
8	146	50449
8	147	100644
8	149	98457
8	150	45334
8	152	95025
8	154	43582
8	155	94217
8	157	91534
8	158	47484
8	160	76797
8	162	40963
8	163	73547
8	165	37195
8	166	71954
8	168	66062
8	169	30623
8	171	67678
8	173	30724
8	174	55208
8	176	52262
8	177	25152
8	179	54006
8	181	24849
8	182	48763
8	184	41694
8	185	19600
8	187	42617
8	189	24160
8	190	47362
8	192	17174
8	193	31836
8	195	35116
8	196	14502
8	198	26385
8	200	10022
8	201	21387
8	203	22707
8	204	10817
8	206	23039
8	208	9351
8	209	13472
8	211	13101
8	212	4953
8	214	8827
8	216	8862
9	0	42201
9	1	25010
9	2	27748
9	3	56482
9	4	31398
9	6	74850
9	7	33296
9	9	39097
9	10	67994
9	12	38391
9	13	84987
9	14	38417
9	16	87926
9	17	45615
9	19	45576
9	20	91119
9	22	103470
9	23	48556
9	25	118557
9	27	48122
9	28	122213
9	30	52511
9	31	116296
9	33	112688
9	34	51882
9	36	115671
9	38	64429
9	39	116336
9	41	124706
9	42	63664
9	44	130149
9	46	64360
9	47	137509
9	49	136641
9	50	69647
9	52	144347
9	54	79148
9	55	147346
9	57	72715
9	58	141047
9	60	143160
9	61	70081
9	63	140699
9	65	73850
9	66	141571
9	68	142882
9	69	78197
9	71	143261
9	73	69052
9	74	157616
9	76	161184
9	77	78090
9	79	155266
9	81	76663
9	82	162962
9	84	83596
9	85	155904
9	87	152689
9	88	80588
9	90	157417
9	92	69862
9	93	150810
9	95	156898
9	96	79694
9	98	161671
9	100	71403
9	101	157340
9	103	153998
9	104	74509
9	106	151079
9	108	81537
9	109	143844
9	111	73101
9	112	145356
9	114	155021
9	115	76786
9	117	147425
9	119	68729
9	120	140683
9	122	148073
9	123	77413
9	125	147069
9	127	69427
9	128	137640
9	130	129104
9	131	62332
9	133	133102
9	135	64416
9	136	127456
9	138	59133
9	139	120008
9	141	118759
9	142	58170
9	144	134477
9	146	57678
9	147	118826
9	149	115461
9	150	56405
9	152	120198
9	154	56149
9	155	114108
9	157	118368
9	158	49988
9	160	112254
9	162	51650
9	163	96443
9	165	47984
9	166	103864
9	168	91545
9	169	45054
9	171	83062
9	173	46293
9	174	85890
9	176	86043
9	177	36556
9	179	71351
9	181	36302
9	182	73557
9	184	77608
9	185	33911
9	187	69768
9	189	33104
9	190	64028
9	192	28341
9	193	57400
9	195	55448
9	196	27584
9	198	53836
9	200	21459
9	201	44487
9	203	41798
9	204	19698
9	206	32275
9	208	18027
9	209	36749
9	211	27798
9	212	14178
9	214	35265
9	216	24715
10	0	8353
10	1	5397
10	2	6383
10	3	16459
10	4	6769
10	6	15705
10	7	6897
10	9	8400
10	10	20512
10	12	9881
10	13	20504
10	14	13085
10	16	25920
10	17	14588
10	19	15009
10	20	31636
10	22	32266
10	23	17802
10	25	35701
10	27	19035
10	28	40218
10	30	19215
10	31	41354
10	33	44447
10	34	26307
10	36	50339
10	38	25265
10	39	52874
10	41	54528
10	42	30766
10	44	59547
10	46	28230
10	47	64899
10	49	62740
10	50	31804
10	52	63019
10	54	31658
10	55	71671
10	57	40519
10	58	72927
10	60	70327
10	61	39498
10	63	78747
10	65	39329
10	66	81798
10	68	79001
10	69	39296
10	71	84445
10	73	42414
10	74	90804
10	76	86985
10	77	47133
10	79	93432
10	81	45947
10	82	94521
10	84	44965
10	85	104076
10	87	103053
10	88	52260
10	90	106704
10	92	51523
10	93	101706
10	95	110771
10	96	57838
10	98	110437
10	100	57534
10	101	115595
10	103	109989
10	104	57676
10	106	111910
10	108	57339
10	109	115024
10	111	57319
10	112	122684
10	114	126392
10	115	61586
10	117	121459
10	119	62759
10	120	122128
10	122	127656
10	123	67396
10	125	125961
10	127	65055
10	128	134485
10	130	128143
10	131	62981
10	133	132124
10	135	64190
10	136	140986
10	138	69734
10	139	134106
10	141	135667
10	142	67954
10	144	137559
10	146	67394
10	147	151315
10	149	137551
10	150	68728
10	152	138266
10	154	71403
10	155	131259
10	157	137981
10	158	70436
10	160	134558
10	162	68102
10	163	139049
10	165	69417
10	166	137033
10	168	139176
10	169	70974
10	171	137179
10	173	68727
10	174	127495
10	176	133252
10	177	64677
10	179	128843
10	181	65022
10	182	132673
10	184	126805
10	185	64681
10	187	119762
10	189	65941
10	190	128224
10	192	58273
10	193	119606
10	195	124086
10	196	57958
10	198	121917
10	200	55460
10	201	112312
10	203	110255
10	204	51770
10	206	108827
10	208	50516
10	209	102273
10	211	99246
10	212	54178
10	214	139743
10	216	306539
