UKB_sparse_bin	CHB_bin	UKB_WBfreq
0	0	69927
0	1	3880
0	2	2488
0	4	640
0	5	532
0	7	413
0	8	538
0	10	395
0	11	1144
0	13	119
0	14	530
0	15	132
0	17	497
0	18	60
0	20	83
0	21	389
0	22	44
0	24	209
0	26	101
0	27	273
0	29	274
0	30	125
0	32	186
0	34	176
0	35	132
0	37	59
0	38	375
0	40	183
0	41	259
0	43	121
0	45	32
0	46	273
0	48	97
0	49	18
0	51	52
0	53	95
0	54	11
0	56	120
0	57	324
0	59	154
0	61	34
0	62	68
0	65	27
0	67	97
0	70	204
0	73	63
0	78	41
0	86	63
0	87	21
0	99	63
0	100	63
0	108	21
1	0	36745939
1	1	3676017
1	2	1924097
1	4	1320449
1	5	592768
1	7	561572
1	8	977942
1	10	448990
1	11	827416
1	13	358031
1	14	771052
1	15	330304
1	17	619651
1	18	317933
1	20	285564
1	21	504542
1	22	245797
1	24	458477
1	26	212841
1	27	399372
1	29	363036
1	30	189606
1	32	328960
1	34	152318
1	35	297797
1	37	261867
1	38	137481
1	40	258296
1	41	118786
1	43	214418
1	45	111576
1	46	202533
1	48	182244
1	49	91170
1	51	157145
1	53	76613
1	54	150583
1	56	135353
1	57	79844
1	59	122776
1	61	53860
1	62	107475
1	64	51895
1	65	97052
1	67	90991
1	68	45686
1	70	73170
1	72	31068
1	73	57297
1	75	58852
1	76	32056
1	78	58698
1	80	30717
1	81	52133
1	83	21756
1	84	41712
1	86	41117
1	87	22105
1	89	43097
1	91	18150
1	92	29665
1	94	31005
1	95	16016
1	97	28540
1	99	16188
1	100	21865
1	102	10677
1	103	21520
1	105	21440
1	106	9073
1	108	15643
1	110	7550
1	111	16644
1	113	12049
1	114	5077
1	116	11428
1	118	4233
1	119	8516
1	121	9657
1	122	5606
1	124	6534
1	125	3270
1	127	9496
1	129	2569
1	130	4568
1	132	6812
1	133	3021
1	135	6172
1	137	3152
1	138	4426
1	140	4192
1	141	1838
1	143	4254
1	144	1557
1	146	6872
1	148	1475
1	149	5957
1	151	3358
1	152	678
1	154	3635
1	156	1094
1	157	2312
1	159	2405
1	160	126
1	162	383
1	164	70
1	165	176
1	167	107
1	168	458
1	170	337
1	171	11
1	173	103
1	175	111
1	176	202
1	178	176
1	179	19
1	181	7
1	183	199
1	184	47
1	186	27
1	187	98
1	189	23
1	192	39
1	195	18
1	197	9
1	198	15
1	203	63
1	205	63
1	206	18
2	0	7547657
2	1	2176792
2	2	1454005
2	4	1020360
2	5	480661
2	7	437496
2	8	790199
2	10	401655
2	11	709199
2	13	321626
2	14	642803
2	15	322031
2	17	642389
2	18	288827
2	20	279352
2	21	572337
2	22	260316
2	24	513146
2	26	232947
2	27	473021
2	29	446717
2	30	204469
2	32	394434
2	34	193913
2	35	357574
2	37	326349
2	38	171176
2	40	309812
2	41	160757
2	43	287409
2	45	136772
2	46	278305
2	48	254171
2	49	132997
2	51	245422
2	53	116004
2	54	224598
2	56	200164
2	57	93696
2	59	192582
2	61	101937
2	62	178648
2	64	85039
2	65	173354
2	67	154878
2	68	75715
2	70	139191
2	72	61284
2	73	122449
2	75	113692
2	76	53381
2	78	108281
2	80	52425
2	81	94323
2	83	46472
2	84	91085
2	86	84899
2	87	43608
2	89	75268
2	91	37604
2	92	70183
2	94	67783
2	95	34584
2	97	56781
2	99	31369
2	100	44525
2	102	22382
2	103	47636
2	105	42536
2	106	19713
2	108	40660
2	110	16303
2	111	34094
2	113	31733
2	114	12120
2	116	28350
2	118	10959
2	119	20820
2	121	22545
2	122	9333
2	124	19043
2	125	8267
2	127	16512
2	129	7714
2	130	13977
2	132	14727
2	133	8932
2	135	14204
2	137	4182
2	138	7336
2	140	8295
2	141	4603
2	143	7801
2	144	2634
2	146	11140
2	148	2766
2	149	6062
2	151	6812
2	152	4080
2	154	3840
2	156	1825
2	157	3124
2	159	3752
2	160	1356
2	162	3973
2	164	2023
2	165	3299
2	167	1047
2	168	3381
2	170	2049
2	171	924
2	173	2895
2	175	802
2	176	1741
2	178	1733
2	179	179
2	181	1349
2	183	588
2	184	565
2	186	136
2	187	172
2	189	265
2	190	177
2	194	13
2	195	28
2	197	41
2	200	274
2	206	105
3	0	2023598
3	1	995151
3	2	802260
3	4	593396
3	5	271229
3	7	256010
3	8	497440
3	10	254644
3	11	495677
3	13	239288
3	14	470902
3	15	238434
3	17	408294
3	18	205235
3	20	200162
3	21	398269
3	22	198211
3	24	395124
3	26	201619
3	27	391748
3	29	362181
3	30	175261
3	32	330800
3	34	176073
3	35	316189
3	37	308467
3	38	139779
3	40	282494
3	41	148692
3	43	273879
3	45	138463
3	46	239368
3	48	238546
3	49	115472
3	51	242271
3	53	116191
3	54	207840
3	56	200959
3	57	103288
3	59	216846
3	61	101619
3	62	196550
3	64	94024
3	65	169368
3	67	159435
3	68	76904
3	70	150189
3	72	76502
3	73	150294
3	75	145088
3	76	65304
3	78	123885
3	80	64807
3	81	132294
3	83	70899
3	84	117412
3	86	109209
3	87	46571
3	89	91676
3	91	49310
3	92	102102
3	94	85566
3	95	45762
3	97	75716
3	99	37013
3	100	71831
3	102	34375
3	103	60885
3	105	62667
3	106	31913
3	108	53443
3	110	26734
3	111	57526
3	113	50971
3	114	23622
3	116	46255
3	118	21549
3	119	40220
3	121	33177
3	122	17660
3	124	31282
3	125	15515
3	127	37383
3	129	12253
3	130	25141
3	132	23148
3	133	10738
3	135	19135
3	137	9007
3	138	18134
3	140	16462
3	141	7639
3	143	14730
3	144	6426
3	146	12902
3	148	5266
3	149	13678
3	151	10876
3	152	5013
3	154	12690
3	156	4768
3	157	12599
3	159	8369
3	160	2883
3	162	4674
3	164	4965
3	165	4919
3	167	3802
3	168	5402
3	170	4433
3	171	1389
3	173	4746
3	175	551
3	176	2485
3	178	1485
3	179	927
3	181	3490
3	183	1569
3	184	1730
3	186	274
3	187	969
3	189	1920
3	190	441
3	192	434
3	194	34
3	195	334
3	197	137
3	198	23
3	200	272
3	202	95
3	203	96
3	205	12
3	206	52
4	0	1287331
4	1	903987
4	2	895029
4	4	698640
4	5	323270
4	7	305283
4	8	604945
4	10	294535
4	11	579296
4	13	305859
4	14	557147
4	15	280346
4	17	561029
4	18	259434
4	20	263038
4	21	586692
4	22	276474
4	24	533440
4	26	280717
4	27	528262
4	29	506898
4	30	273027
4	32	508669
4	34	246016
4	35	478698
4	37	467637
4	38	257184
4	40	443465
4	41	218896
4	43	452329
4	45	202609
4	46	427343
4	48	401438
4	49	203329
4	51	394736
4	53	190201
4	54	382580
4	56	369143
4	57	186428
4	59	361162
4	61	171690
4	62	363020
4	64	183359
4	65	337519
4	67	318978
4	68	158382
4	70	288011
4	72	149384
4	73	277161
4	75	272986
4	76	140319
4	78	274489
4	80	130439
4	81	265365
4	83	121998
4	84	254676
4	86	235341
4	87	118658
4	89	244690
4	91	105857
4	92	215708
4	94	207885
4	95	89019
4	97	167871
4	99	91581
4	100	184818
4	102	87899
4	103	173227
4	105	170875
4	106	77981
4	108	141902
4	110	70958
4	111	139635
4	113	118163
4	114	61383
4	116	129628
4	118	59152
4	119	92821
4	121	93442
4	122	40633
4	124	89133
4	125	44954
4	127	88228
4	129	51008
4	130	93609
4	132	79033
4	133	40144
4	135	75730
4	137	26963
4	138	60815
4	140	54553
4	141	28792
4	143	48469
4	144	25355
4	146	47732
4	148	21901
4	149	44403
4	151	41058
4	152	20878
4	154	32908
4	156	21439
4	157	38595
4	159	34861
4	160	17773
4	162	24701
4	164	9302
4	165	28262
4	167	10757
4	168	25653
4	170	16805
4	171	6851
4	173	9395
4	175	8595
4	176	8007
4	178	9061
4	179	4063
4	181	7754
4	183	1496
4	184	5577
4	186	1637
4	187	3747
4	189	6468
4	190	697
4	192	1676
4	194	2047
4	195	5938
4	197	2528
4	198	199
4	200	1550
4	202	146
4	203	336
4	205	82
4	206	179
5	0	522887
5	1	497190
5	2	541912
5	4	437932
5	5	204922
5	7	188498
5	8	416086
5	10	183871
5	11	368372
5	13	171030
5	14	366669
5	15	193400
5	17	363684
5	18	191940
5	20	189433
5	21	401703
5	22	194707
5	24	353641
5	26	194592
5	27	405193
5	29	413749
5	30	201206
5	32	411555
5	34	223164
5	35	404493
5	37	404916
5	38	199801
5	40	400651
5	41	191271
5	43	400961
5	45	183213
5	46	382425
5	48	401180
5	49	194016
5	51	369713
5	53	179447
5	54	376671
5	56	347345
5	57	166390
5	59	326690
5	61	165690
5	62	328366
5	64	160849
5	65	332238
5	67	322653
5	68	149840
5	70	292857
5	72	156028
5	73	302170
5	75	296187
5	76	120469
5	78	270671
5	80	133168
5	81	285517
5	83	132780
5	84	311348
5	86	273476
5	87	137743
5	89	268847
5	91	115428
5	92	233482
5	94	213282
5	95	106363
5	97	231336
5	99	110332
5	100	216322
5	102	95200
5	103	189554
5	105	187436
5	106	90815
5	108	180848
5	110	93035
5	111	155983
5	113	159229
5	114	69107
5	116	144224
5	118	78480
5	119	138759
5	121	147918
5	122	59598
5	124	120169
5	125	69565
5	127	124910
5	129	53770
5	130	114248
5	132	105982
5	133	45084
5	135	99981
5	137	51852
5	138	82693
5	140	107614
5	141	43812
5	143	72523
5	144	33240
5	146	65255
5	148	29482
5	149	60553
5	151	56669
5	152	24095
5	154	38288
5	156	23352
5	157	66060
5	159	38002
5	160	19583
5	162	34581
5	164	15323
5	165	33471
5	167	17024
5	168	29369
5	170	39023
5	171	14351
5	173	21551
5	175	5742
5	176	15216
5	178	14949
5	179	7058
5	181	18401
5	183	6113
5	184	11065
5	186	6959
5	187	10262
5	189	7811
5	190	1647
5	192	3357
5	194	2691
5	195	5841
5	197	3964
5	198	1497
5	200	9464
5	202	4235
5	203	3330
5	205	253
5	206	440
6	0	202415
6	1	239045
6	2	321155
6	4	235902
6	5	129884
6	7	112875
6	8	221712
6	10	108814
6	11	244801
6	13	117737
6	14	207018
6	15	117198
6	17	282636
6	18	117215
6	20	128674
6	21	265036
6	22	119993
6	24	294399
6	26	133303
6	27	277379
6	29	276266
6	30	135239
6	32	286363
6	34	139696
6	35	292624
6	37	300257
6	38	152604
6	40	313281
6	41	146675
6	43	312702
6	45	164410
6	46	307991
6	48	317998
6	49	137562
6	51	292798
6	53	152269
6	54	331406
6	56	327546
6	57	135894
6	59	306875
6	61	150960
6	62	321822
6	64	145832
6	65	317821
6	67	300099
6	68	139397
6	70	288674
6	72	147214
6	73	273338
6	75	292381
6	76	141480
6	78	298649
6	80	149706
6	81	300021
6	83	124447
6	84	252164
6	86	263361
6	87	124125
6	89	266450
6	91	127813
6	92	267855
6	94	245495
6	95	109285
6	97	234837
6	99	131512
6	100	238709
6	102	138041
6	103	210645
6	105	237999
6	106	112501
6	108	200950
6	110	99125
6	111	209610
6	113	183667
6	114	94703
6	116	172134
6	118	84741
6	119	180001
6	121	185101
6	122	77601
6	124	154533
6	125	81084
6	127	152861
6	129	59131
6	130	127574
6	132	134779
6	133	62308
6	135	137584
6	137	60243
6	138	127238
6	140	103418
6	141	51451
6	143	112080
6	144	53023
6	146	92598
6	148	40088
6	149	85601
6	151	76656
6	152	38829
6	154	68235
6	156	36370
6	157	68463
6	159	58339
6	160	28117
6	162	57946
6	164	27307
6	165	56284
6	167	20679
6	168	41539
6	170	43766
6	171	21661
6	173	40434
6	175	19676
6	176	33932
6	178	24553
6	179	15004
6	181	22094
6	183	10002
6	184	14944
6	186	8479
6	187	18891
6	189	13588
6	190	6448
6	192	18003
6	194	8009
6	195	17436
6	197	10112
6	198	4713
6	200	7964
6	202	3902
6	203	6137
6	205	1662
6	206	768
7	0	78170
7	1	75555
7	2	149490
7	4	128252
7	5	58511
7	7	45223
7	8	112856
7	10	75983
7	11	148606
7	13	58961
7	14	143093
7	15	61754
7	17	154463
7	18	75066
7	20	81373
7	21	141158
7	22	80140
7	24	172254
7	26	82888
7	27	157148
7	29	163348
7	30	94504
7	32	180031
7	34	99853
7	35	195842
7	37	208241
7	38	99605
7	40	210421
7	41	109091
7	43	219305
7	45	119032
7	46	216349
7	48	239301
7	49	98124
7	51	227182
7	53	113903
7	54	211234
7	56	219636
7	57	114764
7	59	229918
7	61	119549
7	62	243509
7	64	123640
7	65	252426
7	67	254568
7	68	116357
7	70	240929
7	72	121705
7	73	237359
7	75	253491
7	76	137912
7	78	264134
7	80	117789
7	81	243003
7	83	122981
7	84	266312
7	86	241387
7	87	124366
7	89	262725
7	91	114753
7	92	227712
7	94	247728
7	95	112093
7	97	239625
7	99	114202
7	100	223557
7	102	116679
7	103	237147
7	105	211219
7	106	121995
7	108	233649
7	110	113513
7	111	184945
7	113	213282
7	114	101164
7	116	170628
7	118	90089
7	119	209155
7	121	172943
7	122	84760
7	124	186479
7	125	84332
7	127	175376
7	129	76939
7	130	178475
7	132	150407
7	133	81562
7	135	162571
7	137	76803
7	138	164825
7	140	139791
7	141	75736
7	143	135766
7	144	62944
7	146	136008
7	148	63420
7	149	143170
7	151	122951
7	152	53321
7	154	112877
7	156	46144
7	157	103776
7	159	117367
7	160	51205
7	162	88500
7	164	47982
7	165	80051
7	167	42209
7	168	81543
7	170	72997
7	171	25292
7	173	56500
7	175	23627
7	176	70674
7	178	67285
7	179	26709
7	181	43070
7	183	23264
7	184	45486
7	186	20567
7	187	32424
7	189	31436
7	190	13328
7	192	29285
7	194	23761
7	195	31861
7	197	23061
7	198	8396
7	200	15030
7	202	6212
7	203	16029
7	205	6197
7	206	2856
8	0	18858
8	1	30044
8	2	50106
8	4	45279
8	5	23002
8	7	28677
8	8	66326
8	10	31348
8	11	73531
8	13	32980
8	14	70777
8	15	42701
8	17	72109
8	18	37386
8	20	40775
8	21	74654
8	22	42590
8	24	94448
8	26	46646
8	27	97234
8	29	113618
8	30	52232
8	32	113003
8	34	55160
8	35	110039
8	37	114713
8	38	64478
8	40	119788
8	41	67131
8	43	137844
8	45	86969
8	46	142815
8	48	159111
8	49	73082
8	51	168358
8	53	80506
8	54	165603
8	56	176284
8	57	85783
8	59	156095
8	61	84922
8	62	177206
8	64	82917
8	65	158463
8	67	178914
8	68	85272
8	70	177644
8	72	89611
8	73	192279
8	75	205599
8	76	100696
8	78	194695
8	80	92263
8	81	189022
8	83	96240
8	84	179722
8	86	184608
8	87	95286
8	89	170857
8	91	98829
8	92	198346
8	94	182922
8	95	103672
8	97	205447
8	99	106422
8	100	199645
8	102	111626
8	103	220165
8	105	203615
8	106	90931
8	108	198517
8	110	100835
8	111	187043
8	113	178782
8	114	97006
8	116	200530
8	118	96925
8	119	168758
8	121	181715
8	122	101211
8	124	183049
8	125	88545
8	127	193161
8	129	93742
8	130	188989
8	132	173425
8	133	77830
8	135	162945
8	137	74855
8	138	164406
8	140	151066
8	141	73889
8	143	150350
8	144	76286
8	146	138640
8	148	75153
8	149	142807
8	151	137093
8	152	63675
8	154	132146
8	156	62423
8	157	128932
8	159	119135
8	160	60062
8	162	129779
8	164	57694
8	165	113734
8	167	51589
8	168	108605
8	170	95844
8	171	50529
8	173	87045
8	175	43065
8	176	78451
8	178	71001
8	179	38839
8	181	75062
8	183	34032
8	184	59997
8	186	31245
8	187	58538
8	189	49202
8	190	25408
8	192	54044
8	194	28961
8	195	50375
8	197	36099
8	198	13543
8	200	33541
8	202	17011
8	203	30113
8	205	17116
8	206	8743
9	0	4792
9	1	5675
9	2	19911
9	4	20140
9	5	6778
9	7	6050
9	8	14017
9	10	10515
9	11	21720
9	13	8278
9	14	21173
9	15	11480
9	17	22215
9	18	12564
9	20	14066
9	21	28809
9	22	19594
9	24	39682
9	26	20228
9	27	44517
9	29	49509
9	30	22128
9	32	47095
9	34	22817
9	35	58470
9	37	54729
9	38	28213
9	40	57458
9	41	25207
9	43	68770
9	45	40020
9	46	56698
9	48	64185
9	49	31723
9	51	66707
9	53	36466
9	54	81579
9	56	100959
9	57	53404
9	59	87522
9	61	42190
9	62	104300
9	64	47564
9	65	99987
9	67	113408
9	68	70207
9	70	123194
9	72	51826
9	73	118884
9	75	115456
9	76	53800
9	78	127275
9	80	65101
9	81	140496
9	83	66817
9	84	143289
9	86	159181
9	87	72479
9	89	150499
9	91	74999
9	92	158240
9	94	148157
9	95	88784
9	97	168587
9	99	79961
9	100	167783
9	102	83294
9	103	173932
9	105	176739
9	106	90128
9	108	168542
9	110	84842
9	111	177542
9	113	167069
9	114	80890
9	116	174169
9	118	83308
9	119	175357
9	121	179078
9	122	92334
9	124	194851
9	125	89484
9	127	203377
9	129	90930
9	130	186159
9	132	177830
9	133	94523
9	135	175046
9	137	93425
9	138	185028
9	140	181333
9	141	90937
9	143	193084
9	144	83560
9	146	175274
9	148	84044
9	149	174849
9	151	190268
9	152	90342
9	154	171073
9	156	75679
9	157	196145
9	159	164800
9	160	86851
9	162	167827
9	164	76336
9	165	164082
9	167	78791
9	168	152051
9	170	147086
9	171	84159
9	173	135503
9	175	65423
9	176	136705
9	178	126398
9	179	57384
9	181	138467
9	183	60123
9	184	114742
9	186	51476
9	187	117488
9	189	102731
9	190	44412
9	192	86953
9	194	44552
9	195	92255
9	197	89631
9	198	42609
9	200	71251
9	202	38308
9	203	82416
9	205	49777
9	206	42297
10	0	2320
10	1	420
10	2	1786
10	4	2209
10	5	1644
10	7	514
10	8	2030
10	10	1341
10	11	2285
10	13	899
10	14	3016
10	15	3200
10	17	6697
10	18	1646
10	20	2248
10	21	3970
10	22	3023
10	24	6308
10	26	3917
10	27	9415
10	29	8940
10	30	4280
10	32	11088
10	34	5585
10	35	11736
10	37	14080
10	38	7354
10	40	14623
10	41	10032
10	43	16419
10	45	7950
10	46	18006
10	48	19947
10	49	10953
10	51	24027
10	53	11974
10	54	23110
10	56	21945
10	57	12053
10	59	29102
10	61	13222
10	62	27586
10	64	16170
10	65	34016
10	67	33050
10	68	18495
10	70	39515
10	72	20604
10	73	42353
10	75	42920
10	76	23569
10	78	48970
10	80	23991
10	81	48397
10	83	24996
10	84	50466
10	86	53573
10	87	29092
10	89	63376
10	91	29462
10	92	60935
10	94	67088
10	95	36355
10	97	70206
10	99	37630
10	100	74383
10	102	33961
10	103	88053
10	105	81136
10	106	42058
10	108	86213
10	110	44155
10	111	89706
10	113	92582
10	114	44822
10	116	101409
10	118	49438
10	119	100991
10	121	104708
10	122	55878
10	124	109040
10	125	55801
10	127	111959
10	129	58337
10	130	127040
10	132	124180
10	133	63096
10	135	119993
10	137	63828
10	138	133780
10	140	145752
10	141	74544
10	143	141364
10	144	75656
10	146	151686
10	148	77066
10	149	149614
10	151	150476
10	152	77239
10	154	159381
10	156	81793
10	157	166642
10	159	169719
10	160	80429
10	162	178225
10	164	90965
10	165	179813
10	167	95023
10	168	180528
10	170	182760
10	171	96337
10	173	192053
10	175	94688
10	176	199535
10	178	197277
10	179	106719
10	181	204057
10	183	103992
10	184	209185
10	186	106630
10	187	195377
10	189	220741
10	190	105950
10	192	228094
10	194	104897
10	195	234941
10	197	231833
10	198	110334
10	200	247034
10	202	135779
10	203	328006
10	205	322721
10	206	822381
