UKB_sparse_bin	YRI_bin	UKB_WBfreq
0	0	62931
0	1	2029
0	2	681
0	3	1983
0	4	485
0	6	1037
0	7	404
0	9	351
0	10	1327
0	12	373
0	13	854
0	14	366
0	16	857
0	17	146
0	19	352
0	20	756
0	22	518
0	23	193
0	25	556
0	27	195
0	28	866
0	31	98
0	33	408
0	34	260
0	36	368
0	38	455
0	39	55
0	41	586
0	42	104
0	44	177
0	46	36
0	47	366
0	49	393
0	50	141
0	52	11
0	54	69
0	55	248
0	57	11
0	58	255
0	60	19
0	61	32
0	63	149
0	66	61
0	69	11
0	71	131
0	73	32
0	74	86
0	76	34
0	84	86
0	85	36
0	87	34
0	90	77
0	92	61
0	93	27
0	95	79
0	98	95
0	103	34
0	104	22
0	109	11
0	111	88
0	112	28
0	128	61
0	135	19
0	155	88
1	0	32406577
1	1	1626330
1	2	990478
1	3	1538890
1	4	631722
1	6	1192010
1	7	560782
1	9	535358
1	10	1018076
1	12	474911
1	13	861700
1	14	400484
1	16	785310
1	17	372836
1	19	369319
1	20	681084
1	22	646870
1	23	299193
1	25	568382
1	27	263370
1	28	518334
1	30	261995
1	31	491126
1	33	450216
1	34	214145
1	36	394070
1	38	183800
1	39	380555
1	41	358195
1	42	165317
1	44	318017
1	46	161104
1	47	263909
1	49	263313
1	50	130111
1	52	237676
1	54	120958
1	55	220521
1	57	100478
1	58	195623
1	60	171720
1	61	90044
1	63	164820
1	65	77072
1	66	146954
1	68	133696
1	69	69660
1	71	128787
1	73	58993
1	74	112936
1	76	120901
1	77	54812
1	79	101113
1	81	47893
1	82	92231
1	84	42198
1	85	80578
1	87	72297
1	88	34462
1	90	66737
1	92	30433
1	93	56283
1	95	52895
1	96	24451
1	98	49093
1	100	21746
1	101	41634
1	103	33251
1	104	16943
1	106	33414
1	108	14068
1	109	29515
1	111	19040
1	112	25468
1	114	24937
1	115	13076
1	117	21797
1	119	9671
1	120	18177
1	122	16500
1	123	8267
1	125	15784
1	127	6826
1	128	11899
1	130	12370
1	131	6367
1	133	9582
1	135	4980
1	136	8873
1	138	3908
1	139	8665
1	141	9808
1	142	3411
1	144	6020
1	146	3470
1	147	7768
1	149	3803
1	150	2121
1	152	5567
1	154	1700
1	155	3568
1	157	4083
1	158	1993
1	160	3105
1	162	1291
1	163	4433
1	165	610
1	166	1458
1	168	1504
1	169	2363
1	171	4020
1	173	589
1	174	1012
1	176	934
1	177	802
1	179	284
1	181	235
1	182	522
1	184	218
1	185	21
1	187	405
1	189	136
1	190	481
1	192	151
1	193	325
1	195	447
1	196	18
1	198	25
1	200	13
1	203	16
1	206	25
1	208	66
1	209	11
1	211	82
1	214	31
2	0	6730550
2	1	1034959
2	2	666036
2	3	1036131
2	4	480808
2	6	857296
2	7	425682
2	9	407712
2	10	773970
2	12	377506
2	13	703107
2	14	332846
2	16	651933
2	17	304615
2	19	289841
2	20	587179
2	22	539912
2	23	258112
2	25	510125
2	27	247388
2	28	479080
2	30	218269
2	31	444920
2	33	413335
2	34	204095
2	36	375461
2	38	183487
2	39	368112
2	41	339742
2	42	155195
2	44	306486
2	46	161593
2	47	286065
2	49	267637
2	50	128709
2	52	263848
2	54	118233
2	55	237280
2	57	113093
2	58	216280
2	60	202789
2	61	100726
2	63	186954
2	65	94607
2	66	178612
2	68	164914
2	69	78812
2	71	150378
2	73	73449
2	74	130721
2	76	119333
2	77	61281
2	79	112145
2	81	56262
2	82	111284
2	84	51234
2	85	92207
2	87	86129
2	88	41447
2	90	84181
2	92	42318
2	93	76893
2	95	72626
2	96	36560
2	98	62162
2	100	27201
2	101	55794
2	103	53067
2	104	27723
2	106	48604
2	108	22107
2	109	42038
2	111	24505
2	112	43550
2	114	39497
2	115	19188
2	117	32871
2	119	15342
2	120	32818
2	122	27129
2	123	13804
2	125	27320
2	127	14893
2	128	25155
2	130	21719
2	131	9858
2	133	16391
2	135	8826
2	136	17498
2	138	9690
2	139	15573
2	141	16821
2	142	6134
2	144	13598
2	146	6017
2	147	10708
2	149	10627
2	150	6075
2	152	12006
2	154	4575
2	155	7236
2	157	9668
2	158	2854
2	160	7156
2	162	2645
2	163	4745
2	165	2361
2	166	4518
2	168	3375
2	169	1954
2	171	4011
2	173	2166
2	174	3363
2	176	3595
2	177	1235
2	179	1751
2	181	2201
2	182	2201
2	184	1866
2	185	907
2	187	1282
2	189	537
2	190	2322
2	192	440
2	193	1016
2	195	591
2	196	183
2	198	899
2	200	176
2	201	375
2	203	75
2	204	54
2	206	156
2	208	2908
2	209	149
2	211	307
2	212	93
2	214	94
2	216	73
3	0	2087601
3	1	557349
3	2	394060
3	3	645979
3	4	289225
3	6	521411
3	7	239888
3	9	240556
3	10	461774
3	12	233950
3	13	455281
3	14	223225
3	16	437175
3	17	210628
3	19	192815
3	20	397025
3	22	385979
3	23	185329
3	25	364607
3	27	177641
3	28	355398
3	30	180095
3	31	350722
3	33	333613
3	34	163816
3	36	313917
3	38	149642
3	39	292962
3	41	275712
3	42	138272
3	44	249506
3	46	128798
3	47	253292
3	49	231020
3	50	115815
3	52	219385
3	54	106570
3	55	210728
3	57	108367
3	58	196716
3	60	194367
3	61	94633
3	63	167686
3	65	83068
3	66	166253
3	68	156943
3	69	76231
3	71	154243
3	73	72216
3	74	140355
3	76	126600
3	77	62817
3	79	118252
3	81	53197
3	82	112149
3	84	56967
3	85	104470
3	87	104916
3	88	46394
3	90	93100
3	92	42342
3	93	79555
3	95	82626
3	96	36494
3	98	78350
3	100	36930
3	101	71191
3	103	60502
3	104	32747
3	106	57413
3	108	24573
3	109	50794
3	111	26084
3	112	48760
3	114	50603
3	115	23317
3	117	46178
3	119	18935
3	120	37552
3	122	36893
3	123	20626
3	125	34536
3	127	16531
3	128	30494
3	130	33039
3	131	12399
3	133	26526
3	135	12617
3	136	26527
3	138	10464
3	139	22792
3	141	24189
3	142	10845
3	144	18567
3	146	10720
3	147	14872
3	149	16504
3	150	6286
3	152	13076
3	154	5673
3	155	12772
3	157	10646
3	158	6252
3	160	8708
3	162	4131
3	163	7997
3	165	4208
3	166	5916
3	168	6198
3	169	2612
3	171	5516
3	173	2379
3	174	4975
3	176	6410
3	177	1816
3	179	4105
3	181	2278
3	182	3273
3	184	2089
3	185	1085
3	187	2005
3	189	915
3	190	1827
3	192	646
3	193	1258
3	195	1196
3	196	984
3	198	1010
3	200	499
3	201	555
3	203	375
3	204	318
3	206	833
3	208	250
3	209	259
3	211	384
3	212	71
3	214	191
3	216	51
4	0	1760937
4	1	604341
4	2	468356
4	3	781379
4	4	361338
4	6	668005
4	7	359927
4	9	321584
4	10	626782
4	12	298419
4	13	612502
4	14	306485
4	16	597009
4	17	279267
4	19	278539
4	20	566591
4	22	534872
4	23	268917
4	25	539939
4	27	261233
4	28	502515
4	30	242216
4	31	494778
4	33	488418
4	34	250020
4	36	495871
4	38	240002
4	39	434954
4	41	430041
4	42	220358
4	44	415498
4	46	194849
4	47	388568
4	49	383634
4	50	179717
4	52	356283
4	54	178386
4	55	347228
4	57	169082
4	58	335798
4	60	313931
4	61	151304
4	63	302850
4	65	148429
4	66	267852
4	68	295143
4	69	133712
4	71	252298
4	73	117316
4	74	236179
4	76	241918
4	77	109362
4	79	222152
4	81	110788
4	82	202360
4	84	104037
4	85	180257
4	87	209646
4	88	102454
4	90	181955
4	92	89757
4	93	171154
4	95	165468
4	96	75461
4	98	149823
4	100	70898
4	101	152033
4	103	146579
4	104	64622
4	106	119306
4	108	57211
4	109	109930
4	111	59025
4	112	121456
4	114	100963
4	115	47213
4	117	95785
4	119	51108
4	120	90990
4	122	80064
4	123	38653
4	125	71159
4	127	34881
4	128	75860
4	130	80205
4	131	32012
4	133	66973
4	135	27941
4	136	59754
4	138	25572
4	139	52111
4	141	51721
4	142	23894
4	144	43413
4	146	18660
4	147	39441
4	149	42919
4	150	14580
4	152	35286
4	154	21264
4	155	28645
4	157	21065
4	158	11870
4	160	24534
4	162	13293
4	163	26458
4	165	14950
4	166	22201
4	168	18953
4	169	7196
4	171	25882
4	173	7998
4	174	11784
4	176	20515
4	177	4862
4	179	10855
4	181	5026
4	182	9407
4	184	7531
4	185	3360
4	187	5635
4	189	3229
4	190	6364
4	192	2162
4	193	4383
4	195	5976
4	196	3067
4	198	5366
4	200	2114
4	201	5201
4	203	1987
4	204	1685
4	206	1778
4	208	610
4	209	1020
4	211	257
4	214	849
4	216	264
5	0	953831
5	1	418932
5	2	301525
5	3	535189
5	4	257049
5	6	527900
5	7	253603
5	9	238961
5	10	481574
5	12	252442
5	13	470441
5	14	235374
5	16	451653
5	17	236064
5	19	230457
5	20	443894
5	22	427517
5	23	208196
5	25	439224
5	27	212185
5	28	428140
5	30	205082
5	31	444913
5	33	408112
5	34	203566
5	36	390537
5	38	182115
5	39	366787
5	41	352106
5	42	181597
5	44	361044
5	46	183813
5	47	350060
5	49	343672
5	50	171262
5	52	323329
5	54	168238
5	55	307132
5	57	150432
5	58	301897
5	60	287875
5	61	139032
5	63	277538
5	65	124812
5	66	273162
5	68	272659
5	69	135024
5	71	266014
5	73	121100
5	74	245700
5	76	220106
5	77	106256
5	79	211800
5	81	100016
5	82	205050
5	84	103509
5	85	194048
5	87	200352
5	88	96217
5	90	199727
5	92	88457
5	93	174705
5	95	156703
5	96	74908
5	98	162037
5	100	74554
5	101	148309
5	103	135653
5	104	66863
5	106	131710
5	108	72687
5	109	125818
5	111	61269
5	112	123456
5	114	124278
5	115	54341
5	117	106910
5	119	55669
5	120	94624
5	122	88244
5	123	42298
5	125	90119
5	127	40076
5	128	77862
5	130	79733
5	131	42506
5	133	81596
5	135	39279
5	136	77642
5	138	29119
5	139	58515
5	141	57573
5	142	27324
5	144	54556
5	146	22938
5	147	48415
5	149	47146
5	150	25025
5	152	46345
5	154	21245
5	155	38368
5	157	48732
5	158	19749
5	160	42869
5	162	16690
5	163	37193
5	165	14024
5	166	31638
5	168	32514
5	169	10666
5	171	26006
5	173	11626
5	174	23414
5	176	20386
5	177	11873
5	179	17980
5	181	9619
5	182	18328
5	184	18468
5	185	9076
5	187	19241
5	189	7597
5	190	11257
5	192	5118
5	193	7413
5	195	9442
5	196	3839
5	198	5976
5	200	2733
5	201	6663
5	203	4205
5	204	1867
5	206	7636
5	208	3828
5	209	2886
5	211	1789
5	212	1223
5	214	703
5	216	650
6	0	481113
6	1	255046
6	2	198609
6	3	373569
6	4	167480
6	6	361905
6	7	173015
6	9	170162
6	10	349979
6	12	178706
6	13	353199
6	14	156110
6	16	361155
6	17	172223
6	19	167635
6	20	355248
6	22	347800
6	23	174330
6	25	328206
6	27	175682
6	28	335488
6	30	164964
6	31	348644
6	33	327512
6	34	161270
6	36	321645
6	38	160383
6	39	315166
6	41	334360
6	42	156628
6	44	300709
6	46	150780
6	47	296843
6	49	314714
6	50	146710
6	52	278628
6	54	151909
6	55	287118
6	57	148909
6	58	279570
6	60	265025
6	61	135628
6	63	240816
6	65	123630
6	66	252729
6	68	252051
6	69	122857
6	71	266383
6	73	117248
6	74	225359
6	76	214587
6	77	102676
6	79	212791
6	81	111486
6	82	200307
6	84	101251
6	85	197680
6	87	195621
6	88	95527
6	90	185975
6	92	102834
6	93	181732
6	95	165825
6	96	76060
6	98	160125
6	100	80163
6	101	157498
6	103	145363
6	104	75498
6	106	156930
6	108	66292
6	109	137670
6	111	68005
6	112	132543
6	114	125356
6	115	57470
6	117	134001
6	119	55916
6	120	123606
6	122	107224
6	123	45033
6	125	101477
6	127	47352
6	128	107305
6	130	104054
6	131	47129
6	133	91159
6	135	44343
6	136	81938
6	138	41147
6	139	72860
6	141	73424
6	142	38301
6	144	72368
6	146	43139
6	147	65278
6	149	60962
6	150	29182
6	152	58542
6	154	29921
6	155	59038
6	157	52249
6	158	27939
6	160	56902
6	162	28239
6	163	41511
6	165	21346
6	166	36571
6	168	38175
6	169	15930
6	171	33702
6	173	20515
6	174	26554
6	176	24672
6	177	15687
6	179	26835
6	181	11899
6	182	23014
6	184	23910
6	185	9330
6	187	23570
6	189	8455
6	190	24007
6	192	7567
6	193	13983
6	195	11569
6	196	4658
6	198	9593
6	200	7018
6	201	10049
6	203	9147
6	204	2479
6	206	4733
6	208	3952
6	209	5291
6	211	4322
6	212	769
6	214	2014
6	216	1857
7	0	262023
7	1	131584
7	2	120095
7	3	223755
7	4	111008
7	6	209027
7	7	104805
7	9	111091
7	10	221203
7	12	105334
7	13	219875
7	14	120301
7	16	226504
7	17	126925
7	19	139017
7	20	235633
7	22	249365
7	23	126245
7	25	255749
7	27	124733
7	28	248721
7	30	124256
7	31	240201
7	33	233612
7	34	132826
7	36	249736
7	38	122100
7	39	251316
7	41	263634
7	42	134277
7	44	241940
7	46	127081
7	47	238711
7	49	245807
7	50	129836
7	52	235188
7	54	122528
7	55	239194
7	57	125281
7	58	245811
7	60	238249
7	61	137057
7	63	256138
7	65	112617
7	66	225632
7	68	221622
7	69	114876
7	71	224213
7	73	109649
7	74	204262
7	76	212659
7	77	102813
7	79	194590
7	81	98602
7	82	192052
7	84	89401
7	85	185855
7	87	189768
7	88	91883
7	90	186212
7	92	94420
7	93	181032
7	95	167178
7	96	85682
7	98	175850
7	100	85376
7	101	169729
7	103	165161
7	104	88846
7	106	155832
7	108	90354
7	109	149237
7	111	74858
7	112	131881
7	114	127065
7	115	60283
7	117	119939
7	119	70754
7	120	133289
7	122	115349
7	123	56253
7	125	121573
7	127	57843
7	128	118327
7	130	114624
7	131	57880
7	133	107747
7	135	43873
7	136	102981
7	138	40717
7	139	83197
7	141	92671
7	142	48647
7	144	83522
7	146	39908
7	147	74117
7	149	73543
7	150	38459
7	152	65673
7	154	33262
7	155	64429
7	157	60011
7	158	30684
7	160	56737
7	162	29113
7	163	62169
7	165	28237
7	166	52377
7	168	50394
7	169	23581
7	171	41711
7	173	20503
7	174	44672
7	176	42877
7	177	18409
7	179	32015
7	181	17069
7	182	31126
7	184	27094
7	185	13510
7	187	27557
7	189	12254
7	190	22110
7	192	8265
7	193	20353
7	195	18067
7	196	10609
7	198	14386
7	200	10037
7	201	14827
7	203	9783
7	204	4841
7	206	9393
7	208	7209
7	209	9056
7	211	7476
7	212	2263
7	214	5772
7	216	2008
8	0	109746
8	1	67576
8	2	56832
8	3	115139
8	4	61125
8	6	117071
8	7	68304
8	9	70782
8	10	136167
8	12	68169
8	13	143964
8	14	68009
8	16	149927
8	17	63503
8	19	81161
8	20	153712
8	22	147221
8	23	82493
8	25	164590
8	27	84933
8	28	165616
8	30	83787
8	31	160780
8	33	161532
8	34	89135
8	36	179770
8	38	87087
8	39	181283
8	41	172960
8	42	84757
8	44	183746
8	46	93321
8	47	179326
8	49	174338
8	50	93049
8	52	180454
8	54	86922
8	55	168979
8	57	92745
8	58	178785
8	60	184754
8	61	83959
8	63	179993
8	65	91802
8	66	182042
8	68	178800
8	69	96750
8	71	192400
8	73	94998
8	74	184786
8	76	172100
8	77	86798
8	79	167995
8	81	86496
8	82	170530
8	84	95831
8	85	175869
8	87	174117
8	88	82738
8	90	161200
8	92	79254
8	93	161682
8	95	159385
8	96	84355
8	98	155238
8	100	77631
8	101	145096
8	103	145868
8	104	70156
8	106	151500
8	108	71208
8	109	149772
8	111	80318
8	112	150313
8	114	132817
8	115	66668
8	117	137946
8	119	66630
8	120	123553
8	122	123576
8	123	60314
8	125	117212
8	127	60433
8	128	117428
8	130	114252
8	131	58661
8	133	114160
8	135	53207
8	136	112506
8	138	55712
8	139	106482
8	141	98385
8	142	47614
8	144	105398
8	146	47780
8	147	95275
8	149	93407
8	150	42753
8	152	89992
8	154	41135
8	155	89253
8	157	86612
8	158	44936
8	160	72639
8	162	38790
8	163	69649
8	165	35192
8	166	68242
8	168	62661
8	169	28969
8	171	63948
8	173	29122
8	174	52439
8	176	49542
8	177	23863
8	179	51093
8	181	23601
8	182	46332
8	184	39509
8	185	18643
8	187	40481
8	189	23001
8	190	44567
8	192	16355
8	193	30378
8	195	33271
8	196	13745
8	198	25131
8	200	9479
8	201	20306
8	203	21582
8	204	10215
8	206	21975
8	208	8875
8	209	12913
8	211	12356
8	212	4669
8	214	8366
8	216	8431
9	0	40463
9	1	23776
9	2	26457
9	3	53937
9	4	29843
9	6	71492
9	7	31760
9	9	37203
9	10	64825
9	12	36731
9	13	80775
9	14	36635
9	16	83632
9	17	43629
9	19	43608
9	20	87207
9	22	98806
9	23	46439
9	25	112942
9	27	45782
9	28	116375
9	30	49881
9	31	111130
9	33	108140
9	34	49969
9	36	110116
9	38	61124
9	39	110833
9	41	119069
9	42	60740
9	44	124101
9	46	60953
9	47	130896
9	49	129831
9	50	67064
9	52	137841
9	54	75302
9	55	140634
9	57	70652
9	58	134976
9	60	136395
9	61	67122
9	63	134369
9	65	70620
9	66	134761
9	68	136656
9	69	74949
9	71	136711
9	73	65877
9	74	150479
9	76	153478
9	77	75346
9	79	148119
9	81	73045
9	82	155252
9	84	79696
9	85	148996
9	87	145933
9	88	76689
9	90	150147
9	92	66648
9	93	144448
9	95	149603
9	96	76094
9	98	154243
9	100	67922
9	101	150543
9	103	147054
9	104	70829
9	106	144621
9	108	78017
9	109	137506
9	111	69924
9	112	139387
9	114	148164
9	115	73407
9	117	140720
9	119	65759
9	120	134615
9	122	141710
9	123	73647
9	125	140654
9	127	66428
9	128	131569
9	130	124356
9	131	59395
9	133	127054
9	135	61337
9	136	121973
9	138	56829
9	139	115804
9	141	113837
9	142	55679
9	144	128722
9	146	55260
9	147	113760
9	149	110252
9	150	53860
9	152	114784
9	154	53836
9	155	109079
9	157	113543
9	158	47727
9	160	107433
9	162	49526
9	163	92753
9	165	45980
9	166	99655
9	168	87649
9	169	42956
9	171	79609
9	173	44636
9	174	82208
9	176	81822
9	177	35082
9	179	68198
9	181	34845
9	182	71053
9	184	74217
9	185	32370
9	187	66705
9	189	31756
9	190	61280
9	192	27014
9	193	54833
9	195	52924
9	196	26393
9	198	51156
9	200	20299
9	201	42612
9	203	39888
9	204	18912
9	206	30824
9	208	17105
9	209	34866
9	211	26563
9	212	13596
9	214	33712
9	216	23733
10	0	7755
10	1	5009
10	2	6020
10	3	15457
10	4	6364
10	6	14854
10	7	6637
10	9	7924
10	10	19091
10	12	9280
10	13	19329
10	14	12355
10	16	24456
10	17	13538
10	19	13867
10	20	29505
10	22	30386
10	23	16590
10	25	33501
10	27	17880
10	28	37561
10	30	18093
10	31	38830
10	33	41392
10	34	24184
10	36	47426
10	38	23729
10	39	49632
10	41	51516
10	42	29168
10	44	56321
10	46	26672
10	47	61595
10	49	59365
10	50	29537
10	52	59241
10	54	29890
10	55	68034
10	57	37313
10	58	68647
10	60	66285
10	61	37154
10	63	74283
10	65	37116
10	66	77470
10	68	74568
10	69	36441
10	71	79930
10	73	40121
10	74	86091
10	76	82302
10	77	43954
10	79	88599
10	81	43483
10	82	89429
10	84	42598
10	85	98200
10	87	97229
10	88	49254
10	90	100836
10	92	48962
10	93	95782
10	95	104370
10	96	54643
10	98	104565
10	100	54441
10	101	108800
10	103	104066
10	104	54561
10	106	105431
10	108	53990
10	109	108624
10	111	54079
10	112	115236
10	114	119685
10	115	58119
10	117	115159
10	119	59291
10	120	115550
10	122	120790
10	123	63904
10	125	118866
10	127	61629
10	128	127196
10	130	120100
10	131	59715
10	133	125265
10	135	60985
10	136	133875
10	138	65801
10	139	125599
10	141	128200
10	142	64351
10	144	130402
10	146	63550
10	147	143207
10	149	129974
10	150	65051
10	152	131023
10	154	67485
10	155	124356
10	157	130446
10	158	66675
10	160	127573
10	162	64508
10	163	131538
10	165	65773
10	166	129294
10	168	131740
10	169	67474
10	171	129682
10	173	64944
10	174	120597
10	176	126560
10	177	61302
10	179	122166
10	181	61521
10	182	125409
10	184	120121
10	185	61232
10	187	113492
10	189	62214
10	190	121386
10	192	55106
10	193	113388
10	195	117251
10	196	54812
10	198	115675
10	200	52604
10	201	106607
10	203	104927
10	204	49173
10	206	102715
10	208	47785
10	209	97057
10	211	93944
10	212	51655
10	214	132266
10	216	284927
