UKB_sparse_bin	CHB_bin	UKB_WBfreq
0	0	2394
0	1	138
0	2	133
0	4	28
0	5	20
0	7	13
0	8	29
0	10	12
0	11	49
0	13	13
0	14	14
0	15	11
0	17	17
0	18	6
0	20	5
0	21	13
0	22	4
0	24	10
0	26	4
0	27	14
0	29	5
0	30	2
0	32	7
0	34	8
0	35	1
0	37	1
0	38	3
0	40	5
0	41	1
0	43	7
0	46	3
0	48	2
0	49	2
0	51	2
0	53	1
0	54	1
0	57	7
0	59	2
0	65	1
0	67	1
0	72	1
0	73	1
0	78	3
0	86	3
0	87	1
0	99	1
0	100	1
0	108	1
1	0	1042069
1	1	100586
1	2	54999
1	4	35972
1	5	16080
1	7	17507
1	8	27974
1	10	11872
1	11	21595
1	13	9691
1	14	19660
1	15	9447
1	17	17182
1	18	9225
1	20	7934
1	21	15014
1	22	7469
1	24	12917
1	26	6534
1	27	11248
1	29	10062
1	30	5530
1	32	8955
1	34	3931
1	35	8495
1	37	7461
1	38	3847
1	40	7615
1	41	3754
1	43	5653
1	45	3072
1	46	5709
1	48	5506
1	49	2821
1	51	5209
1	53	2088
1	54	4492
1	56	3872
1	57	1935
1	59	3443
1	61	1656
1	62	3199
1	64	1611
1	65	3647
1	67	2981
1	68	1364
1	70	2350
1	72	925
1	73	1834
1	75	1553
1	76	918
1	78	2090
1	80	879
1	81	1683
1	83	567
1	84	1540
1	86	1291
1	87	555
1	89	1472
1	91	364
1	92	790
1	94	847
1	95	648
1	97	973
1	99	634
1	100	562
1	102	326
1	103	630
1	105	660
1	106	262
1	108	578
1	110	152
1	111	575
1	113	313
1	114	190
1	116	344
1	118	134
1	119	254
1	121	403
1	122	160
1	124	207
1	125	118
1	127	209
1	129	92
1	130	149
1	132	160
1	133	117
1	135	273
1	137	57
1	138	79
1	140	95
1	141	52
1	143	94
1	144	35
1	146	79
1	148	24
1	149	95
1	151	111
1	152	94
1	154	132
1	156	24
1	157	34
1	159	44
1	160	16
1	162	7
1	165	1
1	167	2
1	168	38
1	170	23
1	173	2
1	176	2
1	178	1
1	183	3
1	184	2
1	186	1
1	187	6
1	189	1
1	192	2
1	203	1
1	205	1
1	206	1
2	0	151110
2	1	48142
2	2	32565
2	4	22016
2	5	11098
2	7	9557
2	8	16788
2	10	8769
2	11	15642
2	13	7164
2	14	14836
2	15	6916
2	17	14209
2	18	6480
2	20	6153
2	21	13084
2	22	5709
2	24	11210
2	26	5047
2	27	10455
2	29	9814
2	30	4479
2	32	8329
2	34	4421
2	35	8041
2	37	7129
2	38	3661
2	40	7281
2	41	3254
2	43	6707
2	45	3078
2	46	5852
2	48	5611
2	49	2685
2	51	5503
2	53	2759
2	54	4778
2	56	4375
2	57	2129
2	59	4394
2	61	2339
2	62	3856
2	64	1879
2	65	3753
2	67	3386
2	68	1713
2	70	3158
2	72	1406
2	73	2776
2	75	2555
2	76	1100
2	78	2051
2	80	978
2	81	2047
2	83	1113
2	84	1986
2	86	1896
2	87	958
2	89	1644
2	91	877
2	92	1538
2	94	1573
2	95	662
2	97	1293
2	99	620
2	100	1262
2	102	541
2	103	1022
2	105	949
2	106	383
2	108	806
2	110	406
2	111	820
2	113	740
2	114	273
2	116	677
2	118	282
2	119	484
2	121	555
2	122	178
2	124	356
2	125	240
2	127	333
2	129	203
2	130	332
2	132	310
2	133	172
2	135	228
2	137	55
2	138	143
2	140	111
2	141	109
2	143	163
2	144	67
2	146	272
2	148	90
2	149	145
2	151	121
2	152	52
2	154	122
2	156	23
2	157	67
2	159	65
2	160	15
2	162	74
2	164	22
2	165	60
2	167	24
2	168	88
2	170	30
2	171	17
2	173	70
2	175	15
2	176	20
2	178	27
2	179	4
2	181	5
2	183	22
2	184	23
2	187	2
2	190	5
2	195	1
2	200	2
2	206	3
3	0	59275
3	1	27159
3	2	20555
3	4	15337
3	5	7348
3	7	6879
3	8	13286
3	10	6731
3	11	13047
3	13	6048
3	14	11727
3	15	5832
3	17	10991
3	18	5420
3	20	5332
3	21	10026
3	22	4767
3	24	10464
3	26	4931
3	27	9864
3	29	9549
3	30	4381
3	32	8475
3	34	4283
3	35	7513
3	37	7985
3	38	3537
3	40	7151
3	41	4110
3	43	6828
3	45	3429
3	46	6112
3	48	6262
3	49	3050
3	51	6224
3	53	2692
3	54	5233
3	56	5231
3	57	2613
3	59	5502
3	61	2499
3	62	4836
3	64	2108
3	65	4347
3	67	3656
3	68	1887
3	70	3741
3	72	1883
3	73	3408
3	75	3562
3	76	1439
3	78	3215
3	80	1510
3	81	2857
3	83	1473
3	84	2482
3	86	2752
3	87	1038
3	89	2310
3	91	1265
3	92	2261
3	94	1889
3	95	1101
3	97	1700
3	99	929
3	100	1636
3	102	704
3	103	1290
3	105	1445
3	106	732
3	108	1173
3	110	625
3	111	1253
3	113	1140
3	114	586
3	116	1093
3	118	546
3	119	957
3	121	723
3	122	464
3	124	623
3	125	454
3	127	670
3	129	215
3	130	532
3	132	486
3	133	226
3	135	498
3	137	218
3	138	397
3	140	295
3	141	170
3	143	365
3	144	125
3	146	250
3	148	75
3	149	191
3	151	177
3	152	63
3	154	191
3	156	69
3	157	148
3	159	181
3	160	78
3	162	77
3	164	52
3	165	58
3	167	37
3	168	147
3	170	101
3	171	19
3	173	137
3	175	10
3	176	55
3	178	14
3	179	10
3	181	71
3	183	20
3	184	84
3	186	5
3	187	20
3	189	16
3	190	10
3	192	3
3	197	1
3	200	6
3	202	2
3	203	2
3	205	1
4	0	35208
4	1	23473
4	2	22318
4	4	16787
4	5	7613
4	7	7286
4	8	15159
4	10	7029
4	11	13609
4	13	7104
4	14	14815
4	15	6850
4	17	13860
4	18	6437
4	20	6588
4	21	14109
4	22	6636
4	24	13135
4	26	6698
4	27	13024
4	29	12098
4	30	6797
4	32	11994
4	34	6188
4	35	11486
4	37	10673
4	38	5602
4	40	10239
4	41	4944
4	43	11332
4	45	4785
4	46	9661
4	48	9037
4	49	4732
4	51	9212
4	53	4660
4	54	8806
4	56	8456
4	57	3914
4	59	8126
4	61	3989
4	62	8605
4	64	4136
4	65	7998
4	67	7283
4	68	3737
4	70	7008
4	72	3520
4	73	6668
4	75	6579
4	76	3532
4	78	6530
4	80	2884
4	81	6052
4	83	2912
4	84	5572
4	86	5112
4	87	2529
4	89	4971
4	91	2256
4	92	4988
4	94	4611
4	95	1968
4	97	3702
4	99	2106
4	100	4216
4	102	1920
4	103	3807
4	105	3606
4	106	1732
4	108	3009
4	110	1561
4	111	3067
4	113	2670
4	114	1214
4	116	2441
4	118	1216
4	119	2011
4	121	1936
4	122	1001
4	124	1804
4	125	828
4	127	1958
4	129	1011
4	130	2008
4	132	1611
4	133	740
4	135	1545
4	137	647
4	138	1185
4	140	1071
4	141	630
4	143	1037
4	144	505
4	146	1014
4	148	417
4	149	793
4	151	854
4	152	348
4	154	763
4	156	405
4	157	805
4	159	623
4	160	169
4	162	563
4	164	317
4	165	560
4	167	251
4	168	539
4	170	292
4	171	157
4	173	191
4	175	72
4	176	143
4	178	188
4	179	102
4	181	204
4	183	59
4	184	77
4	186	40
4	187	51
4	189	133
4	190	36
4	192	38
4	194	21
4	195	122
4	197	41
4	198	3
4	200	65
4	202	10
4	203	9
4	206	5
5	0	12899
5	1	11633
5	2	13259
5	4	10209
5	5	5315
5	7	4887
5	8	9208
5	10	4360
5	11	9098
5	13	4375
5	14	8880
5	15	4692
5	17	8548
5	18	4520
5	20	4758
5	21	10267
5	22	4308
5	24	8468
5	26	4998
5	27	9633
5	29	9977
5	30	4275
5	32	9953
5	34	5417
5	35	9079
5	37	9109
5	38	4789
5	40	9333
5	41	4652
5	43	9085
5	45	4461
5	46	9090
5	48	9313
5	49	4423
5	51	8859
5	53	4440
5	54	9021
5	56	8066
5	57	3978
5	59	7383
5	61	3938
5	62	7248
5	64	3510
5	65	7739
5	67	7776
5	68	4000
5	70	7247
5	72	3448
5	73	7020
5	75	6819
5	76	2590
5	78	5940
5	80	3019
5	81	6606
5	83	2716
5	84	6344
5	86	6031
5	87	3303
5	89	5792
5	91	2662
5	92	5294
5	94	5065
5	95	2292
5	97	5069
5	99	2407
5	100	4714
5	102	2040
5	103	4147
5	105	3940
5	106	2089
5	108	3574
5	110	1987
5	111	3748
5	113	3756
5	114	1637
5	116	3239
5	118	1527
5	119	3205
5	121	3118
5	122	1261
5	124	2592
5	125	1519
5	127	2798
5	129	1174
5	130	2237
5	132	2558
5	133	1126
5	135	2215
5	137	1033
5	138	1797
5	140	2661
5	141	928
5	143	1479
5	144	770
5	146	1462
5	148	641
5	149	1291
5	151	1147
5	152	568
5	154	758
5	156	587
5	157	1040
5	159	773
5	160	348
5	162	738
5	164	333
5	165	666
5	167	338
5	168	657
5	170	655
5	171	389
5	173	672
5	175	334
5	176	368
5	178	355
5	179	174
5	181	474
5	183	110
5	184	197
5	186	111
5	187	211
5	189	187
5	190	32
5	192	101
5	194	66
5	195	145
5	197	67
5	198	39
5	200	388
5	202	114
5	203	60
5	205	5
5	206	9
6	0	7472
6	1	9025
6	2	9763
6	4	7965
6	5	4037
6	7	3220
6	8	7244
6	10	3111
6	11	7775
6	13	3182
6	14	6506
6	15	3738
6	17	8007
6	18	3039
6	20	3460
6	21	7465
6	22	3777
6	24	8454
6	26	4040
6	27	8362
6	29	7821
6	30	4165
6	32	8610
6	34	4212
6	35	8919
6	37	9251
6	38	4238
6	40	9421
6	41	4542
6	43	8419
6	45	4419
6	46	9087
6	48	9385
6	49	4333
6	51	8708
6	53	3973
6	54	9648
6	56	8803
6	57	4133
6	59	8971
6	61	4472
6	62	9260
6	64	4116
6	65	8533
6	67	8708
6	68	3833
6	70	8487
6	72	4203
6	73	7665
6	75	8301
6	76	4225
6	78	8634
6	80	4165
6	81	8719
6	83	3291
6	84	8382
6	86	8229
6	87	3675
6	89	8790
6	91	3714
6	92	7179
6	94	6313
6	95	2949
6	97	6737
6	99	3379
6	100	6292
6	102	3605
6	103	5472
6	105	6700
6	106	3333
6	108	5389
6	110	2829
6	111	5517
6	113	4865
6	114	2439
6	116	4411
6	118	2603
6	119	4257
6	121	4826
6	122	2026
6	124	4044
6	125	2328
6	127	3834
6	129	1637
6	130	3825
6	132	3536
6	133	1367
6	135	3507
6	137	1547
6	138	3090
6	140	2921
6	141	1278
6	143	2891
6	144	1422
6	146	2387
6	148	967
6	149	2082
6	151	1733
6	152	1109
6	154	1805
6	156	925
6	157	2341
6	159	1443
6	160	594
6	162	1343
6	164	712
6	165	1390
6	167	553
6	168	820
6	170	1506
6	171	423
6	173	893
6	175	539
6	176	693
6	178	751
6	179	214
6	181	510
6	183	434
6	184	404
6	186	172
6	187	378
6	189	188
6	190	131
6	192	250
6	194	174
6	195	343
6	197	212
6	198	80
6	200	254
6	202	92
6	203	160
6	205	28
6	206	6
7	0	2733
7	1	2418
7	2	5281
7	4	4958
7	5	2233
7	7	1659
7	8	4199
7	10	2506
7	11	5204
7	13	2183
7	14	4901
7	15	2139
7	17	6162
7	18	3076
7	20	2965
7	21	5197
7	22	2790
7	24	6101
7	26	2782
7	27	5831
7	29	5689
7	30	3088
7	32	6715
7	34	3180
7	35	7065
7	37	7339
7	38	3470
7	40	7093
7	41	3936
7	43	7489
7	45	4577
7	46	7645
7	48	8371
7	49	3154
7	51	6995
7	53	3882
7	54	7244
7	56	7468
7	57	3672
7	59	7573
7	61	4024
7	62	8542
7	64	4369
7	65	8041
7	67	8045
7	68	3991
7	70	7922
7	72	3884
7	73	7546
7	75	8120
7	76	4416
7	78	8884
7	80	3887
7	81	7761
7	83	4286
7	84	7662
7	86	7463
7	87	3683
7	89	7952
7	91	3633
7	92	7534
7	94	8096
7	95	3302
7	97	7961
7	99	3846
7	100	6979
7	102	3736
7	103	7687
7	105	7016
7	106	3930
7	108	7976
7	110	3527
7	111	6262
7	113	7004
7	114	3369
7	116	5411
7	118	2613
7	119	6916
7	121	5855
7	122	2451
7	124	5640
7	125	2652
7	127	5464
7	129	2316
7	130	5132
7	132	4589
7	133	2270
7	135	4880
7	137	2642
7	138	5205
7	140	4533
7	141	2358
7	143	4219
7	144	1863
7	146	3764
7	148	1819
7	149	4557
7	151	3790
7	152	1551
7	154	3150
7	156	1405
7	157	2751
7	159	3115
7	160	1420
7	162	2486
7	164	1165
7	165	2272
7	167	1146
7	168	2428
7	170	1824
7	171	799
7	173	1518
7	175	647
7	176	2210
7	178	1684
7	179	793
7	181	1359
7	183	613
7	184	1321
7	186	545
7	187	920
7	189	869
7	190	313
7	192	829
7	194	353
7	195	1191
7	197	710
7	198	195
7	200	501
7	202	110
7	203	420
7	205	202
7	206	79
8	0	926
8	1	1085
8	2	1928
8	4	1544
8	5	738
8	7	739
8	8	2316
8	10	1360
8	11	2360
8	13	1333
8	14	2718
8	15	1310
8	17	2382
8	18	1197
8	20	1284
8	21	2415
8	22	1257
8	24	3270
8	26	1591
8	27	3186
8	29	3582
8	30	2008
8	32	3637
8	34	1776
8	35	3725
8	37	4149
8	38	2026
8	40	4024
8	41	2344
8	43	4566
8	45	3319
8	46	4333
8	48	5237
8	49	2320
8	51	5454
8	53	2716
8	54	5294
8	56	5872
8	57	2873
8	59	5309
8	61	2917
8	62	5324
8	64	2337
8	65	5070
8	67	5553
8	68	2392
8	70	5534
8	72	2759
8	73	6087
8	75	6662
8	76	3503
8	78	6414
8	80	2823
8	81	6012
8	83	3030
8	84	5779
8	86	5293
8	87	2989
8	89	5557
8	91	3333
8	92	5629
8	94	5460
8	95	2839
8	97	6540
8	99	3295
8	100	6145
8	102	3400
8	103	6586
8	105	5685
8	106	3012
8	108	5813
8	110	3026
8	111	5550
8	113	5019
8	114	2653
8	116	5236
8	118	2711
8	119	5058
8	121	4838
8	122	3324
8	124	5361
8	125	2358
8	127	5400
8	129	2819
8	130	5500
8	132	5095
8	133	2414
8	135	4555
8	137	2052
8	138	4613
8	140	4546
8	141	2227
8	143	4183
8	144	2299
8	146	4088
8	148	2546
8	149	4705
8	151	4042
8	152	1907
8	154	4306
8	156	1684
8	157	3481
8	159	3197
8	160	1430
8	162	3532
8	164	1641
8	165	3077
8	167	1439
8	168	2809
8	170	2753
8	171	1370
8	173	2122
8	175	1155
8	176	2121
8	178	1771
8	179	1014
8	181	1886
8	183	943
8	184	1494
8	186	714
8	187	1472
8	189	1459
8	190	700
8	192	1468
8	194	1285
8	195	1094
8	197	832
8	198	314
8	200	687
8	202	467
8	203	737
8	205	455
8	206	165
9	0	134
9	1	174
9	2	689
9	4	514
9	5	190
9	7	137
9	8	393
9	10	292
9	11	869
9	13	331
9	14	774
9	15	312
9	17	937
9	18	518
9	20	440
9	21	902
9	22	686
9	24	1271
9	26	715
9	27	1692
9	29	1469
9	30	665
9	32	1531
9	34	640
9	35	1607
9	37	1726
9	38	939
9	40	1844
9	41	813
9	43	2279
9	45	1254
9	46	2108
9	48	2355
9	49	1148
9	51	2182
9	53	1181
9	54	2548
9	56	2949
9	57	1554
9	59	2908
9	61	1447
9	62	3338
9	64	1463
9	65	2861
9	67	3584
9	68	1970
9	70	3631
9	72	1645
9	73	3554
9	75	3591
9	76	1585
9	78	3968
9	80	1840
9	81	3963
9	83	2028
9	84	4145
9	86	4847
9	87	1956
9	89	4316
9	91	2228
9	92	4563
9	94	4210
9	95	2651
9	97	4964
9	99	2118
9	100	4996
9	102	2346
9	103	4935
9	105	5136
9	106	2415
9	108	4692
9	110	2484
9	111	4623
9	113	4739
9	114	2066
9	116	4691
9	118	2336
9	119	5005
9	121	4666
9	122	2437
9	124	4817
9	125	2381
9	127	5356
9	129	2275
9	130	4739
9	132	4993
9	133	2544
9	135	4579
9	137	2458
9	138	4887
9	140	4300
9	141	2219
9	143	4662
9	144	2043
9	146	4738
9	148	2084
9	149	4215
9	151	4298
9	152	2142
9	154	4006
9	156	1887
9	157	4543
9	159	4442
9	160	2474
9	162	4183
9	164	1821
9	165	3802
9	167	1913
9	168	4104
9	170	3790
9	171	2282
9	173	3140
9	175	1501
9	176	2911
9	178	3260
9	179	1418
9	181	3763
9	183	1372
9	184	2405
9	186	1425
9	187	3085
9	189	2597
9	190	1082
9	192	2142
9	194	1083
9	195	2099
9	197	1862
9	198	798
9	200	2006
9	202	774
9	203	1855
9	205	929
9	206	683
10	0	53
10	1	37
10	2	119
10	4	207
10	5	16
10	7	14
10	8	48
10	10	48
10	11	84
10	13	31
10	14	64
10	15	138
10	17	197
10	18	61
10	20	106
10	21	143
10	22	153
10	24	255
10	26	155
10	27	334
10	29	235
10	30	131
10	32	299
10	34	143
10	35	374
10	37	656
10	38	203
10	40	485
10	41	298
10	43	571
10	45	357
10	46	468
10	48	665
10	49	293
10	51	832
10	53	319
10	54	690
10	56	897
10	57	464
10	59	911
10	61	327
10	62	917
10	64	506
10	65	1105
10	67	965
10	68	600
10	70	940
10	72	458
10	73	1111
10	75	1027
10	76	643
10	78	1355
10	80	653
10	81	1408
10	83	744
10	84	1397
10	86	1612
10	87	922
10	89	1644
10	91	862
10	92	1613
10	94	1978
10	95	1184
10	97	1956
10	99	922
10	100	2083
10	102	1029
10	103	2164
10	105	2145
10	106	1151
10	108	2342
10	110	1165
10	111	2360
10	113	2679
10	114	1143
10	116	2507
10	118	1158
10	119	2723
10	121	2943
10	122	1591
10	124	3208
10	125	1381
10	127	3101
10	129	1690
10	130	3491
10	132	3358
10	133	1850
10	135	3218
10	137	1770
10	138	3761
10	140	4082
10	141	1941
10	143	3875
10	144	2037
10	146	4131
10	148	2176
10	149	4185
10	151	4507
10	152	1974
10	154	4450
10	156	2181
10	157	4321
10	159	4402
10	160	2470
10	162	5393
10	164	2190
10	165	4971
10	167	2557
10	168	4788
10	170	5159
10	171	3276
10	173	5591
10	175	2996
10	176	5819
10	178	5825
10	179	3100
10	181	5836
10	183	2963
10	184	6131
10	186	3164
10	187	5633
10	189	6178
10	190	2864
10	192	5693
10	194	2786
10	195	6664
10	197	6678
10	198	3500
10	200	7105
10	202	3805
10	203	9584
10	205	9946
10	206	38145
