UKB_sparse_bin	YRI_bin	UKB_WBfreq
1	0	1322
1	1	59
1	2	27
1	3	37
1	4	16
1	6	31
1	7	20
1	9	20
1	10	22
1	12	5
1	13	18
1	14	14
1	16	13
1	17	3
1	19	3
1	20	15
1	22	18
1	23	9
1	25	17
1	27	3
1	28	12
1	30	4
1	31	9
1	33	5
1	34	6
1	36	8
1	38	8
1	39	12
1	41	12
1	42	5
1	44	3
1	46	3
1	47	6
1	49	4
1	50	1
1	52	4
1	54	4
1	55	5
1	57	1
1	58	3
1	60	2
1	61	1
1	63	6
1	66	1
1	68	3
1	69	1
1	71	2
1	73	1
1	76	4
1	79	1
1	82	3
1	84	1
1	85	1
1	87	3
1	101	1
1	103	2
1	109	1
1	115	1
1	136	1
2	0	760
2	1	85
2	2	50
2	3	62
2	4	33
2	6	52
2	7	30
2	9	23
2	10	51
2	12	23
2	13	27
2	14	18
2	16	31
2	17	19
2	19	18
2	20	29
2	22	32
2	23	17
2	25	24
2	27	10
2	28	24
2	30	7
2	31	21
2	33	18
2	34	12
2	36	20
2	38	16
2	39	18
2	41	12
2	42	7
2	44	12
2	46	12
2	47	14
2	49	13
2	50	10
2	52	17
2	54	4
2	55	11
2	57	9
2	58	5
2	60	8
2	61	6
2	63	12
2	65	5
2	66	10
2	68	8
2	69	4
2	71	5
2	73	4
2	74	6
2	76	4
2	77	4
2	79	11
2	81	2
2	82	4
2	84	1
2	85	5
2	87	3
2	88	2
2	90	8
2	92	2
2	93	2
2	95	4
2	96	2
2	98	3
2	100	2
2	101	1
2	103	3
2	104	2
2	106	2
2	108	2
2	109	4
2	111	2
2	112	3
2	114	1
2	115	1
2	120	1
2	122	2
2	127	2
2	133	3
2	135	2
2	141	1
2	144	1
2	146	1
2	147	1
2	155	1
2	162	1
2	168	1
2	179	1
3	0	342
3	1	72
3	2	61
3	3	74
3	4	29
3	6	65
3	7	36
3	9	29
3	10	54
3	12	27
3	13	55
3	14	18
3	16	39
3	17	16
3	19	22
3	20	34
3	22	39
3	23	23
3	25	29
3	27	20
3	28	34
3	30	20
3	31	25
3	33	41
3	34	21
3	36	27
3	38	17
3	39	27
3	41	26
3	42	11
3	44	33
3	46	9
3	47	21
3	49	17
3	50	9
3	52	12
3	54	15
3	55	12
3	57	15
3	58	20
3	60	12
3	61	13
3	63	15
3	65	5
3	66	12
3	68	7
3	69	11
3	71	9
3	73	4
3	74	15
3	76	14
3	77	4
3	79	13
3	81	4
3	82	5
3	84	3
3	85	14
3	87	7
3	88	1
3	90	13
3	92	7
3	93	6
3	95	10
3	96	2
3	98	2
3	100	5
3	101	9
3	103	5
3	104	1
3	106	7
3	108	3
3	109	4
3	111	3
3	112	9
3	114	6
3	115	3
3	117	1
3	119	3
3	120	5
3	122	6
3	123	3
3	125	2
3	127	3
3	128	2
3	130	2
3	131	1
3	133	3
3	135	1
3	136	3
3	138	1
3	139	1
3	141	4
3	142	2
3	144	3
3	147	4
3	149	1
3	150	1
3	152	2
3	154	1
3	166	1
3	169	2
3	171	1
3	173	1
3	174	1
3	176	1
3	211	1
3	214	1
4	0	210
4	1	80
4	2	39
4	3	62
4	4	32
4	6	59
4	7	22
4	9	25
4	10	40
4	12	27
4	13	44
4	14	26
4	16	42
4	17	25
4	19	32
4	20	40
4	22	45
4	23	25
4	25	40
4	27	18
4	28	24
4	30	11
4	31	42
4	33	34
4	34	14
4	36	29
4	38	17
4	39	26
4	41	35
4	42	13
4	44	23
4	46	13
4	47	26
4	49	27
4	50	16
4	52	18
4	54	12
4	55	29
4	57	8
4	58	24
4	60	17
4	61	11
4	63	20
4	65	10
4	66	10
4	68	18
4	69	7
4	71	12
4	73	9
4	74	13
4	76	15
4	77	3
4	79	9
4	81	6
4	82	16
4	84	8
4	85	16
4	87	11
4	88	6
4	90	11
4	92	9
4	93	10
4	95	8
4	96	4
4	98	9
4	100	3
4	101	5
4	103	6
4	104	7
4	106	10
4	108	2
4	109	6
4	111	5
4	112	11
4	114	8
4	115	2
4	117	10
4	119	5
4	120	5
4	122	8
4	123	7
4	125	3
4	127	3
4	128	3
4	130	8
4	131	1
4	133	4
4	136	8
4	138	1
4	139	2
4	141	4
4	142	1
4	144	2
4	146	1
4	147	2
4	149	4
4	152	3
4	155	1
4	157	8
4	160	4
4	162	1
4	165	1
4	166	2
4	169	2
4	171	2
4	174	1
4	177	1
4	181	3
4	184	1
4	187	1
4	201	2
5	0	140
5	1	50
5	2	32
5	3	46
5	4	23
5	6	52
5	7	17
5	9	32
5	10	42
5	12	19
5	13	50
5	14	28
5	16	40
5	17	36
5	19	18
5	20	42
5	22	46
5	23	20
5	25	37
5	27	17
5	28	29
5	30	12
5	31	29
5	33	33
5	34	12
5	36	33
5	38	11
5	39	23
5	41	29
5	42	10
5	44	33
5	46	10
5	47	32
5	49	21
5	50	13
5	52	30
5	54	13
5	55	31
5	57	14
5	58	33
5	60	23
5	61	14
5	63	23
5	65	9
5	66	22
5	68	13
5	69	13
5	71	23
5	73	16
5	74	15
5	76	22
5	77	11
5	79	21
5	81	6
5	82	17
5	84	8
5	85	13
5	87	19
5	88	4
5	90	11
5	92	3
5	93	14
5	95	4
5	96	7
5	98	6
5	100	7
5	101	14
5	103	12
5	104	2
5	106	11
5	108	1
5	109	8
5	111	8
5	112	5
5	114	8
5	115	6
5	117	12
5	119	6
5	120	4
5	122	6
5	123	7
5	125	5
5	127	2
5	128	7
5	130	7
5	131	2
5	133	10
5	135	4
5	136	5
5	138	2
5	139	3
5	141	7
5	142	1
5	144	4
5	146	4
5	147	4
5	149	5
5	150	2
5	152	3
5	154	4
5	155	6
5	157	1
5	158	1
5	160	5
5	162	2
5	163	5
5	165	1
5	168	2
5	169	1
5	171	1
5	174	3
5	176	1
5	177	1
5	179	1
5	181	1
5	182	3
5	184	1
5	187	1
5	190	4
5	192	1
5	193	2
5	195	3
5	198	1
5	211	1
6	0	88
6	1	38
6	2	34
6	3	39
6	4	14
6	6	47
6	7	18
6	9	23
6	10	40
6	12	11
6	13	32
6	14	17
6	16	35
6	17	24
6	19	22
6	20	29
6	22	40
6	23	17
6	25	38
6	27	13
6	28	44
6	30	17
6	31	30
6	33	31
6	34	10
6	36	23
6	38	16
6	39	21
6	41	38
6	42	18
6	44	31
6	46	13
6	47	26
6	49	28
6	50	19
6	52	29
6	54	16
6	55	34
6	57	18
6	58	17
6	60	21
6	61	14
6	63	21
6	65	13
6	66	26
6	68	23
6	69	8
6	71	30
6	73	10
6	74	21
6	76	25
6	77	14
6	79	22
6	81	4
6	82	17
6	84	7
6	85	14
6	87	17
6	88	4
6	90	13
6	92	11
6	93	16
6	95	19
6	96	6
6	98	12
6	100	2
6	101	14
6	103	22
6	104	7
6	106	27
6	108	5
6	109	10
6	111	5
6	112	10
6	114	14
6	115	4
6	117	15
6	119	11
6	120	5
6	122	8
6	123	3
6	125	8
6	127	3
6	128	10
6	130	5
6	131	2
6	133	13
6	135	6
6	136	5
6	138	4
6	139	7
6	141	11
6	142	4
6	144	6
6	146	4
6	147	6
6	149	6
6	150	1
6	152	10
6	154	1
6	155	7
6	157	4
6	158	1
6	160	2
6	162	2
6	163	3
6	165	2
6	166	3
6	168	5
6	169	2
6	171	4
6	173	1
6	174	4
6	176	2
6	177	1
6	179	2
6	182	2
6	184	2
6	185	1
6	187	1
6	189	1
6	195	1
6	198	1
6	203	2
6	204	1
6	208	1
6	211	4
6	212	1
7	0	48
7	1	33
7	2	15
7	3	35
7	4	16
7	6	32
7	7	13
7	9	11
7	10	32
7	12	14
7	13	39
7	14	16
7	16	36
7	17	12
7	19	9
7	20	30
7	22	31
7	23	16
7	25	30
7	27	13
7	28	19
7	30	7
7	31	23
7	33	33
7	34	17
7	36	28
7	38	10
7	39	23
7	41	40
7	42	12
7	44	35
7	46	12
7	47	30
7	49	27
7	50	11
7	52	34
7	54	17
7	55	27
7	57	19
7	58	33
7	60	17
7	61	8
7	63	22
7	65	6
7	66	20
7	68	28
7	69	20
7	71	27
7	73	8
7	74	23
7	76	22
7	77	5
7	79	23
7	81	10
7	82	22
7	84	9
7	85	22
7	87	23
7	88	2
7	90	22
7	92	16
7	93	17
7	95	17
7	96	12
7	98	17
7	100	8
7	101	13
7	103	15
7	104	5
7	106	13
7	108	7
7	109	15
7	111	8
7	112	18
7	114	9
7	115	6
7	117	14
7	119	8
7	120	15
7	122	18
7	123	7
7	125	15
7	127	9
7	128	10
7	130	9
7	131	8
7	133	9
7	135	2
7	136	8
7	138	5
7	139	14
7	141	11
7	142	5
7	144	4
7	146	5
7	147	12
7	149	8
7	150	6
7	152	10
7	154	2
7	155	8
7	157	3
7	158	6
7	160	8
7	162	6
7	163	4
7	165	2
7	166	14
7	168	5
7	169	3
7	171	7
7	173	5
7	174	9
7	176	5
7	177	4
7	179	4
7	181	2
7	182	1
7	184	3
7	185	4
7	187	3
7	189	3
7	190	6
7	193	7
7	195	2
7	196	1
7	201	3
7	208	3
7	209	1
7	211	2
7	214	1
8	0	31
8	1	15
8	2	8
8	3	23
8	4	19
8	6	27
8	7	12
8	9	8
8	10	35
8	12	13
8	13	31
8	14	18
8	16	25
8	17	13
8	19	24
8	20	25
8	22	24
8	23	10
8	25	25
8	27	13
8	28	16
8	30	9
8	31	26
8	33	26
8	34	9
8	36	33
8	38	9
8	39	24
8	41	21
8	42	9
8	44	27
8	46	22
8	47	28
8	49	21
8	50	12
8	52	19
8	54	10
8	55	36
8	57	13
8	58	20
8	60	21
8	61	14
8	63	24
8	65	12
8	66	29
8	68	21
8	69	9
8	71	20
8	73	9
8	74	25
8	76	24
8	77	7
8	79	27
8	81	5
8	82	22
8	84	9
8	85	19
8	87	25
8	88	7
8	90	18
8	92	5
8	93	19
8	95	23
8	96	12
8	98	15
8	100	12
8	101	22
8	103	17
8	104	10
8	106	26
8	108	13
8	109	17
8	111	14
8	112	12
8	114	15
8	115	7
8	117	18
8	119	8
8	120	12
8	122	10
8	123	9
8	125	19
8	127	12
8	128	15
8	130	13
8	131	6
8	133	12
8	135	6
8	136	17
8	138	6
8	139	16
8	141	14
8	142	6
8	144	8
8	146	7
8	147	16
8	149	11
8	150	8
8	152	12
8	154	7
8	155	12
8	157	10
8	158	3
8	160	10
8	162	3
8	163	11
8	165	5
8	166	10
8	168	9
8	169	2
8	171	10
8	173	5
8	174	9
8	176	5
8	177	8
8	179	9
8	181	2
8	182	6
8	184	4
8	185	2
8	187	3
8	190	5
8	192	2
8	193	2
8	195	8
8	196	3
8	198	4
8	200	1
8	201	3
8	203	3
8	204	1
8	206	1
8	208	1
8	211	4
8	214	2
8	216	2
9	0	12
9	1	5
9	2	5
9	3	22
9	4	2
9	6	11
9	7	2
9	9	7
9	10	9
9	12	6
9	13	25
9	14	6
9	16	18
9	17	4
9	19	5
9	20	14
9	22	21
9	23	12
9	25	17
9	27	10
9	28	21
9	30	13
9	31	24
9	33	17
9	34	4
9	36	17
9	38	14
9	39	16
9	41	35
9	42	10
9	44	26
9	46	15
9	47	18
9	49	26
9	50	15
9	52	19
9	54	12
9	55	32
9	57	8
9	58	27
9	60	30
9	61	6
9	63	19
9	65	12
9	66	27
9	68	23
9	69	16
9	71	20
9	73	12
9	74	31
9	76	23
9	77	11
9	79	26
9	81	9
9	82	17
9	84	10
9	85	34
9	87	27
9	88	6
9	90	23
9	92	6
9	93	18
9	95	17
9	96	8
9	98	18
9	100	7
9	101	30
9	103	22
9	104	13
9	106	18
9	108	3
9	109	20
9	111	4
9	112	21
9	114	21
9	115	9
9	117	18
9	119	8
9	120	19
9	122	26
9	123	7
9	125	17
9	127	6
9	128	11
9	130	21
9	131	6
9	133	30
9	135	6
9	136	27
9	138	14
9	139	11
9	141	19
9	142	10
9	144	15
9	146	7
9	147	8
9	149	15
9	150	10
9	152	14
9	154	7
9	155	14
9	157	13
9	158	13
9	160	16
9	162	3
9	163	12
9	165	2
9	166	18
9	168	17
9	169	5
9	171	11
9	173	4
9	174	13
9	176	15
9	177	8
9	179	14
9	181	2
9	182	10
9	184	11
9	185	5
9	187	10
9	189	1
9	190	6
9	192	3
9	193	4
9	195	7
9	196	3
9	198	5
9	200	2
9	201	8
9	203	3
9	204	2
9	206	4
9	208	1
9	209	4
9	211	5
9	212	1
9	214	8
9	216	8
10	0	9
10	1	4
10	2	1
10	3	2
10	4	1
10	6	4
10	7	1
10	9	4
10	10	3
10	12	1
10	13	2
10	14	2
10	16	8
10	17	6
10	19	5
10	20	6
10	22	6
10	23	2
10	25	9
10	27	4
10	28	10
10	30	1
10	31	10
10	33	11
10	34	1
10	36	11
10	38	6
10	39	14
10	41	5
10	42	4
10	44	9
10	46	3
10	47	13
10	49	13
10	50	12
10	52	20
10	54	5
10	55	15
10	57	8
10	58	15
10	60	20
10	61	8
10	63	25
10	65	4
10	66	13
10	68	10
10	69	12
10	71	25
10	73	5
10	74	9
10	76	9
10	77	8
10	79	22
10	81	10
10	82	19
10	84	7
10	85	19
10	87	22
10	88	11
10	90	18
10	92	11
10	93	23
10	95	23
10	96	9
10	98	20
10	100	12
10	101	17
10	103	17
10	104	6
10	106	18
10	108	12
10	109	9
10	111	11
10	112	17
10	114	24
10	115	13
10	117	19
10	119	11
10	120	25
10	122	16
10	123	14
10	125	26
10	127	13
10	128	27
10	130	16
10	131	11
10	133	28
10	135	6
10	136	10
10	138	5
10	139	25
10	141	17
10	142	9
10	144	28
10	146	11
10	147	32
10	149	22
10	150	13
10	152	20
10	154	15
10	155	25
10	157	31
10	158	13
10	160	11
10	162	11
10	163	21
10	165	11
10	166	16
10	168	29
10	169	10
10	171	27
10	173	10
10	174	14
10	176	22
10	177	13
10	179	13
10	181	10
10	182	13
10	184	23
10	185	9
10	187	21
10	189	8
10	190	19
10	192	4
10	193	20
10	195	23
10	196	7
10	198	13
10	200	8
10	201	13
10	203	9
10	204	8
10	206	14
10	208	8
10	209	13
10	211	14
10	212	12
10	214	21
10	216	53
