n_matched
600989
243976
354964
140941
121869
258385
113679
242913
175736
176151
161887
163957
158286
151430
136071
10
99348
41758
56368
22377
19858
42760
17632
40755
28941
28958
26899
27754
27110
26933
26611
67347
29498
40323
16040
14561
30797
12954
27993
19507
20588
18829
19289
19399
19359
18829
1
50329
21869
30995
12020
11143
23609
9071
20706
15397
14687
15029
14761
14839
15127
14336
1
43207
16820
24894
10072
8267
18603
7226
16608
11994
12394
11141
12506
12325
12038
11791
1
66758
27640
42034
16560
15087
28529
11800
26527
18551
18630
18556
19393
18496
20377
19456
3
51283
20489
30854
13624
11218
23639
9182
20911
15018
15454
13575
14935
15369
15449
15243
2
43863
17092
25940
9780
8909
20051
7558
16718
11772
12269
12569
12379
13322
12790
13105
37154
15334
22031
9457
8259
17805
6609
14950
9969
10963
10632
10834
10842
11282
11463
4
32720
13655
19814
8044
7440
15035
5648
12705
9482
9521
9274
9900
9532
9309
9972
3
28833
12283
18268
7746
6839
12249
5163
13183
8417
8637
7973
8421
9472
9847
9804
2
26568
11897
16716
6328
5626
11714
4453
10692
7376
8061
7466
7992
8545
8500
9013
3
25945
11308
15379
6228
6195
10857
3789
9920
7124
7723
7544
7705
7287
8260
8330
1
23479
10114
13818
6571
5495
9637
3398
9029
6655
7351
6866
7635
7250
7488
7656
22884
9818
13385
6413
4796
9815
4026
8812
6475
7140
6519
6476
6767
7293
7235
2
20654
9347
12274
5459
4920
9097
3295
8387
6019
6227
6365
6716
6180
6718
6910
1
19637
8321
12611
5659
4238
8408
3071
7600
5786
6012
5752
5916
6081
6791
6764
18892
7558
10698
5728
4007
8183
2841
7939
5223
5725
5103
5719
5545
6240
6567
19287
7649
10675
5053
3486
7990
3120
7207
5424
5897
5296
5878
5415
5975
6022
16840
7689
10904
4468
3580
8013
3257
6991
5087
5687
5129
5460
4989
5306
5744
16121
7026
10836
4325
3873
7790
2933
6521
4655
5336
5217
5046
5203
5177
5389
15986
7197
9686
3591
3748
6882
2927
6380
5102
4908
4854
4982
5211
5142
5248
29642
13026
19262
7260
7381
13041
5151
12592
8977
9476
8967
9767
9371
9572
10589
1
27675
11853
17518
7719
6855
12424
5228
11987
7988
9089
8752
8681
8769
9410
9527
27925
11188
16489
7284
6225
12436
4633
10097
7018
7487
8862
8863
8242
8589
9179
2
25044
11189
16228
6915
5769
11061
3840
10696
7689
7429
7474
8151
8200
8143
8987
23107
10993
15432
6074
5090
10071
4085
9151
6949
7455
6851
7779
7517
7931
8455
1
22403
9934
14533
5901
4669
10193
3959
9623
6922
6748
6509
7292
7506
7429
8097
21668
9131
13330
5706
4667
9872
3609
9397
6281
6140
6420
6976
7109
7157
7439
21518
8186
12008
5490
4561
8630
3681
8434
6093
6134
6033
6619
6238
7368
7703
21203
8375
11522
5642
4365
9287
3492
7920
5638
6088
5912
6645
6016
6731
7092
1
20248
8091
11240
4876
4377
9365
3085
8072
5820
5497
5221
6049
6005
6605
7102
18837
7644
11456
4158
3529
8207
3214
6782
5266
5553
5281
5893
6050
6191
6498
17844
7502
10061
4480
3336
8105
2877
7207
5077
5158
4989
5453
5471
5760
5764
17691
7181
10081
4404
3725
8487
3049
6659
5527
5569
5399
5659
5600
5753
5812
16961
7344
9768
4722
3532
7533
3086
6153
4460
4961
4716
5505
4884
5321
5828
15686
6926
9769
4257
3469
7308
2519
6562
4689
5057
4823
4791
4799
5512
5561
15076
6986
9087
3345
3442
6474
2422
6200
4273
4921
4849
4728
4850
5244
5280
15068
6626
8993
3907
3312
7315
2416
5777
4156
4793
4288
5066
4330
4641
5193
14878
6108
8790
3472
2870
6653
2689
6093
4472
4459
4635
5027
4302
4696
4895
13677
6011
8033
3220
2591
6378
2541
6189
3807
3873
4277
4258
4401
4652
4873
13130
5925
8943
3051
2868
5694
2188
5506
4226
4087
4461
4450
4862
4571
4783
13451
5382
8108
4099
2911
6571
2255
5234
3744
3965
3722
4321
4214
4554
4700
14201
5488
7744
3375
2722
5703
2132
5611
3334
4182
4035
3949
3789
4202
4448
12059
5004
8314
3072
2999
5247
1984
5002
4003
3909
3513
4082
3957
4124
4514
12308
5793
7427
3289
2852
5666
1964
5581
3598
3717
3660
3901
3886
4181
4250
1
11734
4977
7522
3161
2883
5694
1890
5136
3775
3691
3356
3698
3985
4228
4312
12007
5190
7362
2749
2481
4625
1877
4497
3406
3508
3300
3524
3638
3718
4156
1
11299
4761
7247
2676
2718
5071
1531
4531
3863
3239
3582
3797
3451
3763
4268
11501
4788
6843
2680
2576
4944
1757
4317
2993
3368
3597
3699
3561
3630
4034
10951
4509
7265
2453
2747
5180
1933
4909
3449
3973
3488
3267
3416
3638
4002
11366
4470
7819
2249
2471
4615
1520
4252
3356
3426
3167
3427
3430
3440
3980
10428
4454
7307
2412
2376
4486
1759
4897
3269
3585
3402
3415
3547
3390
3767
1
11461
4181
6667
3009
2047
4859
1924
4175
3441
3416
3233
3398
3190
3727
3950
1
11438
4258
6637
2730
1974
4714
1541
4017
2874
3171
3078
3342
3373
3996
4067
11884
5186
6771
2950
2339
5273
1551
4290
3221
3759
3605
3715
3511
3811
3903
1
11354
5046
7358
2612
2272
5118
1669
4260
3081
3773
3638
3685
3599
3946
3826
11642
4630
7463
2631
2480
5096
2139
5297
3280
3685
3124
3231
4083
4065
4132
5
12790
4849
7767
2581
2795
6127
1724
4983
3499
3952
3667
4002
3737
4116
4052
13869
5367
8632
2988
2666
6624
2233
5246
4155
4364
3928
4413
4845
4786
4564
17137
6198
10419
4193
3390
7606
2608
6614
5127
4697
5083
5273
5124
5481
5635
31941
13116
20403
7290
6030
14434
6220
13686
9915
9811
9222
10516
9990
10370
10147
1
146
52
96
49
35
75
46
66
54
52
46
43
25
27
13
4
1
2
2
3
2
4
2
