UKB_sparse_bin	CHB_bin	UKB_WBfreq
0	0	67064
0	1	3718
0	2	2364
0	4	608
0	5	504
0	7	396
0	8	513
0	10	380
0	11	1107
0	13	110
0	14	508
0	15	121
0	17	472
0	18	57
0	20	77
0	21	369
0	22	40
0	24	198
0	26	97
0	27	257
0	29	265
0	30	122
0	32	176
0	34	167
0	35	132
0	37	57
0	38	374
0	40	172
0	41	257
0	43	117
0	45	32
0	46	271
0	48	95
0	49	18
0	51	48
0	53	93
0	54	11
0	56	120
0	57	320
0	59	150
0	61	34
0	62	68
0	65	27
0	67	95
0	70	204
0	73	61
0	78	37
0	86	61
0	87	18
0	99	61
0	100	61
0	108	18
1	0	35172212
1	1	3526169
1	2	1844940
1	4	1266563
1	5	568454
1	7	537441
1	8	939306
1	10	431119
1	11	793369
1	13	343409
1	14	742291
1	15	317592
1	17	595898
1	18	304837
1	20	274291
1	21	484311
1	22	235218
1	24	438747
1	26	202532
1	27	384164
1	29	348685
1	30	181391
1	32	316041
1	34	146248
1	35	285910
1	37	251813
1	38	131377
1	40	247842
1	41	113676
1	43	205856
1	45	106988
1	46	194343
1	48	174280
1	49	86303
1	51	149919
1	53	73281
1	54	144702
1	56	130066
1	57	77055
1	59	117145
1	61	51658
1	62	103437
1	64	49558
1	65	91721
1	67	87052
1	68	43811
1	70	69235
1	72	29806
1	73	55140
1	75	56796
1	76	30717
1	78	55734
1	80	29659
1	81	49801
1	83	20986
1	84	39499
1	86	39518
1	87	21123
1	89	41331
1	91	17749
1	92	28662
1	94	29855
1	95	15308
1	97	27268
1	99	15620
1	100	21189
1	102	10161
1	103	20684
1	105	20614
1	106	8696
1	108	14999
1	110	7138
1	111	15953
1	113	11653
1	114	4832
1	116	11000
1	118	3876
1	119	8137
1	121	8999
1	122	5349
1	124	6287
1	125	3099
1	127	9279
1	129	2430
1	130	4393
1	132	6606
1	133	2978
1	135	5969
1	137	3082
1	138	4330
1	140	4051
1	141	1803
1	143	4208
1	144	1527
1	146	6752
1	148	1443
1	149	5811
1	151	3269
1	152	642
1	154	3357
1	156	1066
1	157	2260
1	159	2373
1	160	125
1	162	378
1	164	64
1	165	168
1	167	101
1	168	432
1	170	313
1	171	11
1	173	100
1	175	110
1	176	198
1	178	169
1	179	19
1	181	6
1	183	186
1	184	45
1	186	26
1	187	93
1	189	23
1	192	36
1	195	18
1	197	9
1	198	15
1	203	61
1	205	61
1	206	17
2	0	7247700
2	1	2078951
2	2	1384195
2	4	973418
2	5	458810
2	7	416468
2	8	753394
2	10	382451
2	11	677554
2	13	306599
2	14	610882
2	15	305927
2	17	611330
2	18	274154
2	20	265365
2	21	543889
2	22	249042
2	24	490179
2	26	222819
2	27	450181
2	29	422721
2	30	195392
2	32	376066
2	34	184424
2	35	338073
2	37	310633
2	38	162819
2	40	293646
2	41	152737
2	43	273129
2	45	130083
2	46	264494
2	48	240735
2	49	126717
2	51	233815
2	53	110195
2	54	213243
2	56	190536
2	57	88730
2	59	184268
2	61	96809
2	62	169598
2	64	80742
2	65	164629
2	67	147980
2	68	72185
2	70	132339
2	72	57685
2	73	115912
2	75	105255
2	76	51148
2	78	103373
2	80	49408
2	81	89885
2	83	44343
2	84	86964
2	86	80480
2	87	41740
2	89	71877
2	91	35203
2	92	66520
2	94	64906
2	95	32955
2	97	54083
2	99	29601
2	100	41967
2	102	21220
2	103	45030
2	105	40482
2	106	18684
2	108	38842
2	110	15670
2	111	32380
2	113	30011
2	114	11470
2	116	26891
2	118	10342
2	119	19612
2	121	21377
2	122	9011
2	124	18153
2	125	7805
2	127	15743
2	129	7400
2	130	13341
2	132	14000
2	133	8455
2	135	13576
2	137	3944
2	138	6935
2	140	7981
2	141	4332
2	143	7381
2	144	2499
2	146	10590
2	148	2512
2	149	5836
2	151	6520
2	152	3923
2	154	3702
2	156	1793
2	157	3026
2	159	3632
2	160	1299
2	162	3778
2	164	1950
2	165	3228
2	167	1007
2	168	3153
2	170	1966
2	171	883
2	173	2694
2	175	765
2	176	1684
2	178	1649
2	179	175
2	181	1095
2	183	560
2	184	520
2	186	132
2	187	165
2	189	139
2	190	171
2	194	12
2	195	26
2	197	38
2	200	271
2	206	100
3	0	1945635
3	1	955400
3	2	768506
3	4	568338
3	5	258866
3	7	246419
3	8	475509
3	10	244257
3	11	475428
3	13	227762
3	14	450227
3	15	229447
3	17	390689
3	18	196652
3	20	192491
3	21	381309
3	22	188876
3	24	378069
3	26	192935
3	27	375275
3	29	345999
3	30	166861
3	32	316388
3	34	168536
3	35	303959
3	37	294112
3	38	135089
3	40	270878
3	41	142103
3	43	261466
3	45	132735
3	46	228717
3	48	228719
3	49	111343
3	51	230822
3	53	111484
3	54	199020
3	56	191858
3	57	98683
3	59	206668
3	61	97004
3	62	186986
3	64	89791
3	65	162146
3	67	151890
3	68	73218
3	70	143481
3	72	73274
3	73	143798
3	75	140965
3	76	62453
3	78	118364
3	80	62341
3	81	126685
3	83	67930
3	84	112042
3	86	104360
3	87	44348
3	89	87001
3	91	47522
3	92	97609
3	94	81637
3	95	43657
3	97	72198
3	99	35055
3	100	68503
3	102	33099
3	103	58364
3	105	59458
3	106	30482
3	108	51092
3	110	25196
3	111	55095
3	113	49203
3	114	22549
3	116	44109
3	118	20574
3	119	38317
3	121	31387
3	122	16737
3	124	29888
3	125	14629
3	127	35464
3	129	11631
3	130	23939
3	132	21950
3	133	10344
3	135	18186
3	137	8625
3	138	17385
3	140	15548
3	141	7218
3	143	14012
3	144	6127
3	146	12419
3	148	5120
3	149	13028
3	151	10478
3	152	4810
3	154	12095
3	156	4535
3	157	12113
3	159	7908
3	160	2715
3	162	4527
3	164	4713
3	165	4698
3	167	2948
3	168	5280
3	170	4187
3	171	1329
3	173	4642
3	175	519
3	176	2368
3	178	1449
3	179	883
3	181	3558
3	183	1483
3	184	1600
3	186	264
3	187	923
3	189	1978
3	190	415
3	192	409
3	194	34
3	195	328
3	197	132
3	198	23
3	200	262
3	202	93
3	203	92
3	205	12
3	206	50
4	0	1233716
4	1	866422
4	2	858695
4	4	670450
4	5	310824
4	7	292528
4	8	579319
4	10	282583
4	11	553921
4	13	292121
4	14	532982
4	15	268745
4	17	536748
4	18	248448
4	20	251039
4	21	562119
4	22	264920
4	24	510711
4	26	268732
4	27	505275
4	29	483917
4	30	261751
4	32	485713
4	34	235501
4	35	456804
4	37	448780
4	38	245416
4	40	424545
4	41	209286
4	43	433274
4	45	193712
4	46	408135
4	48	383916
4	49	192685
4	51	377551
4	53	182148
4	54	364819
4	56	352792
4	57	178254
4	59	345270
4	61	163973
4	62	347866
4	64	175646
4	65	321056
4	67	305546
4	68	151676
4	70	275690
4	72	143073
4	73	265046
4	75	261055
4	76	133214
4	78	261778
4	80	122032
4	81	253372
4	83	116613
4	84	244482
4	86	224144
4	87	113248
4	89	234460
4	91	100610
4	92	206353
4	94	199244
4	95	84753
4	97	159926
4	99	87950
4	100	176838
4	102	84030
4	103	165578
4	105	163866
4	106	74615
4	108	135593
4	110	67748
4	111	133925
4	113	112931
4	114	57301
4	116	124651
4	118	56476
4	119	88775
4	121	89771
4	122	39005
4	124	84955
4	125	42884
4	127	84263
4	129	48811
4	130	89914
4	132	75692
4	133	38366
4	135	72315
4	137	25959
4	138	58120
4	140	52001
4	141	27678
4	143	46485
4	144	24394
4	146	45594
4	148	20830
4	149	42380
4	151	39259
4	152	20156
4	154	31724
4	156	20197
4	157	37092
4	159	32862
4	160	17246
4	162	23679
4	164	8935
4	165	27157
4	167	11060
4	168	24686
4	170	16089
4	171	6599
4	173	8957
4	175	7343
4	176	7723
4	178	8654
4	179	3878
4	181	7030
4	183	1385
4	184	5237
4	186	1442
4	187	3616
4	189	6187
4	190	640
4	192	1598
4	194	1984
4	195	5740
4	197	2448
4	198	182
4	200	1447
4	202	134
4	203	325
4	205	77
4	206	173
5	0	501476
5	1	474848
5	2	515030
5	4	418054
5	5	194963
5	7	179418
5	8	393679
5	10	175251
5	11	352265
5	13	163411
5	14	349560
5	15	184232
5	17	346403
5	18	183158
5	20	181146
5	21	383980
5	22	184999
5	24	337359
5	26	186013
5	27	387128
5	29	395416
5	30	191879
5	32	393733
5	34	211930
5	35	386576
5	37	385091
5	38	191268
5	40	380907
5	41	183127
5	43	381399
5	45	175113
5	46	365298
5	48	381826
5	49	185973
5	51	353240
5	53	170327
5	54	359105
5	56	330736
5	57	158585
5	59	311027
5	61	157638
5	62	312349
5	64	152993
5	65	316779
5	67	306167
5	68	142138
5	70	277738
5	72	148597
5	73	286793
5	75	279339
5	76	115216
5	78	255914
5	80	129276
5	81	270543
5	83	126368
5	84	295258
5	86	260458
5	87	130892
5	89	255077
5	91	110375
5	92	221844
5	94	202472
5	95	102119
5	97	220823
5	99	104062
5	100	206499
5	102	90385
5	103	180306
5	105	177934
5	106	86367
5	108	172665
5	110	89032
5	111	147603
5	113	151233
5	114	67421
5	116	137495
5	118	75033
5	119	131404
5	121	140301
5	122	56541
5	124	114218
5	125	66012
5	127	118876
5	129	51140
5	130	108735
5	132	100483
5	133	42889
5	135	95478
5	137	48716
5	138	78720
5	140	101876
5	141	41749
5	143	68895
5	144	31481
5	146	61970
5	148	28117
5	149	57823
5	151	53979
5	152	22685
5	154	36436
5	156	22416
5	157	62303
5	159	36531
5	160	18610
5	162	32379
5	164	14473
5	165	31993
5	167	16178
5	168	27978
5	170	36595
5	171	13501
5	173	20266
5	175	6202
5	176	14446
5	178	14107
5	179	6705
5	181	17836
5	183	5556
5	184	10693
5	186	6853
5	187	9513
5	189	7452
5	190	1566
5	192	3082
5	194	2479
5	195	5545
5	197	3780
5	198	1429
5	200	8758
5	202	3918
5	203	3171
5	205	244
5	206	422
6	0	192844
6	1	227426
6	2	306145
6	4	224968
6	5	123209
6	7	107328
6	8	214872
6	10	104468
6	11	233026
6	13	112883
6	14	197118
6	15	111617
6	17	268546
6	18	111726
6	20	122089
6	21	251593
6	22	115437
6	24	280025
6	26	126232
6	27	263604
6	29	263065
6	30	128741
6	32	271764
6	34	133798
6	35	278819
6	37	286340
6	38	145489
6	40	298329
6	41	139145
6	43	298202
6	45	155726
6	46	292628
6	48	302770
6	49	131018
6	51	278248
6	53	144937
6	54	315776
6	56	311617
6	57	129303
6	59	291398
6	61	143543
6	62	306155
6	64	138988
6	65	302367
6	67	285346
6	68	132405
6	70	275122
6	72	139940
6	73	260789
6	75	280397
6	76	134457
6	78	285917
6	80	142429
6	81	286072
6	83	118450
6	84	240618
6	86	251057
6	87	117614
6	89	253043
6	91	121025
6	92	254984
6	94	233500
6	95	104205
6	97	223341
6	99	126005
6	100	226542
6	102	131304
6	103	199802
6	105	225782
6	106	106942
6	108	190898
6	110	94420
6	111	199277
6	113	174809
6	114	89896
6	116	163406
6	118	80297
6	119	171489
6	121	176059
6	122	73957
6	124	147003
6	125	77252
6	127	145402
6	129	56081
6	130	120727
6	132	128396
6	133	59491
6	135	130809
6	137	57584
6	138	120967
6	140	99090
6	141	49173
6	143	106155
6	144	50358
6	146	88159
6	148	38089
6	149	81294
6	151	72809
6	152	36882
6	154	64558
6	156	34233
6	157	65304
6	159	55887
6	160	26706
6	162	55699
6	164	25936
6	165	53463
6	167	19596
6	168	39585
6	170	42241
6	171	20676
6	173	38502
6	175	18640
6	176	32250
6	178	23253
6	179	14320
6	181	21026
6	183	9656
6	184	14208
6	186	8106
6	187	18183
6	189	13000
6	190	6056
6	192	17275
6	194	7726
6	195	16579
6	197	9634
6	198	4449
6	200	7590
6	202	3730
6	203	5810
6	205	1579
6	206	730
7	0	74197
7	1	72389
7	2	141465
7	4	121418
7	5	55437
7	7	43012
7	8	106895
7	10	72075
7	11	140524
7	13	55960
7	14	135460
7	15	58578
7	17	146224
7	18	70703
7	20	77119
7	21	134118
7	22	76228
7	24	162973
7	26	78857
7	27	149016
7	29	155179
7	30	89762
7	32	170246
7	34	94713
7	35	184632
7	37	197428
7	38	94711
7	40	199529
7	41	103301
7	43	208001
7	45	112500
7	46	205315
7	48	226001
7	49	93090
7	51	215409
7	53	107464
7	54	200141
7	56	207992
7	57	108548
7	59	217954
7	61	112924
7	62	230729
7	64	117249
7	65	239276
7	67	241380
7	68	110378
7	70	227492
7	72	115486
7	73	224883
7	75	240493
7	76	130546
7	78	249545
7	80	111540
7	81	229896
7	83	116668
7	84	252641
7	86	229392
7	87	118306
7	89	248650
7	91	108715
7	92	215657
7	94	234205
7	95	106307
7	97	226156
7	99	108274
7	100	211876
7	102	110983
7	103	224425
7	105	200156
7	106	115399
7	108	221085
7	110	107533
7	111	175100
7	113	201159
7	114	95843
7	116	161812
7	118	85521
7	119	197760
7	121	164133
7	122	80222
7	124	176962
7	125	79752
7	127	166331
7	129	72800
7	130	169382
7	132	142320
7	133	77473
7	135	153806
7	137	72658
7	138	155916
7	140	131848
7	141	71301
7	143	128631
7	144	59765
7	146	128951
7	148	60215
7	149	135118
7	151	116084
7	152	50403
7	154	107076
7	156	44097
7	157	98587
7	159	111361
7	160	48650
7	162	83900
7	164	45690
7	165	76009
7	167	39951
7	168	77028
7	170	69372
7	171	24066
7	173	53789
7	175	22379
7	176	66719
7	178	64194
7	179	25353
7	181	40719
7	183	21878
7	184	42931
7	186	19564
7	187	30747
7	189	29685
7	190	12604
7	192	27741
7	194	22467
7	195	30020
7	197	21834
7	198	7969
7	200	14144
7	202	5967
7	203	15308
7	205	5837
7	206	2683
8	0	17737
8	1	28511
8	2	47390
8	4	42947
8	5	21941
8	7	27569
8	8	63365
8	10	29767
8	11	69774
8	13	31239
8	14	67350
8	15	40725
8	17	68074
8	18	35544
8	20	38749
8	21	70539
8	22	40512
8	24	89638
8	26	44005
8	27	92398
8	29	107444
8	30	49333
8	32	106757
8	34	52295
8	35	104425
8	37	108570
8	38	61152
8	40	113215
8	41	63655
8	43	130432
8	45	82278
8	46	135296
8	48	150673
8	49	69239
8	51	160268
8	53	76223
8	54	156310
8	56	166844
8	57	81461
8	59	147868
8	61	80815
8	62	168094
8	64	78271
8	65	149683
8	67	169602
8	68	80779
8	70	168283
8	72	84852
8	73	181852
8	75	195093
8	76	95457
8	78	185303
8	80	87273
8	81	179260
8	83	91324
8	84	170929
8	86	175042
8	87	90074
8	89	162035
8	91	94303
8	92	188430
8	94	173482
8	95	97959
8	97	194809
8	99	100508
8	100	188510
8	102	105562
8	103	207879
8	105	192629
8	106	86173
8	108	187774
8	110	95159
8	111	177217
8	113	169409
8	114	92223
8	116	190953
8	118	92101
8	119	159935
8	121	171902
8	122	95831
8	124	173162
8	125	83915
8	127	183607
8	129	88636
8	130	179632
8	132	163983
8	133	73861
8	135	153769
8	137	70975
8	138	155728
8	140	143165
8	141	70162
8	143	142591
8	144	72402
8	146	131654
8	148	70945
8	149	135564
8	151	130033
8	152	60417
8	154	125079
8	156	59179
8	157	122057
8	159	113087
8	160	57386
8	162	123047
8	164	54811
8	165	107614
8	167	48742
8	168	103075
8	170	90782
8	171	47312
8	173	82711
8	175	41084
8	176	74290
8	178	67166
8	179	36915
8	181	71409
8	183	32323
8	184	57107
8	186	29928
8	187	55528
8	189	46857
8	190	24058
8	192	51624
8	194	27338
8	195	47665
8	197	34102
8	198	12908
8	200	31992
8	202	16174
8	203	28621
8	205	16257
8	206	8247
9	0	4681
9	1	5410
9	2	18675
9	4	19282
9	5	6488
9	7	5760
9	8	13273
9	10	10064
9	11	20653
9	13	7841
9	14	20206
9	15	10792
9	17	21141
9	18	11924
9	20	13363
9	21	27554
9	22	18488
9	24	37537
9	26	19277
9	27	42718
9	29	47449
9	30	21148
9	32	44895
9	34	21863
9	35	55547
9	37	52166
9	38	26788
9	40	54718
9	41	24233
9	43	65743
9	45	38032
9	46	54143
9	48	60917
9	49	30078
9	51	63570
9	53	34784
9	54	78032
9	56	96552
9	57	50899
9	59	83339
9	61	39759
9	62	100238
9	64	45248
9	65	95364
9	67	107553
9	68	66662
9	70	117572
9	72	49298
9	73	113432
9	75	109830
9	76	51857
9	78	120640
9	80	62061
9	81	133813
9	83	63820
9	84	135900
9	86	151020
9	87	68984
9	89	143605
9	91	71084
9	92	151580
9	94	141356
9	95	84546
9	97	161221
9	99	76633
9	100	159801
9	102	80101
9	103	166014
9	105	168419
9	106	85925
9	108	161671
9	110	80923
9	111	170042
9	113	159415
9	114	77124
9	116	166314
9	118	79517
9	119	166982
9	121	171537
9	122	87946
9	124	186259
9	125	85618
9	127	194772
9	129	87162
9	130	178428
9	132	169931
9	133	90517
9	135	167614
9	137	88974
9	138	176551
9	140	173697
9	141	86837
9	143	183730
9	144	81005
9	146	167535
9	148	80971
9	149	167376
9	151	183160
9	152	86370
9	154	163393
9	156	73190
9	157	187698
9	159	157298
9	160	82732
9	162	160305
9	164	73405
9	165	157645
9	167	75423
9	168	145714
9	170	141549
9	171	80054
9	173	129721
9	175	62469
9	176	131042
9	178	121440
9	179	54904
9	181	132407
9	183	57449
9	184	109760
9	186	48968
9	187	112176
9	189	99512
9	190	42781
9	192	82830
9	194	42659
9	195	88047
9	197	85385
9	198	41084
9	200	67832
9	202	37134
9	203	79264
9	205	47579
9	206	40785
10	0	2214
10	1	348
10	2	1681
10	4	2107
10	5	1554
10	7	494
10	8	1933
10	10	1232
10	11	2165
10	13	860
10	14	2881
10	15	3006
10	17	6346
10	18	1554
10	20	2135
10	21	3768
10	22	2873
10	24	5893
10	26	3703
10	27	8340
10	29	8542
10	30	4080
10	32	10495
10	34	5293
10	35	11076
10	37	12919
10	38	6953
10	40	13906
10	41	9383
10	43	15346
10	45	7507
10	46	16933
10	48	18804
10	49	10424
10	51	22828
10	53	11310
10	54	21892
10	56	20638
10	57	11409
10	59	26860
10	61	12397
10	62	24518
10	64	15236
10	65	32179
10	67	31019
10	68	17373
10	70	37249
10	72	19533
10	73	40040
10	75	40487
10	76	21692
10	78	46476
10	80	22654
10	81	45302
10	83	23466
10	84	47924
10	86	50414
10	87	27457
10	89	59835
10	91	27691
10	92	56940
10	94	63636
10	95	34411
10	97	65828
10	99	35525
10	100	70091
10	102	31337
10	103	83409
10	105	76582
10	106	39769
10	108	80806
10	110	41763
10	111	84457
10	113	87551
10	114	42481
10	116	95779
10	118	46874
10	119	95729
10	121	98682
10	122	52771
10	124	102659
10	125	52898
10	127	105367
10	129	55052
10	130	119555
10	132	117300
10	133	59110
10	135	113345
10	137	60199
10	138	126603
10	140	137782
10	141	70710
10	143	134016
10	144	70552
10	146	143567
10	148	72255
10	149	141550
10	151	141084
10	152	73287
10	154	150552
10	156	76811
10	157	157396
10	159	160745
10	160	75991
10	162	168398
10	164	86402
10	165	170388
10	167	90161
10	168	170357
10	170	172764
10	171	91123
10	173	181192
10	175	89666
10	176	188876
10	178	186526
10	179	100641
10	181	193070
10	183	98675
10	184	198331
10	186	101024
10	187	185495
10	189	208186
10	190	100456
10	192	217133
10	194	99522
10	195	222701
10	197	220186
10	198	104147
10	200	235013
10	202	128632
10	203	311158
10	205	306342
10	206	771505
