UKB_sparse_bin	CHB_bin	UKB_WBfreq
0	0	23992
0	1	1427
0	2	886
0	4	454
0	5	168
0	7	293
0	8	303
0	10	216
0	11	553
0	13	96
0	14	212
0	15	49
0	17	125
0	18	53
0	20	54
0	21	278
0	22	70
0	24	96
0	26	102
0	27	96
0	29	138
0	30	46
0	32	42
0	34	40
0	35	74
0	37	47
0	38	42
0	40	62
0	41	11
0	43	24
0	45	9
0	46	64
0	48	35
0	49	12
0	51	30
0	53	11
0	54	40
0	56	29
0	57	15
0	59	21
0	61	1
0	62	12
0	64	8
0	65	7
0	67	2
0	68	2
0	70	5
0	72	7
0	73	9
0	75	22
0	76	42
0	78	23
0	80	2
0	81	9
0	83	8
0	84	2
0	86	20
0	87	3
0	89	8
0	91	4
0	94	1
0	95	1
0	97	5
0	99	6
0	100	3
0	105	1
0	108	5
0	114	1
0	116	1
0	127	1
0	132	1
0	170	1
0	176	1
1	0	687340
1	1	72698
1	2	40796
1	4	27217
1	5	11876
1	7	11208
1	8	20112
1	10	9420
1	11	16563
1	13	7818
1	14	15721
1	15	7107
1	17	13158
1	18	6686
1	20	5936
1	21	10231
1	22	5039
1	24	9948
1	26	4947
1	27	8259
1	29	7725
1	30	3853
1	32	6952
1	34	3451
1	35	6417
1	37	5129
1	38	2884
1	40	5093
1	41	2811
1	43	4944
1	45	2310
1	46	4347
1	48	3949
1	49	1958
1	51	3649
1	53	1947
1	54	3189
1	56	2962
1	57	1625
1	59	2756
1	61	1196
1	62	2428
1	64	1288
1	65	2692
1	67	2124
1	68	992
1	70	1657
1	72	727
1	73	1179
1	75	1218
1	76	685
1	78	1419
1	80	661
1	81	1013
1	83	455
1	84	816
1	86	893
1	87	583
1	89	784
1	91	296
1	92	701
1	94	578
1	95	337
1	97	535
1	99	309
1	100	432
1	102	257
1	103	510
1	105	371
1	106	230
1	108	380
1	110	215
1	111	324
1	113	220
1	114	162
1	116	202
1	118	91
1	119	241
1	121	307
1	122	91
1	124	211
1	125	111
1	127	116
1	129	46
1	130	67
1	132	132
1	133	70
1	135	76
1	137	46
1	138	63
1	140	68
1	141	11
1	143	54
1	144	23
1	146	115
1	148	29
1	149	83
1	151	46
1	152	13
1	154	124
1	156	15
1	157	18
1	159	8
1	160	12
1	162	4
1	164	14
1	165	17
1	167	8
1	168	16
1	170	9
1	171	1
1	173	4
1	175	2
1	176	22
1	178	9
1	181	1
1	183	10
1	187	2
1	189	1
1	192	1
1	203	1
1	205	1
2	0	130632
2	1	44439
2	2	31321
2	4	23965
2	5	10633
2	7	9980
2	8	15844
2	10	9122
2	11	15983
2	13	7983
2	14	15820
2	15	6862
2	17	13765
2	18	6444
2	20	5942
2	21	13487
2	22	5542
2	24	11386
2	26	5369
2	27	10788
2	29	12628
2	30	5158
2	32	9003
2	34	4452
2	35	8895
2	37	7674
2	38	4219
2	40	7196
2	41	3801
2	43	6983
2	45	3199
2	46	6832
2	48	6768
2	49	3519
2	51	5880
2	53	2783
2	54	5290
2	56	4575
2	57	2303
2	59	5080
2	61	2808
2	62	4880
2	64	2330
2	65	3937
2	67	3240
2	68	1652
2	70	3615
2	72	1627
2	73	3015
2	75	2912
2	76	1321
2	78	2655
2	80	1243
2	81	2479
2	83	1212
2	84	2461
2	86	1939
2	87	968
2	89	1670
2	91	934
2	92	1768
2	94	1659
2	95	912
2	97	1510
2	99	923
2	100	1152
2	102	588
2	103	1204
2	105	1310
2	106	454
2	108	947
2	110	471
2	111	908
2	113	697
2	114	296
2	116	705
2	118	431
2	119	855
2	121	642
2	122	199
2	124	433
2	125	239
2	127	429
2	129	200
2	130	370
2	132	314
2	133	160
2	135	237
2	137	90
2	138	181
2	140	244
2	141	151
2	143	141
2	144	39
2	146	277
2	148	87
2	149	128
2	151	100
2	152	45
2	154	106
2	156	29
2	157	53
2	159	67
2	160	31
2	162	95
2	164	55
2	165	33
2	167	17
2	168	53
2	170	50
2	171	31
2	173	22
2	175	27
2	176	27
2	178	50
2	179	2
2	181	15
2	183	12
2	184	13
2	186	4
2	187	3
2	189	4
2	190	4
2	194	1
2	195	1
2	197	3
2	200	2
2	206	5
3	0	37993
3	1	21346
3	2	19460
3	4	13185
3	5	6329
3	7	5406
3	8	11645
3	10	5422
3	11	10891
3	13	6343
3	14	10525
3	15	5559
3	17	10003
3	18	5782
3	20	4577
3	21	9382
3	22	4820
3	24	9319
3	26	4487
3	27	9113
3	29	9277
3	30	4339
3	32	7904
3	34	4558
3	35	7928
3	37	7945
3	38	3651
3	40	7233
3	41	3477
3	43	6464
3	45	3192
3	46	6227
3	48	5974
3	49	2574
3	51	5825
3	53	2848
3	54	5405
3	56	5281
3	57	2685
3	59	5209
3	61	2544
3	62	5077
3	64	2434
3	65	4168
3	67	4208
3	68	2144
3	70	4049
3	72	2027
3	73	3944
3	75	3857
3	76	1526
3	78	3390
3	80	1585
3	81	3219
3	83	1698
3	84	3129
3	86	2690
3	87	1350
3	89	2743
3	91	1321
3	92	2630
3	94	2335
3	95	1229
3	97	2152
3	99	1078
3	100	2123
3	102	951
3	103	1726
3	105	2079
3	106	922
3	108	1407
3	110	927
3	111	1316
3	113	1132
3	114	617
3	116	1145
3	118	614
3	119	1092
3	121	953
3	122	406
3	124	1028
3	125	511
3	127	1220
3	129	496
3	130	673
3	132	720
3	133	278
3	135	639
3	137	212
3	138	640
3	140	498
3	141	170
3	143	346
3	144	210
3	146	282
3	148	172
3	149	458
3	151	274
3	152	179
3	154	315
3	156	160
3	157	362
3	159	307
3	160	69
3	162	145
3	164	81
3	165	165
3	167	129
3	168	277
3	170	102
3	171	69
3	173	77
3	175	39
3	176	53
3	178	34
3	179	39
3	181	111
3	183	33
3	184	61
3	186	7
3	187	25
3	189	73
3	190	11
3	192	29
3	194	12
3	195	11
3	197	7
3	198	14
3	200	31
3	203	4
3	206	1
4	0	28767
4	1	22751
4	2	22006
4	4	16816
4	5	7798
4	7	7293
4	8	15802
4	10	7370
4	11	14842
4	13	7518
4	14	14152
4	15	6888
4	17	14372
4	18	6145
4	20	6913
4	21	14591
4	22	7205
4	24	13410
4	26	7300
4	27	13260
4	29	13406
4	30	6701
4	32	13125
4	34	6189
4	35	12183
4	37	11592
4	38	6079
4	40	11940
4	41	5519
4	43	11983
4	45	5478
4	46	11362
4	48	10982
4	49	5532
4	51	10479
4	53	5308
4	54	10495
4	56	9924
4	57	4888
4	59	9209
4	61	4792
4	62	9510
4	64	4801
4	65	9803
4	67	8486
4	68	4352
4	70	7702
4	72	4053
4	73	7487
4	75	7822
4	76	4058
4	78	7473
4	80	3879
4	81	7541
4	83	3313
4	84	6700
4	86	6607
4	87	3578
4	89	6433
4	91	2916
4	92	5724
4	94	5196
4	95	2355
4	97	4736
4	99	2431
4	100	4741
4	102	2279
4	103	4676
4	105	4485
4	106	2209
4	108	3812
4	110	1679
4	111	4042
4	113	3329
4	114	1666
4	116	3523
4	118	1698
4	119	2756
4	121	2668
4	122	1182
4	124	2438
4	125	1472
4	127	2637
4	129	1389
4	130	2586
4	132	1997
4	133	1131
4	135	1918
4	137	736
4	138	1612
4	140	1542
4	141	848
4	143	1443
4	144	697
4	146	1303
4	148	631
4	149	1247
4	151	1067
4	152	509
4	154	708
4	156	549
4	157	905
4	159	952
4	160	658
4	162	747
4	164	301
4	165	779
4	167	298
4	168	543
4	170	556
4	171	147
4	173	329
4	175	200
4	176	242
4	178	262
4	179	86
4	181	290
4	183	65
4	184	155
4	186	53
4	187	159
4	189	155
4	190	33
4	192	54
4	194	45
4	195	122
4	197	66
4	198	5
4	200	23
4	202	2
4	203	15
4	205	4
4	206	3
5	0	10655
5	1	9963
5	2	12465
5	4	8615
5	5	4332
5	7	4563
5	8	8676
5	10	3853
5	11	8368
5	13	3541
5	14	7607
5	15	4046
5	17	8184
5	18	4203
5	20	4517
5	21	8568
5	22	4027
5	24	8116
5	26	3908
5	27	8559
5	29	9352
5	30	4765
5	32	9117
5	34	4960
5	35	9117
5	37	9053
5	38	4081
5	40	9113
5	41	4165
5	43	8913
5	45	3946
5	46	9343
5	48	9310
5	49	5010
5	51	8701
5	53	3989
5	54	9113
5	56	8222
5	57	4118
5	59	8758
5	61	3719
5	62	7762
5	64	3889
5	65	8131
5	67	8244
5	68	3750
5	70	7203
5	72	3685
5	73	7242
5	75	6883
5	76	2649
5	78	6641
5	80	3162
5	81	7121
5	83	3355
5	84	7834
5	86	6574
5	87	3487
5	89	7465
5	91	2918
5	92	5763
5	94	5125
5	95	2401
5	97	5662
5	99	2691
5	100	5161
5	102	2405
5	103	4971
5	105	4480
5	106	2194
5	108	4223
5	110	2282
5	111	3658
5	113	4025
5	114	1612
5	116	3340
5	118	1848
5	119	3268
5	121	3503
5	122	1444
5	124	3167
5	125	1546
5	127	2856
5	129	1417
5	130	2815
5	132	2682
5	133	998
5	135	2624
5	137	1576
5	138	1985
5	140	2536
5	141	867
5	143	1967
5	144	877
5	146	1538
5	148	646
5	149	1633
5	151	1517
5	152	711
5	154	929
5	156	635
5	157	1652
5	159	811
5	160	392
5	162	834
5	164	449
5	165	706
5	167	457
5	168	635
5	170	876
5	171	332
5	173	548
5	175	178
5	176	346
5	178	450
5	179	237
5	181	374
5	183	176
5	184	241
5	186	185
5	187	326
5	189	165
5	190	75
5	192	131
5	194	79
5	195	165
5	197	104
5	198	24
5	200	223
5	202	210
5	203	88
5	205	5
5	206	8
6	0	5039
6	1	6070
6	2	8340
6	4	6292
6	5	3612
6	7	2952
6	8	6178
6	10	2786
6	11	6233
6	13	3193
6	14	5788
6	15	3033
6	17	7692
6	18	3185
6	20	3431
6	21	7158
6	22	3269
6	24	7940
6	26	3767
6	27	7344
6	29	7286
6	30	3496
6	32	7938
6	34	3716
6	35	8402
6	37	8179
6	38	4163
6	40	8201
6	41	3770
6	43	8485
6	45	4635
6	46	8194
6	48	9077
6	49	3699
6	51	7942
6	53	4314
6	54	8527
6	56	9354
6	57	3724
6	59	8381
6	61	4266
6	62	8763
6	64	4070
6	65	9272
6	67	8383
6	68	3609
6	70	7596
6	72	3951
6	73	7507
6	75	7970
6	76	4038
6	78	8224
6	80	4405
6	81	8142
6	83	3303
6	84	6718
6	86	7341
6	87	3426
6	89	6880
6	91	3698
6	92	7628
6	94	7428
6	95	2933
6	97	6535
6	99	3483
6	100	7052
6	102	3732
6	103	6392
6	105	6919
6	106	2957
6	108	5912
6	110	2713
6	111	5879
6	113	5176
6	114	2660
6	116	4840
6	118	2315
6	119	5177
6	121	5436
6	122	2243
6	124	4514
6	125	2395
6	127	4507
6	129	1659
6	130	3770
6	132	3886
6	133	1743
6	135	3885
6	137	1741
6	138	3761
6	140	2752
6	141	1335
6	143	3271
6	144	1317
6	146	2723
6	148	1282
6	149	2477
6	151	2442
6	152	1068
6	154	2153
6	156	948
6	157	2012
6	159	1530
6	160	905
6	162	1593
6	164	799
6	165	1573
6	167	560
6	168	1328
6	170	1226
6	171	574
6	173	1162
6	175	580
6	176	1061
6	178	692
6	179	450
6	181	608
6	183	366
6	184	448
6	186	212
6	187	454
6	189	433
6	190	186
6	192	449
6	194	353
6	195	562
6	197	293
6	198	184
6	200	216
6	202	97
6	203	173
6	205	57
6	206	28
7	0	1767
7	1	1770
7	2	3791
7	4	2949
7	5	1505
7	7	1127
7	8	2872
7	10	1906
7	11	4347
7	13	1457
7	14	4051
7	15	1634
7	17	4001
7	18	1930
7	20	1921
7	21	3500
7	22	2031
7	24	4313
7	26	1992
7	27	4087
7	29	4012
7	30	2313
7	32	4682
7	34	2684
7	35	5186
7	37	5082
7	38	2392
7	40	5352
7	41	2762
7	43	5830
7	45	3181
7	46	5385
7	48	6555
7	49	2709
7	51	5855
7	53	3069
7	54	5528
7	56	5604
7	57	3114
7	59	5869
7	61	3041
7	62	6188
7	64	3071
7	65	6598
7	67	6681
7	68	3056
7	70	6525
7	72	3164
7	73	6208
7	75	6208
7	76	3619
7	78	7235
7	80	3089
7	81	6659
7	83	2969
7	84	6730
7	86	5713
7	87	3088
7	89	7125
7	91	3132
7	92	5956
7	94	6751
7	95	2874
7	97	6076
7	99	2784
7	100	5716
7	102	2848
7	103	6329
7	105	5588
7	106	3056
7	108	5861
7	110	2755
7	111	4658
7	113	5572
7	114	2562
7	116	4261
7	118	2264
7	119	5418
7	121	4307
7	122	2232
7	124	4873
7	125	2158
7	127	4570
7	129	2030
7	130	4718
7	132	3947
7	133	2116
7	135	4353
7	137	1864
7	138	4413
7	140	3638
7	141	2164
7	143	3404
7	144	1611
7	146	3504
7	148	1563
7	149	3835
7	151	3410
7	152	1478
7	154	2957
7	156	1115
7	157	2619
7	159	3055
7	160	1180
7	162	2205
7	164	1088
7	165	2041
7	167	1102
7	168	2164
7	170	1804
7	171	609
7	173	1388
7	175	607
7	176	1751
7	178	1496
7	179	616
7	181	1106
7	183	718
7	184	1280
7	186	543
7	187	904
7	189	868
7	190	445
7	192	717
7	194	478
7	195	695
7	197	501
7	198	194
7	200	383
7	202	133
7	203	371
7	205	143
7	206	102
8	0	596
8	1	897
8	2	1478
8	4	1238
8	5	739
8	7	589
8	8	1556
8	10	751
8	11	2099
8	13	790
8	14	1578
8	15	1212
8	17	2215
8	18	1041
8	20	1222
8	21	2238
8	22	1213
8	24	2757
8	26	1516
8	27	2555
8	29	3524
8	30	1444
8	32	3468
8	34	1521
8	35	2984
8	37	3205
8	38	1880
8	40	3540
8	41	1829
8	43	3926
8	45	2414
8	46	4151
8	48	4180
8	49	1981
8	51	4296
8	53	2372
8	54	5299
8	56	5185
8	57	2145
8	59	4083
8	61	2292
8	62	5500
8	64	3016
8	65	5054
8	67	5389
8	68	2677
8	70	5375
8	72	2692
8	73	5988
8	75	5839
8	76	2706
8	78	5071
8	80	2928
8	81	5436
8	83	2718
8	84	5062
8	86	5485
8	87	2962
8	89	4896
8	91	2542
8	92	5504
8	94	5194
8	95	3435
8	97	5692
8	99	3223
8	100	6165
8	102	3544
8	103	6790
8	105	6251
8	106	2653
8	108	5902
8	110	3139
8	111	5433
8	113	5335
8	114	2711
8	116	5808
8	118	2560
8	119	4974
8	121	5460
8	122	2877
8	124	5660
8	125	2536
8	127	5563
8	129	2884
8	130	5261
8	132	5039
8	133	2065
8	135	5243
8	137	2288
8	138	4861
8	140	4320
8	141	2134
8	143	4434
8	144	2122
8	146	3687
8	148	2125
8	149	3570
8	151	4167
8	152	1705
8	154	3567
8	156	1794
8	157	4033
8	159	3485
8	160	1726
8	162	3587
8	164	1649
8	165	3291
8	167	1468
8	168	3147
8	170	2570
8	171	1636
8	173	2465
8	175	1044
8	176	2293
8	178	2088
8	179	1112
8	181	2001
8	183	770
8	184	1411
8	186	751
8	187	1465
8	189	1197
8	190	693
8	192	1311
8	194	914
8	195	1669
8	197	1131
8	198	408
8	200	874
8	202	452
8	203	807
8	205	436
8	206	280
9	0	98
9	1	181
9	2	709
9	4	401
9	5	122
9	7	211
9	8	503
9	10	350
9	11	557
9	13	234
9	14	584
9	15	257
9	17	468
9	18	342
9	20	377
9	21	712
9	22	479
9	24	1089
9	26	456
9	27	1363
9	29	1154
9	30	569
9	32	1185
9	34	557
9	35	1612
9	37	1496
9	38	716
9	40	1680
9	41	555
9	43	1710
9	45	869
9	46	1426
9	48	2029
9	49	877
9	51	1693
9	53	1038
9	54	1907
9	56	2381
9	57	1394
9	59	2762
9	61	1391
9	62	2797
9	64	1142
9	65	2556
9	67	3329
9	68	2040
9	70	3128
9	72	1425
9	73	3166
9	75	3198
9	76	1342
9	78	3435
9	80	1594
9	81	3814
9	83	1623
9	84	3725
9	86	4883
9	87	2025
9	89	4095
9	91	2091
9	92	4305
9	94	3842
9	95	2227
9	97	4305
9	99	2067
9	100	4717
9	102	2293
9	103	4794
9	105	4915
9	106	2410
9	108	4312
9	110	2296
9	111	4741
9	113	4369
9	114	2198
9	116	4521
9	118	2056
9	119	4483
9	121	4926
9	122	2542
9	124	5088
9	125	2286
9	127	4912
9	129	2326
9	130	5073
9	132	4747
9	133	2543
9	135	4332
9	137	2569
9	138	4512
9	140	4490
9	141	2397
9	143	5694
9	144	2102
9	146	4502
9	148	2218
9	149	4578
9	151	5068
9	152	2281
9	154	4693
9	156	2062
9	157	5248
9	159	4351
9	160	1963
9	162	4521
9	164	1860
9	165	4016
9	167	2034
9	168	3963
9	170	3418
9	171	2369
9	173	3625
9	175	1749
9	176	3629
9	178	3088
9	179	1608
9	181	3483
9	183	1746
9	184	3133
9	186	1308
9	187	2723
9	189	2403
9	190	1057
9	192	2337
9	194	1345
9	195	2661
9	197	2822
9	198	1115
9	200	1686
9	202	1149
9	203	2416
9	205	1516
9	206	1224
10	0	37
10	1	16
10	2	54
10	4	28
10	5	79
10	7	12
10	8	68
10	10	37
10	11	80
10	13	24
10	14	58
10	15	96
10	17	269
10	18	43
10	20	80
10	21	110
10	22	81
10	24	198
10	26	99
10	27	218
10	29	194
10	30	80
10	32	279
10	34	171
10	35	353
10	37	389
10	38	251
10	40	357
10	41	247
10	43	514
10	45	248
10	46	614
10	48	606
10	49	303
10	51	592
10	53	376
10	54	591
10	56	635
10	57	319
10	59	1014
10	61	485
10	62	857
10	64	473
10	65	1070
10	67	990
10	68	517
10	70	1369
10	72	733
10	73	1164
10	75	1401
10	76	763
10	78	1388
10	80	794
10	81	1613
10	83	814
10	84	1390
10	86	1483
10	87	908
10	89	1806
10	91	817
10	92	1744
10	94	1786
10	95	969
10	97	2162
10	99	1148
10	100	2188
10	102	994
10	103	2393
10	105	2549
10	106	1201
10	108	2647
10	110	1192
10	111	2504
10	113	2522
10	114	1222
10	116	2748
10	118	1421
10	119	2774
10	121	2979
10	122	1673
10	124	3172
10	125	1728
10	127	3126
10	129	1565
10	130	3482
10	132	3555
10	133	1815
10	135	3541
10	137	1842
10	138	3797
10	140	3900
10	141	2029
10	143	3877
10	144	2059
10	146	4134
10	148	2113
10	149	4007
10	151	3918
10	152	2124
10	154	4545
10	156	1997
10	157	5074
10	159	4635
10	160	2021
10	162	4637
10	164	2191
10	165	4534
10	167	2475
10	168	5010
10	170	4564
10	171	2442
10	173	5319
10	175	2193
10	176	5171
10	178	4669
10	179	2942
10	181	4867
10	183	2409
10	184	5168
10	186	2607
10	187	4683
10	189	5394
10	190	2581
10	192	5550
10	194	2520
10	195	5929
10	197	5387
10	198	2568
10	200	5438
10	202	2958
10	203	7048
10	205	6801
10	206	13446
