UKB_sparse_bin	CHB_bin	UKB_WBfreq
1	0	1344
1	1	121
1	2	65
1	4	22
1	5	23
1	7	13
1	8	21
1	10	10
1	11	17
1	13	14
1	14	13
1	15	5
1	17	9
1	18	7
1	20	2
1	21	7
1	22	8
1	24	8
1	26	4
1	27	13
1	29	10
1	30	1
1	32	10
1	34	2
1	35	7
1	37	8
1	38	1
1	40	5
1	41	1
1	43	4
1	45	1
1	46	2
1	48	3
1	49	1
1	51	4
1	53	1
1	54	4
1	57	3
1	59	4
1	62	1
1	64	1
1	67	2
1	70	2
1	75	2
1	78	1
1	81	2
1	83	1
1	94	2
1	97	1
1	102	1
1	105	1
1	108	2
1	113	2
1	114	1
1	116	1
1	140	1
1	146	1
2	0	710
2	1	144
2	2	78
2	4	57
2	5	28
2	7	22
2	8	55
2	10	26
2	11	32
2	13	14
2	14	41
2	15	20
2	17	43
2	18	15
2	20	22
2	21	27
2	22	12
2	24	28
2	26	12
2	27	19
2	29	24
2	30	6
2	32	13
2	34	12
2	35	18
2	37	18
2	38	12
2	40	15
2	41	14
2	43	27
2	45	9
2	46	22
2	48	22
2	49	14
2	51	11
2	53	5
2	54	7
2	56	14
2	57	7
2	59	7
2	61	8
2	62	6
2	64	8
2	65	8
2	67	13
2	68	6
2	70	9
2	72	1
2	73	7
2	75	6
2	76	3
2	78	4
2	80	4
2	81	1
2	83	2
2	84	4
2	86	4
2	89	4
2	91	1
2	92	4
2	94	5
2	97	3
2	100	2
2	102	1
2	103	1
2	105	3
2	108	6
2	111	1
2	113	2
2	116	1
2	119	2
2	121	1
2	122	1
2	125	1
2	129	1
2	132	1
2	137	1
2	138	1
2	140	1
2	160	1
2	173	1
3	0	222
3	1	110
3	2	116
3	4	73
3	5	35
3	7	32
3	8	42
3	10	17
3	11	42
3	13	31
3	14	51
3	15	23
3	17	49
3	18	26
3	20	14
3	21	46
3	22	22
3	24	45
3	26	34
3	27	44
3	29	32
3	30	13
3	32	30
3	34	19
3	35	28
3	37	27
3	38	13
3	40	23
3	41	13
3	43	22
3	45	11
3	46	28
3	48	21
3	49	14
3	51	25
3	53	12
3	54	20
3	56	15
3	57	8
3	59	24
3	61	7
3	62	14
3	64	12
3	65	26
3	67	15
3	68	5
3	70	16
3	72	8
3	73	15
3	75	10
3	76	3
3	78	13
3	80	4
3	81	12
3	83	7
3	84	10
3	86	7
3	87	1
3	89	12
3	91	5
3	92	10
3	94	9
3	95	4
3	97	10
3	99	2
3	100	7
3	102	3
3	103	12
3	105	6
3	106	3
3	108	4
3	110	2
3	111	4
3	113	5
3	114	7
3	116	8
3	118	5
3	119	2
3	121	4
3	122	1
3	124	4
3	127	2
3	130	1
3	132	2
3	133	1
3	135	1
3	137	2
3	138	3
3	140	3
3	141	1
3	143	2
3	146	4
3	148	2
3	149	2
3	151	1
3	152	1
3	154	4
3	159	1
3	164	2
3	167	1
3	175	1
4	0	128
4	1	75
4	2	84
4	4	33
4	5	31
4	7	29
4	8	50
4	10	19
4	11	32
4	13	19
4	14	41
4	15	23
4	17	31
4	18	26
4	20	23
4	21	50
4	22	23
4	24	33
4	26	28
4	27	24
4	29	24
4	30	19
4	32	33
4	34	12
4	35	46
4	37	42
4	38	22
4	40	30
4	41	17
4	43	43
4	45	9
4	46	22
4	48	25
4	49	10
4	51	28
4	53	11
4	54	28
4	56	33
4	57	9
4	59	17
4	61	12
4	62	21
4	64	9
4	65	19
4	67	18
4	68	7
4	70	11
4	72	8
4	73	19
4	75	11
4	76	10
4	78	23
4	80	11
4	81	12
4	83	6
4	84	15
4	86	19
4	87	6
4	89	12
4	91	13
4	92	16
4	94	14
4	95	2
4	97	17
4	99	7
4	100	15
4	102	3
4	103	18
4	105	11
4	106	5
4	108	12
4	110	4
4	111	12
4	113	3
4	114	5
4	116	5
4	118	7
4	119	5
4	121	11
4	122	1
4	124	3
4	125	2
4	127	6
4	129	1
4	130	8
4	132	7
4	133	1
4	135	5
4	137	1
4	138	2
4	140	7
4	141	1
4	143	4
4	144	1
4	146	3
4	149	6
4	151	6
4	152	1
4	154	7
4	156	1
4	157	5
4	159	4
4	162	5
4	164	4
4	165	5
4	171	1
4	175	1
4	176	2
4	178	1
4	179	1
4	183	1
4	192	1
4	197	1
5	0	47
5	1	41
5	2	49
5	4	40
5	5	16
5	7	20
5	8	35
5	10	14
5	11	45
5	13	16
5	14	33
5	15	19
5	17	36
5	18	26
5	20	22
5	21	38
5	22	10
5	24	36
5	26	21
5	27	43
5	29	34
5	30	21
5	32	37
5	34	23
5	35	31
5	37	28
5	38	14
5	40	26
5	41	14
5	43	30
5	45	15
5	46	28
5	48	24
5	49	15
5	51	30
5	53	16
5	54	23
5	56	31
5	57	14
5	59	26
5	61	20
5	62	27
5	64	11
5	65	19
5	67	38
5	68	10
5	70	28
5	72	14
5	73	24
5	75	24
5	76	7
5	78	16
5	80	12
5	81	24
5	83	10
5	84	22
5	86	26
5	87	10
5	89	11
5	91	4
5	92	13
5	94	17
5	95	12
5	97	23
5	99	13
5	100	10
5	102	13
5	103	15
5	105	16
5	106	6
5	108	12
5	110	7
5	111	12
5	113	10
5	114	5
5	116	9
5	118	8
5	119	7
5	121	10
5	122	2
5	124	5
5	125	6
5	127	11
5	129	5
5	130	5
5	132	9
5	133	2
5	135	5
5	137	6
5	138	8
5	140	12
5	143	3
5	144	2
5	146	2
5	149	6
5	151	10
5	152	3
5	154	6
5	156	4
5	157	3
5	159	2
5	160	2
5	162	4
5	164	3
5	165	3
5	167	1
5	168	3
5	170	4
5	173	2
5	175	3
5	176	1
5	178	4
5	181	1
5	183	2
5	184	5
5	187	1
5	189	2
5	192	2
6	0	21
6	1	30
6	2	35
6	4	26
6	5	10
6	7	13
6	8	22
6	10	13
6	11	20
6	13	16
6	14	26
6	15	12
6	17	32
6	18	10
6	20	15
6	21	34
6	22	14
6	24	32
6	26	16
6	27	21
6	29	33
6	30	16
6	32	18
6	34	21
6	35	28
6	37	29
6	38	19
6	40	22
6	41	20
6	43	28
6	45	18
6	46	39
6	48	32
6	49	12
6	51	30
6	53	18
6	54	37
6	56	24
6	57	14
6	59	24
6	61	17
6	62	29
6	64	15
6	65	18
6	67	25
6	68	19
6	70	33
6	72	15
6	73	20
6	75	20
6	76	7
6	78	24
6	80	14
6	81	35
6	83	9
6	84	37
6	86	21
6	87	9
6	89	15
6	91	14
6	92	13
6	94	11
6	95	5
6	97	20
6	99	14
6	100	24
6	102	11
6	103	14
6	105	20
6	106	14
6	108	25
6	110	9
6	111	15
6	113	10
6	114	12
6	116	15
6	118	9
6	119	16
6	121	14
6	122	8
6	124	17
6	125	5
6	127	11
6	129	4
6	130	14
6	132	11
6	133	4
6	135	14
6	137	4
6	138	5
6	140	11
6	141	7
6	143	12
6	144	5
6	146	7
6	148	11
6	149	6
6	151	5
6	152	5
6	154	6
6	156	2
6	157	7
6	159	5
6	160	1
6	162	5
6	164	3
6	165	11
6	167	2
6	168	4
6	170	4
6	173	8
6	176	6
6	178	3
6	179	1
6	181	3
6	183	2
6	189	2
6	190	3
6	194	1
6	195	2
6	197	5
6	200	2
6	203	1
6	206	1
7	0	25
7	1	8
7	2	27
7	4	11
7	5	14
7	7	7
7	8	12
7	10	6
7	11	8
7	13	9
7	14	18
7	15	9
7	17	20
7	18	7
7	20	7
7	21	12
7	22	4
7	24	23
7	26	3
7	27	16
7	29	12
7	30	20
7	32	19
7	34	14
7	35	20
7	37	23
7	38	11
7	40	23
7	41	8
7	43	17
7	45	13
7	46	37
7	48	24
7	49	12
7	51	31
7	53	11
7	54	24
7	56	21
7	57	11
7	59	39
7	61	13
7	62	24
7	64	14
7	65	25
7	67	31
7	68	5
7	70	25
7	72	14
7	73	23
7	75	23
7	76	11
7	78	26
7	80	27
7	81	25
7	83	14
7	84	21
7	86	34
7	87	11
7	89	23
7	91	8
7	92	34
7	94	21
7	95	24
7	97	30
7	99	11
7	100	24
7	102	16
7	103	17
7	105	23
7	106	8
7	108	21
7	110	6
7	111	24
7	113	28
7	114	12
7	116	16
7	118	9
7	119	20
7	121	23
7	122	13
7	124	21
7	125	7
7	127	20
7	129	8
7	130	24
7	132	20
7	133	6
7	135	14
7	137	13
7	138	13
7	140	21
7	141	5
7	143	8
7	144	3
7	146	10
7	148	9
7	149	11
7	151	6
7	152	4
7	154	12
7	156	5
7	157	10
7	159	13
7	160	10
7	162	9
7	164	4
7	165	21
7	167	3
7	168	7
7	170	5
7	171	6
7	173	4
7	175	5
7	176	7
7	178	12
7	179	8
7	181	7
7	183	1
7	184	3
7	186	3
7	187	2
7	189	3
7	190	3
7	192	5
7	194	1
7	195	3
7	197	2
7	200	7
7	203	3
7	205	1
7	206	1
8	0	7
8	1	6
8	2	18
8	4	11
8	5	4
8	7	1
8	8	8
8	10	1
8	11	11
8	13	5
8	14	11
8	15	2
8	17	7
8	18	5
8	20	9
8	21	13
8	22	2
8	24	10
8	26	3
8	27	8
8	29	9
8	30	2
8	32	17
8	34	9
8	35	15
8	37	17
8	38	12
8	40	20
8	41	13
8	43	21
8	45	9
8	46	29
8	48	23
8	49	18
8	51	17
8	53	11
8	54	18
8	56	11
8	57	12
8	59	24
8	61	14
8	62	19
8	64	6
8	65	18
8	67	22
8	68	9
8	70	31
8	72	15
8	73	18
8	75	22
8	76	14
8	78	24
8	80	15
8	81	33
8	83	11
8	84	24
8	86	30
8	87	15
8	89	23
8	91	11
8	92	32
8	94	21
8	95	13
8	97	21
8	99	11
8	100	30
8	102	8
8	103	27
8	105	26
8	106	12
8	108	27
8	110	13
8	111	25
8	113	20
8	114	10
8	116	19
8	118	17
8	119	26
8	121	27
8	122	14
8	124	22
8	125	13
8	127	24
8	129	11
8	130	21
8	132	25
8	133	9
8	135	17
8	137	8
8	138	21
8	140	26
8	141	13
8	143	25
8	144	17
8	146	18
8	148	9
8	149	8
8	151	13
8	152	10
8	154	18
8	156	11
8	157	25
8	159	17
8	160	5
8	162	11
8	164	6
8	165	14
8	167	5
8	168	16
8	170	9
8	171	4
8	173	14
8	175	2
8	176	9
8	178	23
8	179	7
8	181	13
8	183	5
8	184	11
8	186	6
8	187	7
8	189	5
8	190	3
8	192	6
8	194	1
8	195	7
8	197	5
8	198	1
8	200	6
8	202	4
8	203	9
8	205	3
8	206	3
9	0	9
9	1	1
9	2	2
9	4	3
9	5	1
9	7	1
9	10	7
9	11	2
9	13	3
9	14	3
9	15	3
9	17	7
9	18	1
9	20	2
9	21	5
9	22	6
9	24	8
9	26	4
9	27	10
9	29	10
9	30	4
9	32	8
9	34	7
9	35	5
9	37	13
9	38	2
9	40	10
9	41	3
9	43	8
9	45	4
9	46	12
9	48	7
9	49	7
9	51	14
9	53	4
9	54	11
9	56	11
9	57	4
9	59	17
9	61	12
9	62	18
9	64	10
9	65	20
9	67	10
9	68	4
9	70	16
9	72	7
9	73	18
9	75	17
9	76	8
9	78	11
9	80	15
9	81	23
9	83	11
9	84	22
9	86	19
9	87	10
9	89	16
9	91	8
9	92	18
9	94	19
9	95	16
9	97	36
9	99	7
9	100	25
9	102	9
9	103	15
9	105	25
9	106	14
9	108	22
9	110	18
9	111	23
9	113	21
9	114	7
9	116	24
9	118	12
9	119	35
9	121	21
9	122	17
9	124	41
9	125	12
9	127	20
9	129	15
9	130	25
9	132	36
9	133	11
9	135	31
9	137	18
9	138	32
9	140	34
9	141	10
9	143	21
9	144	18
9	146	19
9	148	11
9	149	22
9	151	28
9	152	10
9	154	37
9	156	9
9	157	26
9	159	27
9	160	5
9	162	17
9	164	8
9	165	20
9	167	18
9	168	24
9	170	15
9	171	12
9	173	34
9	175	14
9	176	30
9	178	15
9	179	6
9	181	18
9	183	8
9	184	19
9	186	16
9	187	11
9	189	16
9	190	6
9	192	17
9	194	5
9	195	14
9	197	18
9	198	2
9	200	9
9	202	10
9	203	7
9	205	11
9	206	6
10	0	2
10	4	1
10	5	1
10	11	1
10	14	1
10	17	1
10	21	5
10	22	2
10	24	2
10	26	1
10	27	1
10	29	2
10	32	5
10	34	1
10	37	2
10	38	7
10	40	5
10	41	3
10	43	3
10	46	3
10	48	6
10	49	5
10	51	6
10	53	2
10	54	6
10	56	7
10	57	1
10	59	2
10	61	1
10	62	3
10	65	7
10	67	3
10	68	1
10	70	6
10	72	2
10	73	10
10	75	12
10	76	4
10	78	6
10	80	4
10	81	12
10	83	1
10	84	18
10	86	9
10	87	8
10	89	13
10	91	4
10	92	11
10	94	9
10	95	3
10	97	14
10	99	8
10	100	12
10	102	6
10	103	17
10	105	12
10	106	3
10	108	17
10	110	9
10	111	11
10	113	13
10	114	5
10	116	19
10	118	7
10	119	11
10	121	16
10	122	6
10	124	24
10	125	8
10	127	20
10	129	14
10	130	14
10	132	22
10	133	10
10	135	22
10	137	11
10	138	30
10	140	21
10	141	10
10	143	18
10	144	4
10	146	29
10	148	11
10	149	28
10	151	28
10	152	18
10	154	21
10	156	14
10	157	28
10	159	27
10	160	10
10	162	31
10	164	14
10	165	37
10	167	16
10	168	30
10	170	31
10	171	19
10	173	30
10	175	12
10	176	26
10	178	35
10	179	19
10	181	38
10	183	14
10	184	42
10	186	26
10	187	35
10	189	27
10	190	28
10	192	47
10	194	16
10	195	35
10	197	39
10	198	23
10	200	53
10	202	24
10	203	51
10	205	52
10	206	114
