UKB_sparse_bin	YRI_bin	UKB_WBfreq
0	0	23077
0	1	582
0	2	324
0	3	804
0	4	203
0	6	430
0	7	215
0	9	142
0	10	345
0	12	164
0	13	274
0	14	131
0	16	329
0	17	90
0	19	85
0	20	217
0	22	167
0	23	96
0	25	283
0	27	59
0	28	218
0	30	103
0	31	127
0	33	319
0	34	92
0	36	122
0	38	99
0	39	258
0	41	135
0	42	25
0	44	56
0	46	48
0	47	50
0	49	75
0	50	19
0	52	47
0	54	15
0	55	52
0	57	24
0	58	34
0	60	38
0	61	14
0	63	35
0	65	8
0	66	46
0	68	25
0	69	8
0	71	47
0	73	18
0	74	32
0	76	27
0	77	8
0	79	27
0	81	8
0	82	13
0	84	7
0	85	14
0	87	7
0	88	3
0	90	23
0	92	16
0	93	12
0	95	17
0	96	8
0	98	9
0	100	2
0	101	1
0	103	5
0	104	6
0	106	7
0	108	6
0	109	1
0	111	15
0	112	17
0	117	1
0	119	1
0	120	6
0	122	3
0	123	3
0	125	4
0	127	17
0	128	5
0	130	1
0	133	11
0	136	1
0	141	4
0	142	8
0	144	1
0	149	2
0	152	4
0	174	2
1	0	629096
1	1	33963
1	2	21025
1	3	32484
1	4	13186
1	6	25412
1	7	11508
1	9	11807
1	10	22510
1	12	10291
1	13	19037
1	14	8984
1	16	17093
1	17	7563
1	19	7791
1	20	14777
1	22	14264
1	23	6511
1	25	12445
1	27	5596
1	28	11146
1	30	6021
1	31	10521
1	33	9556
1	34	4862
1	36	8893
1	38	3961
1	39	8195
1	41	7890
1	42	3541
1	44	6579
1	46	3365
1	47	6467
1	49	5848
1	50	2807
1	52	5047
1	54	2788
1	55	4825
1	57	2528
1	58	4378
1	60	3820
1	61	2020
1	63	3988
1	65	1715
1	66	3207
1	68	3232
1	69	1462
1	71	2796
1	73	1238
1	74	2334
1	76	2496
1	77	1047
1	79	2150
1	81	993
1	82	1986
1	84	788
1	85	1730
1	87	1533
1	88	756
1	90	1577
1	92	752
1	93	1210
1	95	1135
1	96	539
1	98	1072
1	100	439
1	101	767
1	103	798
1	104	407
1	106	712
1	108	353
1	109	729
1	111	428
1	112	469
1	114	579
1	115	272
1	117	497
1	119	196
1	120	381
1	122	368
1	123	194
1	125	338
1	127	134
1	128	248
1	130	305
1	131	121
1	133	203
1	135	127
1	136	154
1	138	75
1	139	194
1	141	281
1	142	80
1	144	165
1	146	71
1	147	125
1	149	79
1	150	71
1	152	170
1	154	62
1	155	66
1	157	59
1	158	20
1	160	42
1	162	24
1	163	112
1	165	16
1	166	34
1	168	47
1	169	13
1	171	39
1	173	14
1	174	19
1	176	23
1	177	10
1	179	5
1	181	1
1	182	4
1	184	5
1	187	4
1	189	5
1	190	4
1	192	4
1	193	1
1	195	4
1	198	2
1	200	2
1	203	1
1	211	1
2	0	126637
2	1	22304
2	2	15620
2	3	24440
2	4	10875
2	6	19447
2	7	9756
2	9	9026
2	10	18203
2	12	8090
2	13	15629
2	14	7481
2	16	14688
2	17	6909
2	19	6723
2	20	13305
2	22	12721
2	23	6099
2	25	12607
2	27	6030
2	28	11729
2	30	5255
2	31	11093
2	33	10220
2	34	4551
2	36	9156
2	38	4169
2	39	8857
2	41	7568
2	42	3497
2	44	7988
2	46	3554
2	47	7751
2	49	6755
2	50	3260
2	52	6371
2	54	2985
2	55	5819
2	57	2756
2	58	5633
2	60	5298
2	61	2672
2	63	4573
2	65	2421
2	66	4326
2	68	3866
2	69	1761
2	71	4333
2	73	1898
2	74	3605
2	76	3164
2	77	1626
2	79	2809
2	81	1393
2	82	2616
2	84	1214
2	85	2253
2	87	2232
2	88	1052
2	90	1995
2	92	1044
2	93	2044
2	95	1799
2	96	984
2	98	1694
2	100	963
2	101	1565
2	103	1616
2	104	682
2	106	1371
2	108	643
2	109	1090
2	111	500
2	112	897
2	114	927
2	115	526
2	117	813
2	119	359
2	120	920
2	122	670
2	123	383
2	125	762
2	127	380
2	128	726
2	130	534
2	131	207
2	133	493
2	135	301
2	136	352
2	138	251
2	139	455
2	141	364
2	142	137
2	144	257
2	146	125
2	147	334
2	149	219
2	150	176
2	152	192
2	154	100
2	155	214
2	157	192
2	158	59
2	160	168
2	162	42
2	163	121
2	165	89
2	166	108
2	168	45
2	169	31
2	171	55
2	173	65
2	174	261
2	176	84
2	177	24
2	179	56
2	181	68
2	182	33
2	184	59
2	185	28
2	187	63
2	189	13
2	190	35
2	192	11
2	193	23
2	195	13
2	198	17
2	201	10
2	203	1
2	204	2
2	206	5
2	208	225
2	209	2
2	211	8
2	214	2
2	216	3
3	0	44317
3	1	12760
3	2	9438
3	3	15566
3	4	6953
3	6	13116
3	7	5977
3	9	5799
3	10	11384
3	12	5926
3	13	10994
3	14	5428
3	16	11285
3	17	5051
3	19	4712
3	20	10002
3	22	10041
3	23	4632
3	25	9631
3	27	4343
3	28	9063
3	30	4541
3	31	9417
3	33	8236
3	34	3828
3	36	7850
3	38	3684
3	39	7534
3	41	7071
3	42	3376
3	44	6681
3	46	3457
3	47	6426
3	49	5833
3	50	2805
3	52	5388
3	54	2802
3	55	5257
3	57	2526
3	58	5250
3	60	4950
3	61	2416
3	63	4493
3	65	1965
3	66	4019
3	68	3897
3	69	2027
3	71	3991
3	73	2005
3	74	3411
3	76	3542
3	77	1700
3	79	2848
3	81	1475
3	82	3003
3	84	1453
3	85	2716
3	87	2668
3	88	1288
3	90	2358
3	92	1228
3	93	2218
3	95	2365
3	96	1148
3	98	2082
3	100	943
3	101	1769
3	103	1973
3	104	797
3	106	1741
3	108	777
3	109	1541
3	111	820
3	112	1342
3	114	1495
3	115	592
3	117	1144
3	119	563
3	120	1089
3	122	1103
3	123	669
3	125	914
3	127	446
3	128	854
3	130	879
3	131	423
3	133	844
3	135	390
3	136	734
3	138	277
3	139	669
3	141	794
3	142	371
3	144	488
3	146	246
3	147	389
3	149	384
3	150	175
3	152	399
3	154	183
3	155	375
3	157	331
3	158	157
3	160	261
3	162	115
3	163	296
3	165	130
3	166	171
3	168	158
3	169	98
3	171	193
3	173	77
3	174	108
3	176	133
3	177	42
3	179	142
3	181	63
3	182	144
3	184	75
3	185	41
3	187	89
3	189	22
3	190	29
3	192	10
3	193	57
3	195	32
3	196	11
3	198	19
3	200	17
3	201	52
3	203	15
3	204	12
3	206	6
3	208	3
3	209	11
3	211	5
3	212	5
3	214	10
3	216	1
4	0	44870
4	1	15470
4	2	11920
4	3	20924
4	4	9101
4	6	17781
4	7	9542
4	9	8546
4	10	16496
4	12	8108
4	13	16505
4	14	8343
4	16	16069
4	17	7372
4	19	7503
4	20	14878
4	22	14553
4	23	7312
4	25	14340
4	27	7137
4	28	13611
4	30	6694
4	31	13743
4	33	12739
4	34	6628
4	36	13770
4	38	6277
4	39	11991
4	41	11833
4	42	5997
4	44	11251
4	46	5640
4	47	11181
4	49	10499
4	50	5154
4	52	9837
4	54	4905
4	55	9813
4	57	4697
4	58	9057
4	60	8616
4	61	4276
4	63	8147
4	65	4084
4	66	7382
4	68	8278
4	69	3659
4	71	7410
4	73	3277
4	74	6837
4	76	6727
4	77	3202
4	79	6173
4	81	3029
4	82	5577
4	84	2686
4	85	5116
4	87	5884
4	88	2715
4	90	5496
4	92	2411
4	93	4927
4	95	4462
4	96	2050
4	98	3886
4	100	1957
4	101	4281
4	103	3634
4	104	1767
4	106	3351
4	108	1693
4	109	3195
4	111	1643
4	112	3659
4	114	2837
4	115	1325
4	117	2672
4	119	1454
4	120	2384
4	122	2190
4	123	1278
4	125	2109
4	127	968
4	128	2070
4	130	2201
4	131	850
4	133	1874
4	135	774
4	136	1567
4	138	634
4	139	1524
4	141	1428
4	142	660
4	144	1291
4	146	501
4	147	1053
4	149	1109
4	150	423
4	152	997
4	154	719
4	155	924
4	157	721
4	158	347
4	160	679
4	162	332
4	163	703
4	165	344
4	166	648
4	168	608
4	169	210
4	171	730
4	173	245
4	174	365
4	176	494
4	177	167
4	179	333
4	181	153
4	182	262
4	184	255
4	185	95
4	187	192
4	189	82
4	190	272
4	192	73
4	193	125
4	195	236
4	196	104
4	198	164
4	200	54
4	201	130
4	203	61
4	204	71
4	206	65
4	208	18
4	209	20
4	211	9
4	212	2
4	214	16
4	216	5
5	0	21344
5	1	10226
5	2	7002
5	3	12793
5	4	6365
5	6	12286
5	7	5978
5	9	5998
5	10	11718
5	12	6300
5	13	11125
5	14	5733
5	16	10665
5	17	5556
5	19	5705
5	20	10817
5	22	10217
5	23	5120
5	25	10419
5	27	5119
5	28	10023
5	30	4999
5	31	10356
5	33	9861
5	34	4846
5	36	9251
5	38	4495
5	39	9105
5	41	8760
5	42	4557
5	44	9230
5	46	4377
5	47	8362
5	49	8543
5	50	3861
5	52	8247
5	54	4113
5	55	7241
5	57	3600
5	58	7206
5	60	7083
5	61	3602
5	63	6796
5	65	3147
5	66	7085
5	68	6625
5	69	3373
5	71	6719
5	73	3140
5	74	6091
5	76	5460
5	77	2739
5	79	5370
5	81	2402
5	82	5281
5	84	2445
5	85	4581
5	87	4878
5	88	2370
5	90	4796
5	92	2295
5	93	4473
5	95	3911
5	96	1766
5	98	3987
5	100	1725
5	101	3755
5	103	3556
5	104	1545
5	106	3086
5	108	1703
5	109	2918
5	111	1608
5	112	3181
5	114	3364
5	115	1421
5	117	2894
5	119	1345
5	120	2434
5	122	2416
5	123	1212
5	125	2606
5	127	1010
5	128	1990
5	130	1891
5	131	1053
5	133	1905
5	135	1054
5	136	1797
5	138	666
5	139	1547
5	141	1419
5	142	693
5	144	1424
5	146	604
5	147	1193
5	149	1079
5	150	653
5	152	1222
5	154	588
5	155	1149
5	157	1168
5	158	419
5	160	1066
5	162	526
5	163	907
5	165	389
5	166	776
5	168	766
5	169	338
5	171	636
5	173	280
5	174	490
5	176	452
5	177	318
5	179	508
5	181	269
5	182	496
5	184	491
5	185	190
5	187	532
5	189	213
5	190	264
5	192	122
5	193	173
5	195	200
5	196	72
5	198	142
5	200	71
5	201	158
5	203	109
5	204	56
5	206	208
5	208	41
5	209	70
5	211	48
5	212	35
5	214	14
5	216	33
6	0	14163
6	1	7191
6	2	5460
6	3	10495
6	4	4756
6	6	9970
6	7	4910
6	9	4972
6	10	9766
6	12	4910
6	13	10050
6	14	4677
6	16	10030
6	17	4961
6	19	4988
6	20	10067
6	22	10502
6	23	4929
6	25	9631
6	27	4856
6	28	9563
6	30	5055
6	31	10017
6	33	9071
6	34	4616
6	36	9114
6	38	4653
6	39	9396
6	41	9773
6	42	4519
6	44	9027
6	46	4293
6	47	8499
6	49	9157
6	50	4152
6	52	7941
6	54	4266
6	55	8354
6	57	4476
6	58	8136
6	60	7666
6	61	3886
6	63	7126
6	65	3605
6	66	6993
6	68	7420
6	69	3518
6	71	7370
6	73	3373
6	74	6698
6	76	6298
6	77	3083
6	79	6133
6	81	3222
6	82	5956
6	84	2975
6	85	5982
6	87	5605
6	88	3036
6	90	5408
6	92	2871
6	93	5075
6	95	4918
6	96	2164
6	98	4527
6	100	2418
6	101	4668
6	103	4155
6	104	2201
6	106	4434
6	108	2080
6	109	4112
6	111	1927
6	112	3991
6	114	3482
6	115	1814
6	117	3807
6	119	1695
6	120	3826
6	122	3074
6	123	1304
6	125	2930
6	127	1366
6	128	3205
6	130	3047
6	131	1563
6	133	2830
6	135	1247
6	136	2462
6	138	1284
6	139	2153
6	141	2377
6	142	1219
6	144	2230
6	146	1279
6	147	1967
6	149	1863
6	150	833
6	152	1761
6	154	912
6	155	1746
6	157	1691
6	158	772
6	160	1769
6	162	817
6	163	1275
6	165	618
6	166	1024
6	168	1114
6	169	420
6	171	1077
6	173	588
6	174	905
6	176	854
6	177	391
6	179	717
6	181	346
6	182	680
6	184	728
6	185	278
6	187	702
6	189	266
6	190	785
6	192	232
6	193	464
6	195	365
6	196	143
6	198	288
6	200	216
6	201	344
6	203	274
6	204	98
6	206	165
6	208	126
6	209	210
6	211	141
6	212	27
6	214	70
6	216	38
7	0	6395
7	1	3355
7	2	3114
7	3	6103
7	4	3102
7	6	5663
7	7	2918
7	9	3048
7	10	5894
7	12	2725
7	13	6094
7	14	3213
7	16	5968
7	17	3133
7	19	3879
7	20	6439
7	22	6513
7	23	3410
7	25	6957
7	27	3543
7	28	6841
7	30	3431
7	31	6657
7	33	6430
7	34	3471
7	36	6820
7	38	3225
7	39	7004
7	41	7226
7	42	3694
7	44	6570
7	46	3537
7	47	6480
7	49	6946
7	50	3585
7	52	6341
7	54	3328
7	55	6786
7	57	3436
7	58	6853
7	60	6573
7	61	3818
7	63	6702
7	65	3275
7	66	6327
7	68	6522
7	69	3267
7	71	6308
7	73	3018
7	74	5440
7	76	5867
7	77	2766
7	79	5294
7	81	2643
7	82	5267
7	84	2483
7	85	5024
7	87	5158
7	88	2456
7	90	5007
7	92	2577
7	93	5117
7	95	4617
7	96	2325
7	98	4726
7	100	2439
7	101	4536
7	103	4253
7	104	2430
7	106	4364
7	108	2041
7	109	4060
7	111	2055
7	112	3727
7	114	3666
7	115	1542
7	117	3270
7	119	1899
7	120	3847
7	122	3355
7	123	1510
7	125	3555
7	127	1454
7	128	3224
7	130	3075
7	131	1444
7	133	2877
7	135	1152
7	136	2754
7	138	1148
7	139	2340
7	141	2497
7	142	1362
7	144	2209
7	146	1102
7	147	1884
7	149	2145
7	150	846
7	152	1741
7	154	840
7	155	1673
7	157	1622
7	158	799
7	160	1454
7	162	694
7	163	1710
7	165	859
7	166	1426
7	168	1300
7	169	625
7	171	1173
7	173	539
7	174	1197
7	176	1066
7	177	537
7	179	884
7	181	484
7	182	845
7	184	748
7	185	380
7	187	705
7	189	310
7	190	585
7	192	205
7	193	439
7	195	499
7	196	287
7	198	441
7	200	268
7	201	360
7	203	298
7	204	188
7	206	246
7	208	195
7	209	223
7	211	240
7	212	55
7	214	150
7	216	53
8	0	3575
8	1	2102
8	2	1573
8	3	3347
8	4	1787
8	6	3952
8	7	1993
8	9	2307
8	10	4595
8	12	2115
8	13	4190
8	14	1851
8	16	4603
8	17	2032
8	19	2703
8	20	5033
8	22	4924
8	23	2687
8	25	4683
8	27	2636
8	28	5098
8	30	2681
8	31	5195
8	33	5317
8	34	2871
8	36	5723
8	38	2725
8	39	5712
8	41	5597
8	42	2508
8	44	5810
8	46	2864
8	47	5428
8	49	5294
8	50	2841
8	52	5691
8	54	2589
8	55	5126
8	57	2728
8	58	5215
8	60	5909
8	61	2465
8	63	5497
8	65	2674
8	66	5692
8	68	5170
8	69	3100
8	71	5686
8	73	2938
8	74	5724
8	76	5036
8	77	2507
8	79	5071
8	81	2513
8	82	4744
8	84	2642
8	85	5196
8	87	5182
8	88	2190
8	90	4941
8	92	2465
8	93	4701
8	95	4799
8	96	2627
8	98	4823
8	100	2501
8	101	4415
8	103	4331
8	104	2179
8	106	4507
8	108	2158
8	109	4543
8	111	2314
8	112	4439
8	114	3978
8	115	2010
8	117	4271
8	119	1921
8	120	3679
8	122	3697
8	123	1878
8	125	3539
8	127	1791
8	128	3542
8	130	3173
8	131	1757
8	133	3291
8	135	1697
8	136	3557
8	138	1559
8	139	3222
8	141	3039
8	142	1274
8	144	3360
8	146	1428
8	147	2922
8	149	2763
8	150	1422
8	152	2666
8	154	1286
8	155	2565
8	157	2676
8	158	1294
8	160	2309
8	162	1110
8	163	2049
8	165	1002
8	166	2186
8	168	2068
8	169	938
8	171	2133
8	173	821
8	174	1615
8	176	1400
8	177	730
8	179	1577
8	181	736
8	182	1293
8	184	1253
8	185	502
8	187	1272
8	189	663
8	190	1535
8	192	415
8	193	798
8	195	956
8	196	425
8	198	714
8	200	289
8	201	624
8	203	686
8	204	279
8	206	551
8	208	236
8	209	363
8	211	412
8	212	146
8	214	235
8	216	216
9	0	964
9	1	573
9	2	672
9	3	1587
9	4	950
9	6	1878
9	7	962
9	9	1147
9	10	1822
9	12	998
9	13	2392
9	14	946
9	16	2211
9	17	1306
9	19	1189
9	20	2403
9	22	2730
9	23	1225
9	25	2880
9	27	1357
9	28	3350
9	30	1445
9	31	3083
9	33	2871
9	34	1467
9	36	3160
9	38	1872
9	39	3163
9	41	3111
9	42	1712
9	44	3489
9	46	1683
9	47	3798
9	49	3733
9	50	1747
9	52	3787
9	54	2132
9	55	4006
9	57	1833
9	58	3749
9	60	4083
9	61	1923
9	63	3801
9	65	2000
9	66	3806
9	68	3756
9	69	2309
9	71	3905
9	73	1864
9	74	3995
9	76	4168
9	77	1989
9	79	3908
9	81	2116
9	82	4241
9	84	2036
9	85	3934
9	87	4038
9	88	2138
9	90	4115
9	92	1816
9	93	3866
9	95	4327
9	96	2051
9	98	4450
9	100	1833
9	101	4040
9	103	4011
9	104	2015
9	106	3824
9	108	2475
9	109	3903
9	111	1877
9	112	3763
9	114	3920
9	115	2016
9	117	3747
9	119	1818
9	120	3707
9	122	3783
9	123	2220
9	125	3806
9	127	1759
9	128	3534
9	130	3607
9	131	1727
9	133	3530
9	135	1534
9	136	3282
9	138	1668
9	139	3393
9	141	2984
9	142	1550
9	144	3613
9	146	1527
9	147	3363
9	149	2984
9	150	1414
9	152	3246
9	154	1460
9	155	2980
9	157	2944
9	158	1288
9	160	2876
9	162	1313
9	163	2286
9	165	1225
9	166	2806
9	168	2471
9	169	1181
9	171	2366
9	173	1116
9	174	2269
9	176	2348
9	177	960
9	179	1958
9	181	902
9	182	1954
9	184	2006
9	185	1038
9	187	1604
9	189	790
9	190	1566
9	192	828
9	193	1578
9	195	1526
9	196	767
9	198	1439
9	200	668
9	201	1052
9	203	1252
9	204	547
9	206	960
9	208	522
9	209	1149
9	211	747
9	212	312
9	214	1049
9	216	666
10	0	242
10	1	158
10	2	191
10	3	490
10	4	162
10	6	359
10	7	151
10	9	272
10	10	645
10	12	267
10	13	543
10	14	344
10	16	694
10	17	347
10	19	436
10	20	864
10	22	865
10	23	497
10	25	987
10	27	564
10	28	1234
10	30	594
10	31	1200
10	33	1278
10	34	681
10	36	1604
10	38	711
10	39	1462
10	41	1549
10	42	887
10	44	1651
10	46	773
10	47	1806
10	49	1845
10	50	887
10	52	1971
10	54	931
10	55	1890
10	57	1119
10	58	2037
10	60	2116
10	61	1127
10	63	2156
10	65	1137
10	66	2311
10	68	2012
10	69	1024
10	71	2339
10	73	1247
10	74	2400
10	76	2489
10	77	1351
10	79	2491
10	81	1212
10	82	2692
10	84	1293
10	85	2812
10	87	2948
10	88	1577
10	90	3039
10	92	1292
10	93	2863
10	95	3132
10	96	1640
10	98	2946
10	100	1734
10	101	3356
10	103	2957
10	104	1675
10	106	3097
10	108	1576
10	109	3065
10	111	1588
10	112	3362
10	114	3459
10	115	1814
10	117	3343
10	119	1760
10	120	3172
10	122	3358
10	123	1702
10	125	3333
10	127	1779
10	128	3569
10	130	3481
10	131	1674
10	133	3391
10	135	1755
10	136	3517
10	138	1848
10	139	3581
10	141	3474
10	142	1645
10	144	3509
10	146	1876
10	147	3880
10	149	3606
10	150	1744
10	152	3393
10	154	1889
10	155	3248
10	157	3449
10	158	1782
10	160	3068
10	162	1638
10	163	3595
10	165	1578
10	166	3469
10	168	3627
10	169	1766
10	171	3359
10	173	1716
10	174	2943
10	176	2982
10	177	1502
10	179	3357
10	181	1632
10	182	3073
10	184	2957
10	185	1567
10	187	2874
10	189	1731
10	190	3041
10	192	1473
10	193	2658
10	195	3049
10	196	1414
10	198	2770
10	200	1187
10	201	2452
10	203	2266
10	204	1046
10	206	2235
10	208	1125
10	209	2203
10	211	1978
10	212	1048
10	214	2839
10	216	4535
