UKB_sparse_bin	YRI_bin	UKB_WBfreq
0	0	2246
0	1	75
0	2	27
0	3	113
0	4	24
0	6	24
0	7	16
0	9	13
0	10	20
0	12	23
0	13	31
0	14	11
0	16	80
0	17	14
0	19	13
0	20	9
0	22	9
0	23	4
0	25	12
0	27	6
0	28	27
0	30	1
0	31	2
0	33	20
0	34	11
0	36	7
0	38	20
0	39	5
0	41	14
0	42	3
0	44	3
0	46	2
0	47	8
0	49	11
0	50	1
0	54	5
0	55	21
0	57	1
0	58	13
0	60	3
0	63	3
0	66	3
0	69	6
0	71	3
0	74	8
0	76	1
0	81	1
0	84	2
0	85	2
0	87	1
0	90	1
0	92	1
0	95	2
0	98	1
0	104	3
0	106	1
0	111	4
0	128	1
0	135	1
0	149	1
0	155	7
1	0	964944
1	1	47006
1	2	29149
1	3	44928
1	4	18539
1	6	33560
1	7	16690
1	9	15415
1	10	29092
1	12	14049
1	13	26015
1	14	12104
1	16	21715
1	17	10732
1	19	10244
1	20	19848
1	22	19448
1	23	8484
1	25	16040
1	27	7979
1	28	14888
1	30	7412
1	31	13998
1	33	12792
1	34	6424
1	36	12056
1	38	5118
1	39	11485
1	41	10749
1	42	4622
1	44	9011
1	46	4455
1	47	7706
1	49	7572
1	50	3723
1	52	6947
1	54	3406
1	55	6577
1	57	2982
1	58	5875
1	60	5060
1	61	2688
1	63	5411
1	65	2576
1	66	4370
1	68	4496
1	69	2274
1	71	3759
1	73	1780
1	74	3240
1	76	3547
1	77	1456
1	79	2838
1	81	1424
1	82	2839
1	84	1500
1	85	2574
1	87	2070
1	88	1158
1	90	2020
1	92	1002
1	93	1580
1	95	1476
1	96	601
1	98	1454
1	100	635
1	101	1192
1	103	852
1	104	452
1	106	964
1	108	402
1	109	937
1	111	741
1	112	819
1	114	763
1	115	272
1	117	596
1	119	269
1	120	550
1	122	645
1	123	212
1	125	489
1	127	257
1	128	328
1	130	345
1	131	204
1	133	314
1	135	181
1	136	400
1	138	160
1	139	235
1	141	204
1	142	91
1	144	186
1	146	134
1	147	237
1	149	145
1	150	89
1	152	117
1	154	29
1	155	86
1	157	149
1	158	80
1	160	81
1	162	33
1	163	87
1	165	28
1	166	44
1	168	69
1	169	189
1	171	235
1	173	35
1	174	19
1	176	16
1	177	14
1	179	15
1	181	7
1	182	106
1	184	57
1	187	10
1	189	6
1	190	11
1	192	4
1	193	9
1	195	6
1	196	2
1	198	1
1	200	1
1	206	3
1	208	1
1	211	1
2	0	144155
2	1	23199
2	2	15004
2	3	23249
2	4	10639
2	6	20285
2	7	9880
2	9	9633
2	10	17763
2	12	8702
2	13	15885
2	14	7766
2	16	15173
2	17	6973
2	19	6699
2	20	13292
2	22	12229
2	23	6269
2	25	11973
2	27	5535
2	28	11282
2	30	4899
2	31	9882
2	33	9395
2	34	4687
2	36	8471
2	38	4281
2	39	8570
2	41	7712
2	42	3485
2	44	6884
2	46	3634
2	47	6420
2	49	6200
2	50	2834
2	52	6321
2	54	2917
2	55	5263
2	57	2673
2	58	4814
2	60	4561
2	61	2306
2	63	4137
2	65	2162
2	66	4124
2	68	3788
2	69	1807
2	71	3466
2	73	1743
2	74	3171
2	76	2808
2	77	1414
2	79	2619
2	81	1243
2	82	2595
2	84	1236
2	85	2076
2	87	2201
2	88	958
2	90	2060
2	92	958
2	93	1873
2	95	1713
2	96	1020
2	98	1580
2	100	697
2	101	1298
2	103	1192
2	104	642
2	106	1209
2	108	495
2	109	917
2	111	500
2	112	1011
2	114	843
2	115	476
2	117	845
2	119	361
2	120	740
2	122	599
2	123	362
2	125	612
2	127	286
2	128	554
2	130	451
2	131	213
2	133	367
2	135	179
2	136	388
2	138	233
2	139	369
2	141	379
2	142	118
2	144	279
2	146	112
2	147	223
2	149	277
2	150	98
2	152	264
2	154	147
2	155	181
2	157	316
2	158	53
2	160	157
2	162	88
2	163	141
2	165	34
2	166	82
2	168	59
2	169	21
2	171	59
2	173	32
2	174	71
2	176	73
2	177	20
2	179	39
2	181	21
2	182	16
2	184	20
2	185	38
2	187	32
2	189	11
2	190	102
2	192	4
2	193	28
2	195	32
2	196	11
2	198	18
2	200	5
2	201	11
2	204	1
2	206	1
2	208	2
2	209	2
2	211	7
2	212	1
2	214	1
2	216	1
3	0	61268
3	1	14949
3	2	11104
3	3	17755
3	4	7649
3	6	14899
3	7	6427
3	9	6234
3	10	13014
3	12	6755
3	13	12390
3	14	6319
3	16	11672
3	17	5833
3	19	5198
3	20	10491
3	22	9833
3	23	4967
3	25	10098
3	27	4762
3	28	9203
3	30	5063
3	31	9379
3	33	8906
3	34	4412
3	36	8155
3	38	3736
3	39	7691
3	41	6748
3	42	3667
3	44	6721
3	46	3174
3	47	7022
3	49	6314
3	50	2958
3	52	5768
3	54	2743
3	55	5351
3	57	2986
3	58	5395
3	60	5259
3	61	2474
3	63	4174
3	65	2168
3	66	4155
3	68	3855
3	69	1981
3	71	3881
3	73	1819
3	74	3637
3	76	3304
3	77	1547
3	79	3004
3	81	1296
3	82	2755
3	84	1504
3	85	2677
3	87	2748
3	88	1176
3	90	2495
3	92	1123
3	93	1904
3	95	1878
3	96	874
3	98	1954
3	100	904
3	101	1720
3	103	1513
3	104	825
3	106	1465
3	108	614
3	109	1389
3	111	635
3	112	1304
3	114	1312
3	115	617
3	117	1157
3	119	450
3	120	943
3	122	846
3	123	435
3	125	821
3	127	407
3	128	786
3	130	758
3	131	321
3	133	627
3	135	276
3	136	641
3	138	219
3	139	459
3	141	609
3	142	222
3	144	335
3	146	225
3	147	320
3	149	300
3	150	139
3	152	254
3	154	145
3	155	278
3	157	177
3	158	152
3	160	192
3	162	124
3	163	152
3	165	122
3	166	159
3	168	134
3	169	43
3	171	127
3	173	33
3	174	143
3	176	158
3	177	43
3	179	149
3	181	41
3	182	98
3	184	56
3	185	22
3	187	69
3	189	18
3	190	28
3	192	13
3	193	35
3	195	12
3	196	5
3	198	28
3	200	25
3	201	8
3	203	3
3	204	6
3	206	7
3	208	2
3	209	9
3	211	10
3	212	6
3	214	17
3	216	1
4	0	46595
4	1	15624
4	2	12330
4	3	20036
4	4	9124
4	6	16842
4	7	8377
4	9	8069
4	10	15388
4	12	7677
4	13	15416
4	14	8254
4	16	15118
4	17	6972
4	19	6977
4	20	14372
4	22	13582
4	23	6607
4	25	13056
4	27	6478
4	28	12603
4	30	6197
4	31	12738
4	33	12146
4	34	6114
4	36	12252
4	38	5833
4	39	10829
4	41	10601
4	42	5186
4	44	10129
4	46	5005
4	47	10029
4	49	9613
4	50	4492
4	52	8779
4	54	4455
4	55	8392
4	57	4264
4	58	8147
4	60	7761
4	61	3655
4	63	7386
4	65	3859
4	66	6605
4	68	6778
4	69	3468
4	71	6400
4	73	2854
4	74	5547
4	76	5807
4	77	2951
4	79	5328
4	81	2504
4	82	4999
4	84	2340
4	85	4223
4	87	4793
4	88	2281
4	90	4386
4	92	2117
4	93	3799
4	95	3828
4	96	1866
4	98	3772
4	100	1684
4	101	3613
4	103	3463
4	104	1397
4	106	2854
4	108	1281
4	109	2770
4	111	1169
4	112	2472
4	114	2308
4	115	1161
4	117	2064
4	119	1226
4	120	2027
4	122	1877
4	123	926
4	125	1655
4	127	784
4	128	1756
4	130	1679
4	131	718
4	133	1578
4	135	696
4	136	1370
4	138	576
4	139	1253
4	141	1233
4	142	537
4	144	951
4	146	413
4	147	943
4	149	887
4	150	301
4	152	813
4	154	355
4	155	766
4	157	491
4	158	291
4	160	572
4	162	323
4	163	603
4	165	320
4	166	483
4	168	345
4	169	177
4	171	517
4	173	192
4	174	257
4	176	263
4	177	91
4	179	168
4	181	90
4	182	130
4	184	182
4	185	82
4	187	152
4	189	61
4	190	98
4	192	71
4	193	95
4	195	103
4	196	84
4	198	54
4	200	40
4	201	144
4	203	36
4	204	27
4	206	31
4	208	9
4	209	11
4	211	15
4	214	22
4	216	4
5	0	25177
5	1	9836
5	2	7705
5	3	13812
5	4	6667
5	6	12649
5	7	6500
5	9	6133
5	10	11543
5	12	6201
5	13	11652
5	14	5708
5	16	10956
5	17	5439
5	19	5773
5	20	11046
5	22	10678
5	23	5119
5	25	10451
5	27	5400
5	28	10583
5	30	5151
5	31	10572
5	33	10074
5	34	5071
5	36	9331
5	38	4540
5	39	8962
5	41	8875
5	42	4425
5	44	8570
5	46	4609
5	47	8640
5	49	8243
5	50	4005
5	52	7998
5	54	4324
5	55	7380
5	57	3774
5	58	7572
5	60	7129
5	61	3337
5	63	6464
5	65	2921
5	66	6577
5	68	6568
5	69	2942
5	71	6197
5	73	2791
5	74	5753
5	76	5398
5	77	2579
5	79	5073
5	81	2333
5	82	5068
5	84	2399
5	85	4464
5	87	4889
5	88	2301
5	90	4970
5	92	2404
5	93	4038
5	95	3709
5	96	1963
5	98	3983
5	100	1799
5	101	3588
5	103	3217
5	104	1748
5	106	3125
5	108	1766
5	109	2886
5	111	1303
5	112	2938
5	114	3126
5	115	1553
5	117	2752
5	119	1313
5	120	2158
5	122	2096
5	123	1014
5	125	1909
5	127	894
5	128	1805
5	130	1735
5	131	965
5	133	1725
5	135	820
5	136	1686
5	138	660
5	139	1507
5	141	1368
5	142	629
5	144	1288
5	146	519
5	147	1061
5	149	1073
5	150	550
5	152	1014
5	154	554
5	155	1162
5	157	1227
5	158	415
5	160	812
5	162	368
5	163	869
5	165	378
5	166	697
5	168	755
5	169	267
5	171	608
5	173	206
5	174	557
5	176	462
5	177	360
5	179	369
5	181	208
5	182	531
5	184	468
5	185	181
5	187	395
5	189	147
5	190	203
5	192	84
5	193	117
5	195	186
5	196	91
5	198	148
5	200	56
5	201	119
5	203	75
5	204	46
5	206	100
5	208	25
5	209	55
5	211	37
5	212	25
5	214	10
5	216	15
6	0	15971
6	1	8891
6	2	6829
6	3	11588
6	4	5573
6	6	11521
6	7	5615
6	9	5582
6	10	11236
6	12	6216
6	13	10710
6	14	4934
6	16	11280
6	17	5240
6	19	5116
6	20	11095
6	22	10296
6	23	4924
6	25	10280
6	27	5534
6	28	10306
6	30	4716
6	31	11191
6	33	9517
6	34	5101
6	36	10002
6	38	4436
6	39	9307
6	41	9439
6	42	4503
6	44	9600
6	46	4521
6	47	8880
6	49	9633
6	50	4529
6	52	8366
6	54	4297
6	55	8918
6	57	4453
6	58	8306
6	60	7683
6	61	3892
6	63	6985
6	65	3889
6	66	7643
6	68	7189
6	69	3735
6	71	7925
6	73	3438
6	74	7160
6	76	6303
6	77	3155
6	79	5868
6	81	3008
6	82	5808
6	84	3109
6	85	5821
6	87	5650
6	88	2776
6	90	5503
6	92	3043
6	93	5757
6	95	5085
6	96	2287
6	98	4457
6	100	2380
6	101	4365
6	103	4423
6	104	2205
6	106	4285
6	108	1998
6	109	3993
6	111	1980
6	112	4253
6	114	3526
6	115	1514
6	117	3535
6	119	1409
6	120	3710
6	122	2738
6	123	1167
6	125	2945
6	127	1308
6	128	2961
6	130	3187
6	131	1406
6	133	2675
6	135	1171
6	136	2272
6	138	1058
6	139	2089
6	141	2082
6	142	1013
6	144	2066
6	146	1048
6	147	1627
6	149	1556
6	150	865
6	152	1826
6	154	771
6	155	1658
6	157	1351
6	158	773
6	160	2006
6	162	776
6	163	1086
6	165	566
6	166	1153
6	168	915
6	169	417
6	171	930
6	173	590
6	174	712
6	176	670
6	177	339
6	179	657
6	181	273
6	182	573
6	184	560
6	185	197
6	187	738
6	189	238
6	190	709
6	192	176
6	193	277
6	195	330
6	196	95
6	198	270
6	200	184
6	201	425
6	203	194
6	204	22
6	206	168
6	208	86
6	209	147
6	211	58
6	212	22
6	214	54
6	216	66
7	0	10201
7	1	5142
7	2	4243
7	3	8591
7	4	3949
7	6	7956
7	7	3851
7	9	3976
7	10	8335
7	12	3717
7	13	8181
7	14	4240
7	16	8629
7	17	4666
7	19	5074
7	20	8925
7	22	9244
7	23	4683
7	25	9082
7	27	4281
7	28	8910
7	30	4317
7	31	8590
7	33	8634
7	34	4899
7	36	8675
7	38	4468
7	39	9198
7	41	9705
7	42	4439
7	44	8160
7	46	4245
7	47	8223
7	49	8718
7	50	4384
7	52	7426
7	54	4305
7	55	8195
7	57	3999
7	58	8121
7	60	8011
7	61	4762
7	63	8848
7	65	3737
7	66	7833
7	68	7499
7	69	3922
7	71	7501
7	73	3471
7	74	6780
7	76	6892
7	77	3299
7	79	6608
7	81	3566
7	82	6316
7	84	2858
7	85	6237
7	87	6434
7	88	2944
7	90	6136
7	92	3533
7	93	5952
7	95	5611
7	96	2746
7	98	5745
7	100	2821
7	101	5641
7	103	5035
7	104	3135
7	106	5549
7	108	3488
7	109	4849
7	111	2441
7	112	4292
7	114	4143
7	115	1873
7	117	4076
7	119	2288
7	120	4207
7	122	3753
7	123	1860
7	125	3798
7	127	1811
7	128	3913
7	130	3627
7	131	1874
7	133	3753
7	135	1482
7	136	3450
7	138	1356
7	139	2658
7	141	3229
7	142	1776
7	144	2698
7	146	1424
7	147	2474
7	149	2337
7	150	1134
7	152	2297
7	154	1038
7	155	2021
7	157	1851
7	158	1041
7	160	1768
7	162	1020
7	163	1788
7	165	831
7	166	1515
7	168	1620
7	169	688
7	171	1593
7	173	704
7	174	1170
7	176	1150
7	177	649
7	179	1070
7	181	420
7	182	921
7	184	830
7	185	405
7	187	885
7	189	381
7	190	723
7	192	287
7	193	647
7	195	530
7	196	381
7	198	405
7	200	407
7	201	470
7	203	295
7	204	135
7	206	255
7	208	196
7	209	202
7	211	234
7	212	63
7	214	125
7	216	58
8	0	4340
8	1	2602
8	2	2242
8	3	4239
8	4	1904
8	6	4367
8	7	2274
8	9	2235
8	10	4792
8	12	2386
8	13	4915
8	14	2306
8	16	4776
8	17	2154
8	19	2730
8	20	4952
8	22	4966
8	23	2888
8	25	5592
8	27	2668
8	28	5382
8	30	2741
8	31	5061
8	33	5292
8	34	3191
8	36	6375
8	38	3015
8	39	6208
8	41	5899
8	42	3030
8	44	6227
8	46	3110
8	47	5897
8	49	5979
8	50	3457
8	52	5976
8	54	2896
8	55	5590
8	57	3437
8	58	5839
8	60	6086
8	61	2802
8	63	6099
8	65	3115
8	66	5668
8	68	6111
8	69	3107
8	71	6527
8	73	2924
8	74	6096
8	76	5931
8	77	2772
8	79	5685
8	81	2651
8	82	5553
8	84	3458
8	85	5341
8	87	5835
8	88	2466
8	90	4920
8	92	2330
8	93	5208
8	95	4758
8	96	2715
8	98	4812
8	100	2506
8	101	4677
8	103	4736
8	104	2165
8	106	4642
8	108	2201
8	109	4503
8	111	2255
8	112	4236
8	114	4044
8	115	1963
8	117	3851
8	119	2196
8	120	3819
8	122	3861
8	123	1919
8	125	3542
8	127	1850
8	128	3657
8	130	3687
8	131	1887
8	133	3368
8	135	1394
8	136	3413
8	138	1458
8	139	2843
8	141	3011
8	142	1330
8	144	2896
8	146	1368
8	147	2613
8	149	2714
8	150	1428
8	152	2732
8	154	1207
8	155	2711
8	157	2597
8	158	1261
8	160	1988
8	162	1227
8	163	2096
8	165	1022
8	166	1889
8	168	1691
8	169	783
8	171	1775
8	173	811
8	174	1448
8	176	1963
8	177	666
8	179	1628
8	181	667
8	182	1198
8	184	1007
8	185	529
8	187	1196
8	189	800
8	190	1465
8	192	429
8	193	814
8	195	942
8	196	312
8	198	701
8	200	294
8	201	662
8	203	519
8	204	281
8	206	694
8	208	253
8	209	384
8	211	322
8	212	106
8	214	248
8	216	223
9	0	1266
9	1	803
9	2	867
9	3	1618
9	4	999
9	6	2101
9	7	867
9	9	1044
9	10	1997
9	12	1054
9	13	2416
9	14	1239
9	16	2841
9	17	1387
9	19	1519
9	20	2749
9	22	2738
9	23	1524
9	25	3725
9	27	1493
9	28	3583
9	30	1582
9	31	3417
9	33	3393
9	34	1526
9	36	3550
9	38	1825
9	39	3606
9	41	3706
9	42	1797
9	44	3715
9	46	2018
9	47	3737
9	49	3931
9	50	2011
9	52	4042
9	54	2157
9	55	4014
9	57	1974
9	58	3870
9	60	3833
9	61	1861
9	63	3889
9	65	1885
9	66	4087
9	68	4046
9	69	2435
9	71	4120
9	73	2179
9	74	4619
9	76	4294
9	77	2044
9	79	4262
9	81	2127
9	82	4566
9	84	2351
9	85	4306
9	87	4220
9	88	2372
9	90	4277
9	92	2010
9	93	4387
9	95	4592
9	96	2247
9	98	4491
9	100	2003
9	101	3979
9	103	4176
9	104	2155
9	106	4207
9	108	2132
9	109	3878
9	111	2202
9	112	4175
9	114	4355
9	115	2251
9	117	3957
9	119	1729
9	120	3598
9	122	3685
9	123	2009
9	125	3860
9	127	1746
9	128	3717
9	130	3305
9	131	1670
9	133	3613
9	135	1875
9	136	3439
9	138	1641
9	139	3176
9	141	2978
9	142	1489
9	144	3162
9	146	1560
9	147	3228
9	149	3004
9	150	1497
9	152	3084
9	154	1552
9	155	2884
9	157	2942
9	158	1374
9	160	2968
9	162	1154
9	163	2330
9	165	1307
9	166	2415
9	168	2052
9	169	1155
9	171	2204
9	173	1034
9	174	2191
9	176	2245
9	177	817
9	179	1498
9	181	825
9	182	1610
9	184	1744
9	185	826
9	187	1448
9	189	728
9	190	1559
9	192	655
9	193	1392
9	195	1330
9	196	718
9	198	1330
9	200	569
9	201	965
9	203	874
9	204	491
9	206	706
9	208	410
9	209	791
9	211	583
9	212	294
9	214	670
9	216	494
10	0	352
10	1	289
10	2	207
10	3	499
10	4	258
10	6	624
10	7	209
10	9	366
10	10	607
10	12	281
10	13	763
10	14	370
10	16	808
10	17	559
10	19	523
10	20	973
10	22	1007
10	23	626
10	25	1207
10	27	620
10	28	1193
10	30	603
10	31	1184
10	33	1330
10	34	776
10	36	1355
10	38	795
10	39	1486
10	41	1547
10	42	772
10	44	1712
10	46	727
10	47	1575
10	49	1627
10	50	785
10	52	1768
10	54	890
10	55	1832
10	57	1099
10	58	2024
10	60	1828
10	61	915
10	63	2284
10	65	1107
10	66	2118
10	68	2140
10	69	1064
10	71	2194
10	73	1071
10	74	2410
10	76	2362
10	77	1337
10	79	2609
10	81	1295
10	82	2772
10	84	1200
10	85	2872
10	87	2841
10	88	1585
10	90	3108
10	92	1447
10	93	2889
10	95	3083
10	96	1640
10	98	3046
10	100	1530
10	101	3165
10	103	3230
10	104	1643
10	106	3293
10	108	1514
10	109	3284
10	111	1626
10	112	3377
10	114	3280
10	115	1685
10	117	3242
10	119	1723
10	120	3458
10	122	3695
10	123	1784
10	125	3715
10	127	1866
10	128	3826
10	130	3591
10	131	1788
10	133	3621
10	135	1696
10	136	3679
10	138	1853
10	139	3710
10	141	3982
10	142	1924
10	144	3827
10	146	1892
10	147	4053
10	149	4075
10	150	2078
10	152	4027
10	154	1945
10	155	3874
10	157	4020
10	158	2114
10	160	3924
10	162	2040
10	163	3896
10	165	2103
10	166	4022
10	168	3808
10	169	1982
10	171	3852
10	173	2038
10	174	3790
10	176	4049
10	177	1883
10	179	3624
10	181	1957
10	182	3819
10	184	3932
10	185	1886
10	187	3743
10	189	1950
10	190	4003
10	192	1753
10	193	3505
10	195	3976
10	196	1742
10	198	3713
10	200	1805
10	201	3459
10	203	3253
10	204	1568
10	206	3883
10	208	1773
10	209	3147
10	211	3535
10	212	1625
10	214	4876
10	216	17442
