n_matched
189227
74359
104828
45404
37247
71912
40544
68178
52687
52310
51744
49339
47412
45252
42304
2
31624
12714
16847
7168
6076
12006
6361
11577
8788
8662
8653
8352
8271
8005
8208
21413
9058
12081
5129
4447
8674
4610
8081
5895
6226
5913
5951
5827
5819
5873
1
16042
6668
9397
3873
3495
6718
3272
5845
4715
4422
4791
4599
4446
4488
4481
13909
5162
7608
3233
2534
5154
2643
4856
3618
3758
3626
3772
3794
3619
3688
21566
8532
12631
5585
4767
8138
4214
7605
5726
5555
5991
5978
5722
5983
6187
1
16672
6382
9420
4542
3544
6717
3479
6000
4756
4688
4450
4598
4775
4740
4876
1
14340
5343
7937
3203
2906
5821
2853
4927
3627
3709
4153
3857
4135
3878
4266
12234
4813
6784
3088
2643
5278
2514
4374
3183
3332
3545
3346
3405
3474
3677
4
10664
4265
6056
2607
2319
4232
2168
3743
2898
2977
3002
3025
2963
2931
3162
1
9397
3942
5552
2598
2194
3578
1883
3956
2642
2602
2576
2602
2932
3046
3246
1
8767
3666
5266
1944
1763
3481
1661
3128
2335
2445
2572
2446
2574
2577
2875
8584
3596
4832
2060
1923
3144
1457
2879
2305
2354
2505
2408
2201
2625
2752
7793
3170
4322
2135
1804
2803
1297
2734
2047
2323
2183
2451
2228
2389
2449
7562
3163
4176
2093
1519
2989
1456
2705
1935
2271
2231
2095
2207
2305
2434
6717
2991
3889
1847
1591
2641
1228
2488
1963
1951
2156
2116
1964
2055
2282
6517
2698
3865
1918
1334
2515
1122
2237
1820
1850
1954
1836
1873
2095
2228
6323
2433
3271
1806
1324
2309
1120
2371
1614
1802
1766
1833
1701
1891
2090
6368
2407
3285
1707
1157
2343
1228
2129
1676
1829
1740
1850
1714
1856
1938
5632
2475
3446
1478
1109
2424
1235
2078
1543
1847
1741
1697
1588
1723
1906
5406
2244
3324
1488
1209
2305
1089
1975
1466
1647
1730
1556
1604
1619
1816
5338
2232
3040
1198
1169
2079
1089
1864
1561
1592
1619
1514
1629
1594
1726
9802
4143
6095
2440
2299
3910
1900
3777
2810
3034
3130
3088
3039
2976
3382
9244
3800
5427
2498
2227
3629
2081
3636
2506
2655
3088
2717
2772
2844
3047
9195
3590
5215
2430
1977
3782
1729
2919
2215
2373
2944
2812
2638
2709
2943
8411
3510
5064
2258
1883
3225
1490
3195
2481
2247
2569
2507
2537
2569
2821
7657
3454
4786
2004
1635
3057
1506
2734
2202
2374
2309
2409
2331
2431
2698
7352
3041
4489
1972
1557
3023
1487
2815
2232
2136
2131
2309
2351
2404
2613
7022
2899
4159
1940
1481
2916
1428
2882
1987
1881
2133
2126
2178
2222
2393
7006
2618
3765
1728
1480
2628
1322
2561
1980
1935
2065
2057
1913
2340
2585
7052
2684
3636
1857
1367
2646
1374
2334
1791
1925
2016
2090
1877
2086
2395
6824
2601
3466
1659
1443
2760
1197
2471
1786
1671
1686
1850
1875
2005
2304
6242
2418
3572
1428
1100
2424
1158
1974
1599
1728
1726
1850
1862
1905
2133
5971
2363
3118
1516
1081
2329
1044
2150
1576
1544
1648
1669
1751
1818
1886
5896
2298
3165
1445
1187
2555
1121
2012
1646
1819
1820
1781
1713
1815
1922
5571
2297
2952
1540
1111
2299
1163
1796
1417
1561
1524
1697
1575
1647
1939
5149
2214
3027
1441
1130
2216
933
2040
1448
1591
1704
1477
1505
1631
1824
4953
2263
2903
1146
1096
1890
887
1846
1474
1510
1634
1443
1523
1595
1736
4975
2023
2825
1317
1071
2189
920
1744
1279
1437
1426
1628
1357
1444
1816
4942
1912
2838
1127
926
1985
938
1770
1423
1419
1570
1574
1355
1499
1528
4483
1869
2543
1076
807
1886
919
1880
1192
1190
1386
1331
1379
1392
1611
4318
1845
2743
1026
907
1707
722
1681
1266
1262
1430
1396
1473
1453
1479
4468
1735
2487
1372
927
1945
887
1554
1110
1226
1245
1377
1332
1406
1520
4599
1715
2369
1065
817
1665
771
1749
1044
1273
1384
1229
1165
1315
1410
3903
1587
2575
1055
964
1562
732
1503
1236
1208
1132
1279
1270
1276
1465
4042
1791
2264
1030
909
1622
787
1659
1186
1172
1174
1257
1216
1304
1327
1
3787
1601
2240
1079
931
1641
714
1516
1140
1082
1102
1166
1232
1276
1436
3965
1615
2294
877
815
1315
709
1342
1093
1104
1103
1081
1150
1122
1356
3756
1486
2208
903
867
1467
570
1315
1196
982
1229
1171
1101
1156
1315
3738
1458
2091
894
808
1460
655
1274
1009
1029
1201
1153
1089
1120
1280
3559
1379
2183
791
829
1503
725
1416
1114
1165
1161
1018
1115
1090
1233
3701
1364
2369
754
791
1231
568
1336
1003
1118
1067
1056
1151
1072
1238
3385
1447
2316
793
798
1309
639
1446
1062
1105
1081
1064
1126
959
1253
3783
1293
2034
981
637
1392
771
1258
1058
1050
1037
1038
1006
1153
1230
1
3689
1334
2056
869
615
1288
651
1166
892
995
1006
1041
1005
1237
1287
3785
1583
2130
898
701
1594
607
1260
1039
1155
1174
1139
1104
1166
1351
3673
1520
2183
848
732
1516
655
1259
1022
1097
1172
1210
1046
1260
1214
3643
1427
2357
867
761
1496
757
1553
981
1098
1022
982
1222
1223
1289
3
3932
1466
2338
849
908
1664
715
1418
1052
1166
1179
1223
1164
1304
1304
4337
1617
2600
931
820
1959
778
1464
1236
1337
1330
1365
1536
1433
1453
5419
1894
3007
1386
1040
2095
889
1860
1483
1438
1572
1581
1501
1581
1731
8998
3530
5503
2082
1607
3629
2066
3530
2648
2611
2582
2867
2649
2739
2752
40
4
25
7
8
12
14
15
19
8
9
15
3
5
5
1
1
1
1
