UKB_sparse_bin	YRI_bin	UKB_WBfreq
1	0	430
1	1	16
1	2	11
1	3	5
1	4	5
1	6	8
1	7	3
1	9	6
1	10	7
1	12	3
1	13	7
1	14	7
1	16	4
1	17	1
1	19	4
1	20	3
1	22	10
1	23	1
1	25	6
1	27	3
1	28	1
1	31	4
1	33	3
1	34	2
1	36	3
1	38	1
1	39	1
1	41	3
1	42	1
1	44	1
1	46	1
1	47	2
1	49	1
1	52	2
1	54	1
1	55	2
1	57	2
1	60	1
1	66	1
1	69	2
1	71	1
1	76	2
1	77	1
1	85	1
1	87	1
1	101	1
1	109	1
1	127	1
2	0	209
2	1	33
2	2	10
2	3	29
2	4	10
2	6	19
2	7	13
2	9	10
2	10	17
2	12	5
2	13	10
2	14	8
2	16	9
2	17	5
2	19	5
2	20	12
2	22	8
2	23	6
2	25	11
2	27	4
2	28	7
2	30	4
2	31	8
2	33	6
2	34	7
2	36	9
2	38	1
2	39	7
2	41	7
2	42	2
2	44	5
2	46	8
2	47	7
2	49	5
2	50	1
2	52	5
2	54	1
2	55	2
2	57	3
2	58	2
2	60	2
2	61	2
2	63	4
2	65	2
2	66	1
2	68	2
2	69	1
2	71	1
2	73	2
2	74	1
2	76	1
2	79	3
2	82	1
2	85	2
2	87	2
2	90	2
2	95	2
2	96	1
2	98	1
2	100	2
2	103	1
2	104	1
2	106	2
2	108	1
2	109	2
2	112	3
2	114	1
2	115	1
2	123	1
2	133	1
2	135	1
2	162	1
2	166	1
2	168	1
2	179	1
3	0	97
3	1	23
3	2	16
3	3	26
3	4	7
3	6	22
3	7	17
3	9	5
3	10	13
3	12	9
3	13	19
3	14	7
3	16	12
3	17	4
3	19	7
3	20	10
3	22	11
3	23	8
3	25	11
3	27	5
3	28	16
3	30	5
3	31	10
3	33	11
3	34	3
3	36	7
3	38	3
3	39	9
3	41	13
3	42	2
3	44	14
3	46	2
3	47	9
3	49	9
3	50	3
3	52	3
3	54	2
3	55	4
3	57	4
3	58	3
3	60	2
3	61	4
3	63	4
3	65	2
3	66	5
3	68	2
3	69	4
3	71	1
3	73	3
3	74	9
3	76	8
3	77	1
3	79	6
3	81	4
3	82	1
3	84	2
3	85	6
3	87	2
3	90	5
3	92	2
3	93	2
3	95	3
3	96	1
3	98	1
3	100	3
3	101	2
3	103	2
3	104	2
3	106	1
3	109	1
3	111	2
3	112	2
3	114	1
3	120	2
3	122	4
3	123	1
3	125	1
3	127	1
3	136	2
3	141	1
3	142	2
3	147	3
3	150	1
3	152	1
3	154	1
3	157	1
3	165	1
3	166	1
3	171	1
3	173	1
3	176	1
3	201	1
4	0	66
4	1	25
4	2	9
4	3	18
4	4	10
4	6	19
4	7	5
4	9	4
4	10	10
4	12	8
4	13	15
4	14	5
4	16	11
4	17	8
4	19	13
4	20	12
4	22	15
4	23	10
4	25	13
4	27	6
4	28	7
4	30	3
4	31	18
4	33	9
4	34	6
4	36	8
4	38	4
4	39	7
4	41	13
4	42	5
4	44	7
4	46	5
4	47	7
4	49	5
4	50	3
4	52	9
4	54	3
4	55	9
4	57	3
4	58	10
4	60	3
4	61	4
4	63	5
4	65	3
4	66	2
4	68	4
4	69	3
4	71	3
4	73	3
4	74	8
4	76	5
4	77	1
4	79	4
4	81	4
4	82	6
4	84	1
4	85	5
4	87	3
4	88	2
4	90	2
4	92	4
4	95	5
4	96	1
4	98	7
4	100	2
4	101	2
4	103	1
4	106	7
4	109	3
4	111	3
4	112	10
4	114	5
4	117	4
4	119	1
4	120	2
4	122	2
4	123	3
4	125	2
4	127	2
4	128	2
4	130	4
4	131	1
4	139	1
4	141	1
4	142	1
4	149	1
4	152	1
4	157	3
4	160	1
4	166	1
4	169	1
4	171	1
4	181	2
4	187	1
4	201	1
5	0	51
5	1	11
5	2	11
5	3	14
5	4	8
5	6	12
5	7	7
5	9	11
5	10	20
5	12	7
5	13	15
5	14	11
5	16	7
5	17	12
5	19	3
5	20	14
5	22	17
5	23	6
5	25	11
5	27	9
5	28	7
5	30	4
5	31	9
5	33	9
5	34	5
5	36	14
5	38	3
5	39	6
5	41	10
5	42	5
5	44	8
5	47	5
5	49	7
5	50	5
5	52	12
5	54	4
5	55	13
5	57	4
5	58	13
5	60	8
5	61	4
5	63	6
5	65	5
5	66	7
5	68	5
5	69	5
5	71	7
5	73	6
5	74	4
5	76	8
5	77	8
5	79	6
5	81	2
5	82	5
5	84	3
5	85	1
5	87	4
5	88	2
5	90	5
5	92	1
5	93	3
5	95	1
5	96	2
5	98	4
5	101	2
5	103	9
5	104	2
5	106	3
5	109	2
5	111	4
5	112	1
5	114	1
5	115	2
5	117	5
5	119	1
5	122	1
5	123	2
5	125	3
5	127	1
5	128	1
5	130	1
5	133	3
5	135	1
5	136	2
5	138	1
5	139	1
5	141	3
5	144	1
5	146	1
5	147	1
5	149	1
5	150	1
5	154	2
5	155	2
5	160	2
5	162	1
5	163	1
5	166	1
5	174	1
5	176	1
5	181	1
5	182	1
5	184	1
5	211	1
6	0	30
6	1	13
6	2	9
6	3	7
6	4	7
6	6	10
6	7	2
6	9	7
6	10	15
6	12	5
6	13	9
6	14	6
6	16	14
6	17	7
6	19	7
6	20	11
6	22	8
6	23	5
6	25	9
6	27	3
6	28	9
6	30	3
6	31	13
6	33	14
6	34	3
6	36	11
6	38	5
6	39	6
6	41	9
6	42	5
6	44	9
6	46	3
6	47	10
6	49	9
6	50	8
6	52	11
6	54	5
6	55	10
6	57	5
6	58	8
6	60	8
6	61	3
6	63	6
6	65	3
6	66	12
6	68	7
6	69	4
6	71	5
6	73	2
6	74	2
6	76	11
6	77	4
6	79	6
6	81	1
6	82	10
6	84	3
6	85	6
6	87	8
6	90	6
6	92	3
6	93	3
6	95	7
6	96	3
6	98	2
6	100	1
6	101	2
6	103	6
6	104	2
6	106	9
6	108	2
6	109	6
6	111	2
6	112	3
6	114	6
6	115	2
6	117	7
6	119	6
6	120	1
6	122	2
6	123	1
6	125	3
6	127	1
6	128	4
6	130	2
6	131	1
6	133	2
6	135	4
6	136	2
6	138	2
6	139	2
6	141	4
6	144	2
6	146	2
6	147	3
6	149	4
6	152	2
6	154	1
6	155	2
6	157	1
6	162	1
6	163	2
6	168	2
6	169	1
6	171	2
6	173	1
6	177	1
6	179	2
6	189	1
6	198	1
6	208	1
6	211	1
6	212	1
7	0	13
7	1	12
7	2	8
7	3	12
7	4	3
7	6	14
7	7	1
7	9	5
7	10	8
7	12	6
7	13	18
7	14	5
7	16	9
7	17	1
7	19	8
7	20	11
7	22	12
7	23	8
7	25	13
7	27	2
7	28	7
7	30	1
7	31	6
7	33	14
7	34	7
7	36	7
7	38	4
7	39	8
7	41	14
7	42	3
7	44	9
7	46	7
7	47	8
7	49	8
7	50	6
7	52	7
7	54	5
7	55	6
7	57	8
7	58	9
7	60	5
7	61	2
7	63	5
7	65	3
7	66	5
7	68	9
7	69	2
7	71	15
7	73	3
7	74	12
7	76	2
7	77	1
7	79	5
7	81	2
7	82	7
7	84	2
7	85	4
7	87	7
7	90	9
7	92	1
7	93	4
7	95	10
7	96	1
7	98	5
7	100	2
7	101	4
7	103	7
7	104	2
7	106	2
7	108	1
7	109	2
7	111	3
7	112	9
7	114	3
7	115	5
7	117	6
7	119	4
7	120	5
7	122	5
7	125	8
7	127	2
7	128	5
7	130	4
7	131	3
7	133	2
7	135	1
7	136	2
7	138	1
7	139	3
7	141	5
7	144	3
7	146	1
7	147	6
7	150	3
7	152	2
7	154	1
7	155	1
7	158	1
7	160	2
7	162	2
7	163	2
7	166	5
7	168	3
7	169	1
7	171	5
7	173	1
7	174	4
7	179	1
7	184	2
7	187	2
7	190	1
7	196	1
7	208	1
7	209	1
7	214	1
8	0	10
8	1	5
8	3	4
8	4	5
8	6	5
8	7	6
8	9	5
8	10	10
8	12	7
8	13	14
8	14	9
8	16	5
8	17	3
8	19	7
8	20	6
8	22	6
8	23	5
8	25	10
8	27	5
8	28	7
8	30	7
8	31	10
8	33	12
8	34	2
8	36	8
8	38	1
8	39	9
8	41	5
8	42	6
8	44	4
8	46	13
8	47	9
8	49	5
8	50	4
8	52	6
8	54	2
8	55	12
8	57	4
8	58	7
8	60	4
8	61	6
8	63	9
8	65	6
8	66	10
8	68	8
8	69	5
8	71	5
8	73	1
8	74	8
8	76	10
8	77	2
8	79	5
8	81	1
8	82	11
8	84	1
8	85	8
8	87	3
8	88	2
8	90	8
8	92	1
8	93	3
8	95	8
8	96	5
8	98	5
8	100	6
8	101	5
8	103	4
8	106	3
8	108	8
8	109	5
8	111	4
8	112	6
8	114	5
8	117	5
8	119	2
8	120	3
8	122	1
8	123	5
8	125	4
8	127	2
8	128	2
8	130	5
8	131	2
8	133	9
8	135	2
8	136	7
8	138	3
8	139	7
8	141	5
8	142	1
8	144	1
8	146	4
8	147	3
8	149	6
8	150	1
8	152	4
8	154	2
8	155	4
8	157	3
8	158	2
8	160	2
8	163	4
8	165	2
8	166	1
8	168	3
8	169	2
8	171	6
8	173	4
8	174	5
8	176	1
8	177	2
8	179	2
8	182	1
8	184	1
8	187	1
8	190	2
8	192	1
8	193	1
8	195	3
8	198	1
8	209	1
8	211	2
9	0	6
9	1	2
9	2	1
9	3	6
9	6	3
9	7	1
9	9	2
9	12	2
9	13	4
9	14	2
9	16	4
9	17	1
9	19	2
9	20	5
9	22	8
9	23	5
9	25	4
9	27	4
9	28	7
9	30	4
9	31	9
9	33	5
9	34	3
9	36	8
9	38	4
9	39	3
9	41	12
9	42	4
9	44	8
9	46	3
9	47	9
9	49	7
9	50	6
9	52	6
9	54	5
9	55	12
9	57	1
9	58	11
9	60	7
9	61	2
9	63	6
9	65	6
9	66	6
9	68	6
9	69	5
9	71	8
9	73	4
9	74	3
9	76	6
9	77	4
9	79	9
9	81	5
9	82	7
9	84	3
9	85	17
9	87	11
9	88	2
9	90	11
9	92	2
9	93	1
9	95	7
9	96	3
9	98	7
9	100	3
9	101	9
9	103	4
9	104	3
9	106	6
9	108	1
9	109	11
9	111	1
9	112	6
9	114	4
9	115	1
9	117	5
9	119	4
9	120	6
9	122	7
9	123	2
9	125	7
9	127	2
9	128	3
9	130	5
9	131	1
9	133	8
9	135	3
9	136	12
9	138	4
9	139	5
9	141	7
9	142	4
9	144	6
9	146	3
9	147	2
9	149	4
9	150	2
9	152	1
9	154	3
9	155	3
9	157	2
9	158	6
9	160	5
9	162	2
9	163	6
9	165	1
9	166	6
9	168	5
9	169	1
9	171	2
9	173	1
9	174	3
9	176	3
9	177	4
9	179	2
9	182	3
9	184	5
9	185	2
9	187	4
9	189	1
9	190	1
9	192	2
9	195	2
9	196	2
9	198	1
9	200	1
9	201	4
9	203	1
9	204	1
9	206	2
9	209	2
9	211	1
9	214	3
9	216	2
10	0	1
10	1	1
10	2	1
10	3	1
10	9	1
10	12	1
10	13	1
10	16	2
10	17	3
10	19	2
10	22	2
10	23	1
10	25	6
10	27	2
10	28	3
10	30	1
10	31	4
10	33	4
10	34	1
10	36	2
10	38	2
10	39	3
10	41	2
10	42	3
10	44	2
10	47	5
10	49	6
10	50	6
10	52	3
10	54	1
10	55	5
10	57	4
10	58	8
10	60	7
10	61	2
10	63	5
10	65	2
10	66	3
10	68	3
10	69	2
10	71	7
10	73	1
10	74	1
10	76	2
10	77	2
10	79	4
10	81	2
10	82	5
10	84	1
10	85	7
10	87	8
10	88	4
10	90	6
10	92	5
10	93	7
10	95	9
10	96	4
10	98	6
10	100	6
10	101	5
10	103	5
10	104	3
10	106	7
10	108	3
10	109	2
10	111	4
10	112	4
10	114	13
10	115	4
10	117	7
10	119	5
10	120	7
10	122	5
10	123	7
10	125	8
10	127	6
10	128	11
10	130	8
10	131	2
10	133	9
10	135	1
10	136	6
10	138	2
10	139	11
10	141	6
10	142	4
10	144	6
10	146	2
10	147	8
10	149	6
10	150	4
10	152	8
10	154	5
10	155	9
10	157	12
10	158	2
10	160	3
10	162	6
10	163	7
10	165	3
10	166	6
10	168	9
10	169	3
10	171	6
10	173	6
10	174	6
10	176	7
10	177	3
10	179	5
10	181	2
10	182	5
10	184	6
10	185	4
10	187	3
10	189	3
10	190	7
10	192	1
10	193	6
10	195	6
10	196	5
10	198	3
10	200	1
10	201	5
10	204	3
10	206	3
10	208	2
10	209	4
10	211	5
10	212	1
10	214	3
10	216	18
