UKB_sparse_bin	CHB_bin	UKB_WBfreq
0	0	6946
0	1	340
0	2	211
0	4	60
0	5	64
0	7	56
0	8	72
0	10	34
0	11	118
0	14	62
0	15	24
0	17	57
0	18	7
0	20	12
0	21	36
0	22	7
0	24	15
0	26	30
0	27	33
0	29	44
0	30	8
0	32	11
0	34	34
0	35	41
0	38	17
0	40	12
0	41	31
0	43	29
0	46	47
0	49	20
0	51	5
0	56	7
0	57	35
0	59	20
0	62	11
0	73	20
0	86	20
0	99	20
1	0	3350842
1	1	343252
1	2	183424
1	4	125861
1	5	56270
1	7	54384
1	8	93724
1	10	44247
1	11	81068
1	13	35033
1	14	74809
1	15	31256
1	17	59277
1	18	30172
1	20	27176
1	21	48955
1	22	23928
1	24	44100
1	26	20157
1	27	38910
1	29	34021
1	30	18228
1	32	32494
1	34	15229
1	35	29065
1	37	26013
1	38	13125
1	40	24622
1	41	12348
1	43	20935
1	45	10578
1	46	20009
1	48	17840
1	49	9302
1	51	16061
1	53	7500
1	54	15290
1	56	13612
1	57	7997
1	59	12917
1	61	5513
1	62	10465
1	64	5433
1	65	10247
1	67	9115
1	68	4783
1	70	6973
1	72	3112
1	73	5473
1	75	5944
1	76	3334
1	78	5883
1	80	3018
1	81	5230
1	83	2083
1	84	4055
1	86	4221
1	87	2276
1	89	4294
1	91	1833
1	92	3170
1	94	3112
1	95	1499
1	97	2922
1	99	1761
1	100	2017
1	102	1118
1	103	1929
1	105	2097
1	106	927
1	108	1528
1	110	697
1	111	1634
1	113	1167
1	114	675
1	116	1018
1	118	365
1	119	1008
1	121	999
1	122	618
1	124	716
1	125	388
1	127	1122
1	129	193
1	130	507
1	132	606
1	133	250
1	135	570
1	137	310
1	138	384
1	140	405
1	141	210
1	143	466
1	144	221
1	146	571
1	148	208
1	149	500
1	151	345
1	152	52
1	154	416
1	156	98
1	157	220
1	159	160
1	160	44
1	162	35
1	164	4
1	165	32
1	167	8
1	168	65
1	170	25
1	173	16
1	175	8
1	176	4
1	178	15
1	179	4
1	183	9
1	186	10
1	189	5
1	200	4
1	203	20
1	206	9
2	0	635046
2	1	192669
2	2	132598
2	4	96378
2	5	46219
2	7	42565
2	8	74625
2	10	37846
2	11	68468
2	13	31983
2	14	61497
2	15	30769
2	17	60652
2	18	27957
2	20	26518
2	21	56273
2	22	24445
2	24	49808
2	26	22384
2	27	46821
2	29	44211
2	30	20329
2	32	38498
2	34	19302
2	35	34661
2	37	31050
2	38	16765
2	40	30354
2	41	15327
2	43	28838
2	45	14097
2	46	28663
2	48	26848
2	49	13430
2	51	23338
2	53	11872
2	54	22915
2	56	20369
2	57	9386
2	59	19813
2	61	10206
2	62	17890
2	64	8917
2	65	16271
2	67	15291
2	68	7445
2	70	13132
2	72	6365
2	73	12504
2	75	11824
2	76	6015
2	78	11254
2	80	5680
2	81	10191
2	83	4470
2	84	9247
2	86	8026
2	87	4184
2	89	6946
2	91	3769
2	92	6827
2	94	7041
2	95	3198
2	97	5501
2	99	3063
2	100	4678
2	102	2140
2	103	4994
2	105	4266
2	106	1783
2	108	4581
2	110	1650
2	111	3612
2	113	3947
2	114	1228
2	116	3044
2	118	1203
2	119	2280
2	121	2141
2	122	966
2	124	1869
2	125	733
2	127	1891
2	129	783
2	130	1377
2	132	1319
2	133	885
2	135	1396
2	137	371
2	138	884
2	140	1033
2	141	534
2	143	880
2	144	276
2	146	1129
2	148	385
2	149	627
2	151	764
2	152	307
2	154	343
2	156	139
2	157	282
2	159	397
2	160	68
2	162	601
2	164	234
2	165	362
2	167	147
2	168	301
2	170	198
2	171	118
2	173	266
2	175	86
2	176	262
2	178	171
2	179	13
2	181	178
2	183	82
2	184	68
2	186	27
2	187	25
2	189	32
2	190	44
2	195	8
2	197	18
2	200	10
3	0	171034
3	1	92156
3	2	76597
3	4	56587
3	5	25044
3	7	23944
3	8	47250
3	10	22586
3	11	47693
3	13	23475
3	14	44895
3	15	22289
3	17	39091
3	18	19223
3	20	18822
3	21	38739
3	22	19620
3	24	39824
3	26	20765
3	27	38571
3	29	35936
3	30	17805
3	32	33094
3	34	16890
3	35	30779
3	37	29917
3	38	14856
3	40	28501
3	41	14340
3	43	27395
3	45	14072
3	46	23519
3	48	24403
3	49	11030
3	51	24563
3	53	11759
3	54	21738
3	56	19947
3	57	10578
3	59	22373
3	61	10342
3	62	20160
3	64	9406
3	65	17167
3	67	16855
3	68	7813
3	70	15629
3	72	7731
3	73	15035
3	75	15657
3	76	6303
3	78	12716
3	80	6487
3	81	13301
3	83	7078
3	84	12298
3	86	10470
3	87	5095
3	89	9868
3	91	4820
3	92	10687
3	94	8873
3	95	4818
3	97	8662
3	99	3828
3	100	7701
3	102	4178
3	103	6740
3	105	7127
3	106	3653
3	108	5687
3	110	2698
3	111	5841
3	113	5273
3	114	2321
3	116	4834
3	118	2402
3	119	4113
3	121	3657
3	122	2058
3	124	3444
3	125	1602
3	127	3913
3	129	1495
3	130	2608
3	132	2595
3	133	1249
3	135	2076
3	137	1033
3	138	2217
3	140	1728
3	141	1108
3	143	1759
3	144	735
3	146	1387
3	148	605
3	149	1400
3	151	1247
3	152	567
3	154	1604
3	156	381
3	157	1510
3	159	944
3	160	301
3	162	597
3	164	482
3	165	638
3	167	480
3	168	536
3	170	471
3	171	226
3	173	358
3	175	46
3	176	161
3	178	135
3	179	131
3	181	262
3	183	116
3	184	190
3	186	16
3	187	94
3	189	210
3	190	48
3	192	44
3	195	72
3	197	5
3	198	7
3	200	81
3	203	30
3	206	17
4	0	123561
4	1	90606
4	2	92858
4	4	72612
4	5	33979
4	7	31531
4	8	60403
4	10	30437
4	11	59613
4	13	31297
4	14	57578
4	15	30472
4	17	59976
4	18	26148
4	20	26713
4	21	62469
4	22	29316
4	24	56457
4	26	29174
4	27	56222
4	29	52031
4	30	28761
4	32	54756
4	34	26171
4	35	48298
4	37	49481
4	38	25584
4	40	48793
4	41	24019
4	43	48851
4	45	21209
4	46	46029
4	48	43594
4	49	21935
4	51	42231
4	53	20979
4	54	41333
4	56	39308
4	57	18731
4	59	37849
4	61	18505
4	62	39220
4	64	19428
4	65	36016
4	67	35007
4	68	16992
4	70	30958
4	72	15457
4	73	30319
4	75	29887
4	76	14752
4	78	28168
4	80	13510
4	81	29805
4	83	12534
4	84	27427
4	86	25710
4	87	13404
4	89	26464
4	91	11692
4	92	22831
4	94	21904
4	95	9313
4	97	18992
4	99	10551
4	100	21062
4	102	9562
4	103	17410
4	105	18679
4	106	8619
4	108	15659
4	110	7538
4	111	15523
4	113	13834
4	114	6551
4	116	14874
4	118	6136
4	119	10540
4	121	10054
4	122	4294
4	124	9847
4	125	5292
4	127	9690
4	129	5280
4	130	10337
4	132	8316
4	133	4539
4	135	8507
4	137	2804
4	138	6557
4	140	6537
4	141	3203
4	143	5670
4	144	2939
4	146	5111
4	148	2650
4	149	4708
4	151	5313
4	152	2494
4	154	3528
4	156	2184
4	157	4141
4	159	4467
4	160	2033
4	162	2839
4	164	954
4	165	3070
4	167	1271
4	168	2626
4	170	1965
4	171	711
4	173	1153
4	175	875
4	176	960
4	178	895
4	179	279
4	181	1032
4	183	158
4	184	682
4	186	148
4	187	306
4	189	455
4	190	38
4	192	101
4	194	181
4	195	648
4	197	337
4	198	56
4	200	69
4	203	83
4	206	20
5	0	45769
5	1	40378
5	2	48353
5	4	37821
5	5	16664
5	7	17070
5	8	35511
5	10	15042
5	11	34375
5	13	14998
5	14	31815
5	15	16010
5	17	30506
5	18	17658
5	20	16443
5	21	34266
5	22	17498
5	24	33397
5	26	16374
5	27	36884
5	29	38168
5	30	18262
5	32	36565
5	34	20699
5	35	37747
5	37	39017
5	38	18610
5	40	36236
5	41	17603
5	43	37095
5	45	17524
5	46	35719
5	48	37046
5	49	17665
5	51	35859
5	53	16603
5	54	35564
5	56	30502
5	57	16167
5	59	31575
5	61	15125
5	62	31188
5	64	15584
5	65	30615
5	67	30216
5	68	14347
5	70	29166
5	72	15122
5	73	28834
5	75	29482
5	76	11595
5	78	26413
5	80	13294
5	81	28196
5	83	11669
5	84	29671
5	86	25859
5	87	13292
5	89	28044
5	91	12420
5	92	23499
5	94	21748
5	95	9283
5	97	22558
5	99	12092
5	100	21209
5	102	9499
5	103	18174
5	105	17873
5	106	10125
5	108	18253
5	110	8797
5	111	15134
5	113	15247
5	114	7664
5	116	14092
5	118	6885
5	119	14000
5	121	14712
5	122	6600
5	124	11781
5	125	5718
5	127	11467
5	129	5537
5	130	12020
5	132	10215
5	133	3563
5	135	10030
5	137	5173
5	138	8077
5	140	9874
5	141	3917
5	143	8132
5	144	3274
5	146	6643
5	148	2422
5	149	6805
5	151	5019
5	152	2325
5	154	3839
5	156	2207
5	157	6642
5	159	3853
5	160	1891
5	162	3558
5	164	1575
5	165	3004
5	167	1549
5	168	3221
5	170	4073
5	171	1298
5	173	2137
5	175	718
5	176	1752
5	178	1896
5	179	823
5	181	1872
5	183	713
5	184	1069
5	186	632
5	187	1225
5	189	858
5	190	323
5	192	495
5	194	485
5	195	751
5	197	306
5	198	275
5	200	1021
5	202	345
5	203	436
5	205	30
5	206	30
6	0	16114
6	1	19355
6	2	29445
6	4	21873
6	5	12386
6	7	9810
6	8	20500
6	10	10477
6	11	22600
6	13	11075
6	14	18783
6	15	10786
6	17	27881
6	18	11481
6	20	11859
6	21	24798
6	22	11059
6	24	28654
6	26	12007
6	27	26555
6	29	23787
6	30	11705
6	32	25662
6	34	13266
6	35	27903
6	37	27493
6	38	14906
6	40	29959
6	41	14146
6	43	28649
6	45	16310
6	46	29334
6	48	28889
6	49	13214
6	51	27185
6	53	15033
6	54	30925
6	56	31490
6	57	13578
6	59	30312
6	61	15317
6	62	29717
6	64	14710
6	65	30895
6	67	29414
6	68	12674
6	70	26657
6	72	13951
6	73	25862
6	75	26886
6	76	13756
6	78	29120
6	80	13648
6	81	26883
6	83	13117
6	84	22706
6	86	24517
6	87	12534
6	89	25061
6	91	11768
6	92	25879
6	94	23766
6	95	11107
6	97	22727
6	99	12072
6	100	24269
6	102	13501
6	103	20663
6	105	23092
6	106	10265
6	108	20831
6	110	9625
6	111	20915
6	113	17965
6	114	9041
6	116	15616
6	118	7815
6	119	18203
6	121	18177
6	122	7581
6	124	15994
6	125	7807
6	127	15017
6	129	5892
6	130	12829
6	132	12484
6	133	6569
6	135	13141
6	137	6329
6	138	12063
6	140	9767
6	141	5564
6	143	10903
6	144	4882
6	146	9362
6	148	4089
6	149	8596
6	151	8280
6	152	3442
6	154	7330
6	156	3696
6	157	7041
6	159	6743
6	160	3038
6	162	5877
6	164	2777
6	165	5927
6	167	1683
6	168	4183
6	170	4612
6	171	2777
6	173	4524
6	175	1966
6	176	3525
6	178	2584
6	179	1566
6	181	2289
6	183	932
6	184	1740
6	186	749
6	187	2255
6	189	1558
6	190	778
6	192	1777
6	194	901
6	195	2016
6	197	1609
6	198	432
6	200	848
6	202	384
6	203	636
6	205	233
6	206	119
7	0	7198
7	1	6299
7	2	12451
7	4	11313
7	5	5032
7	7	4085
7	8	11165
7	10	6685
7	11	15077
7	13	5036
7	14	14029
7	15	5382
7	17	14476
7	18	6816
7	20	7028
7	21	13402
7	22	7915
7	24	16309
7	26	7755
7	27	13634
7	29	16188
7	30	8967
7	32	17258
7	34	9506
7	35	17495
7	37	18919
7	38	8760
7	40	20181
7	41	10348
7	43	20766
7	45	11730
7	46	20431
7	48	21804
7	49	9026
7	51	21673
7	53	10556
7	54	20068
7	56	21369
7	57	10109
7	59	20961
7	61	11413
7	62	23859
7	64	11926
7	65	23512
7	67	24242
7	68	11077
7	70	23265
7	72	12015
7	73	23591
7	75	25884
7	76	14614
7	78	25390
7	80	11488
7	81	23725
7	83	11453
7	84	26485
7	86	23323
7	87	13406
7	89	25719
7	91	11709
7	92	21095
7	94	23147
7	95	10219
7	97	22206
7	99	10911
7	100	20868
7	102	11652
7	103	23027
7	105	21169
7	106	11583
7	108	21578
7	110	10595
7	111	18859
7	113	20647
7	114	11004
7	116	16533
7	118	8338
7	119	19655
7	121	16570
7	122	8220
7	124	16881
7	125	8290
7	127	17529
7	129	8148
7	130	18406
7	132	15705
7	133	7393
7	135	14514
7	137	7433
7	138	16936
7	140	14598
7	141	7440
7	143	13359
7	144	6395
7	146	14491
7	148	7066
7	149	14140
7	151	12181
7	152	5121
7	154	11469
7	156	4605
7	157	10567
7	159	11376
7	160	5254
7	162	8616
7	164	4985
7	165	8321
7	167	4107
7	168	7791
7	170	7669
7	171	2360
7	173	5737
7	175	2907
7	176	6446
7	178	6019
7	179	2557
7	181	4474
7	183	2033
7	184	4730
7	186	2120
7	187	3320
7	189	3421
7	190	1332
7	192	3141
7	194	2388
7	195	2505
7	197	2421
7	198	815
7	200	1368
7	202	557
7	203	1488
7	205	915
7	206	303
8	0	1400
8	1	2375
8	2	3857
8	4	3745
8	5	2181
8	7	2308
8	8	5968
8	10	2849
8	11	6069
8	13	2630
8	14	6665
8	15	3482
8	17	6513
8	18	3206
8	20	4058
8	21	6411
8	22	3896
8	24	8288
8	26	4388
8	27	9425
8	29	9690
8	30	4624
8	32	10720
8	34	5278
8	35	10345
8	37	10765
8	38	5884
8	40	10976
8	41	5941
8	43	12409
8	45	8020
8	46	12352
8	48	15234
8	49	6944
8	51	15713
8	53	7765
8	54	15745
8	56	16892
8	57	7935
8	59	14537
8	61	8425
8	62	16463
8	64	7253
8	65	14539
8	67	17235
8	68	8089
8	70	16166
8	72	7713
8	73	17743
8	75	18175
8	76	8444
8	78	17934
8	80	8701
8	81	18223
8	83	9240
8	84	16707
8	86	18275
8	87	8852
8	89	16047
8	91	9254
8	92	18942
8	94	17365
8	95	9968
8	97	19413
8	99	9812
8	100	18773
8	102	10128
8	103	20459
8	105	20006
8	106	8169
8	108	18869
8	110	9787
8	111	18162
8	113	17063
8	114	8666
8	116	19413
8	118	9270
8	119	16451
8	121	16679
8	122	10241
8	124	17021
8	125	8453
8	127	18235
8	129	9357
8	130	17964
8	132	16942
8	133	7889
8	135	15856
8	137	6614
8	138	15690
8	140	14034
8	141	6976
8	143	14869
8	144	7469
8	146	13828
8	148	6504
8	149	13062
8	151	13394
8	152	6180
8	154	12658
8	156	6217
8	157	11976
8	159	11411
8	160	5953
8	162	12186
8	164	4982
8	165	10998
8	167	5615
8	168	11297
8	170	8918
8	171	4856
8	173	8135
8	175	3985
8	176	7340
8	178	6804
8	179	3379
8	181	7171
8	183	3430
8	184	5532
8	186	3208
8	187	5891
8	189	4650
8	190	2776
8	192	5272
8	194	2410
8	195	5242
8	197	3613
8	198	1399
8	200	3441
8	202	1673
8	203	2872
8	205	1639
8	206	760
9	0	550
9	1	579
9	2	1773
9	4	2146
9	5	703
9	7	520
9	8	1064
9	10	917
9	11	1704
9	13	862
9	14	1938
9	15	863
9	17	1951
9	18	1114
9	20	1245
9	21	2741
9	22	1947
9	24	3991
9	26	1745
9	27	4285
9	29	4739
9	30	1856
9	32	4450
9	34	2099
9	35	6282
9	37	4964
9	38	2790
9	40	5609
9	41	2477
9	43	6958
9	45	3500
9	46	5576
9	48	5996
9	49	3137
9	51	5889
9	53	3175
9	54	7737
9	56	8752
9	57	5083
9	59	9021
9	61	3904
9	62	9914
9	64	4483
9	65	9455
9	67	10688
9	68	6959
9	70	11207
9	72	5222
9	73	11041
9	75	11169
9	76	5259
9	78	11894
9	80	6539
9	81	13249
9	83	6699
9	84	13006
9	86	15048
9	87	7315
9	89	14181
9	91	6924
9	92	15295
9	94	14259
9	95	8590
9	97	15721
9	99	7297
9	100	16296
9	102	8180
9	103	17525
9	105	17230
9	106	8729
9	108	16268
9	110	8054
9	111	17475
9	113	16273
9	114	7594
9	116	16674
9	118	8310
9	119	16732
9	121	16907
9	122	8259
9	124	19266
9	125	8668
9	127	19464
9	129	8545
9	130	18396
9	132	17951
9	133	8802
9	135	16892
9	137	8935
9	138	18140
9	140	18170
9	141	8851
9	143	18495
9	144	8049
9	146	17743
9	148	8531
9	149	17525
9	151	18991
9	152	8714
9	154	17327
9	156	7801
9	157	19768
9	159	16252
9	160	7574
9	162	17176
9	164	7484
9	165	16344
9	167	7802
9	168	14629
9	170	14377
9	171	8383
9	173	13869
9	175	6563
9	176	13898
9	178	13556
9	179	5655
9	181	14234
9	183	5527
9	184	11006
9	186	5257
9	187	11328
9	189	10199
9	190	4182
9	192	9029
9	194	4469
9	195	9102
9	197	8356
9	198	3761
9	200	6890
9	202	3782
9	203	8383
9	205	5220
9	206	4645
10	0	205
10	1	35
10	2	142
10	4	188
10	5	171
10	7	56
10	8	279
10	10	107
10	11	210
10	13	67
10	14	343
10	15	280
10	17	572
10	18	112
10	20	220
10	21	330
10	22	347
10	24	613
10	26	323
10	27	851
10	29	904
10	30	376
10	32	987
10	34	496
10	35	1164
10	37	1253
10	38	675
10	40	1325
10	41	907
10	43	1417
10	45	769
10	46	1700
10	48	1805
10	49	1178
10	51	2499
10	53	1076
10	54	2290
10	56	2109
10	57	1357
10	59	2859
10	61	1304
10	62	2488
10	64	1559
10	65	3347
10	67	3298
10	68	1737
10	70	3980
10	72	2068
10	73	4513
10	75	4013
10	76	2097
10	78	4774
10	80	2214
10	81	4500
10	83	2726
10	84	4873
10	86	5205
10	87	2659
10	89	6435
10	91	2906
10	92	6174
10	94	6545
10	95	3361
10	97	6856
10	99	4038
10	100	7031
10	102	3473
10	103	8630
10	105	8485
10	106	4327
10	108	8589
10	110	4384
10	111	8915
10	113	9601
10	114	4722
10	116	10162
10	118	4858
10	119	9473
10	121	10380
10	122	5416
10	124	10860
10	125	5350
10	127	10656
10	129	5651
10	130	12273
10	132	12266
10	133	6204
10	135	12252
10	137	6501
10	138	12737
10	140	14322
10	141	7080
10	143	13905
10	144	7778
10	146	15706
10	148	7897
10	149	14546
10	151	14477
10	152	7854
10	154	15675
10	156	8156
10	157	16800
10	159	16647
10	160	8223
10	162	17397
10	164	8673
10	165	17659
10	167	9414
10	168	17324
10	170	17789
10	171	9283
10	173	19131
10	175	9706
10	176	20724
10	178	20092
10	179	10544
10	181	19980
10	183	10674
10	184	21444
10	186	10163
10	187	19452
10	189	22338
10	190	10594
10	192	22955
10	194	10449
10	195	23115
10	197	23839
10	198	11320
10	200	24637
10	202	13679
10	203	32668
10	205	32845
10	206	74994
