UKB_sparse_bin	CHB_bin	UKB_WBfreq
1	0	434
1	1	34
1	2	20
1	4	10
1	5	3
1	7	3
1	8	9
1	10	2
1	11	4
1	13	3
1	14	5
1	15	3
1	18	3
1	20	1
1	21	4
1	22	2
1	24	4
1	27	2
1	29	4
1	32	6
1	34	2
1	35	1
1	37	2
1	38	1
1	40	3
1	43	3
1	45	1
1	46	3
1	48	2
1	54	3
1	70	1
1	78	1
1	94	1
1	102	1
1	108	1
1	113	1
1	116	1
2	0	186
2	1	47
2	2	20
2	4	20
2	5	12
2	7	9
2	8	18
2	10	10
2	11	17
2	13	4
2	14	14
2	15	9
2	17	12
2	18	7
2	20	5
2	21	12
2	22	7
2	24	11
2	26	9
2	27	7
2	29	10
2	30	3
2	32	6
2	34	5
2	35	6
2	37	7
2	38	4
2	40	2
2	41	7
2	43	13
2	46	3
2	48	9
2	49	4
2	51	4
2	53	3
2	54	2
2	56	3
2	57	2
2	59	3
2	61	5
2	62	1
2	65	5
2	67	5
2	68	3
2	70	2
2	72	1
2	73	2
2	75	1
2	76	1
2	78	1
2	81	1
2	84	1
2	86	1
2	89	1
2	91	1
2	92	2
2	94	3
2	97	1
2	99	1
2	100	1
2	103	1
2	108	2
2	111	1
2	113	2
2	114	1
2	116	1
2	121	1
2	138	1
2	140	1
2	160	1
3	0	58
3	1	38
3	2	46
3	4	19
3	5	11
3	7	8
3	8	13
3	10	7
3	11	6
3	13	8
3	14	13
3	15	7
3	17	17
3	18	11
3	20	3
3	21	14
3	22	13
3	24	7
3	26	8
3	27	11
3	29	7
3	30	3
3	32	19
3	34	4
3	35	5
3	37	9
3	38	4
3	40	10
3	41	1
3	43	8
3	45	4
3	46	12
3	48	8
3	49	2
3	51	7
3	53	2
3	54	8
3	56	7
3	57	4
3	59	10
3	61	1
3	62	3
3	64	5
3	65	11
3	67	4
3	68	3
3	70	5
3	72	3
3	73	6
3	75	4
3	76	1
3	78	3
3	80	1
3	81	9
3	83	1
3	84	6
3	86	1
3	89	3
3	91	1
3	92	2
3	94	4
3	95	1
3	97	4
3	99	1
3	100	5
3	102	1
3	103	5
3	105	2
3	106	2
3	108	3
3	110	1
3	111	2
3	113	3
3	114	2
3	116	4
3	118	1
3	119	1
3	121	3
3	132	1
3	133	1
3	137	1
3	140	1
3	146	1
3	148	2
3	149	1
3	151	1
3	152	1
3	154	1
3	157	1
3	159	1
3	171	1
4	0	33
4	1	22
4	2	26
4	4	10
4	5	10
4	7	12
4	8	22
4	10	9
4	11	7
4	13	3
4	14	11
4	15	3
4	17	8
4	18	12
4	20	9
4	21	8
4	22	7
4	24	11
4	26	10
4	27	6
4	29	13
4	30	6
4	32	3
4	34	7
4	35	13
4	37	10
4	38	12
4	40	16
4	41	5
4	43	13
4	45	4
4	46	9
4	48	7
4	49	4
4	51	10
4	53	4
4	54	6
4	56	9
4	57	1
4	59	4
4	61	2
4	62	10
4	64	6
4	65	6
4	67	4
4	68	5
4	70	8
4	72	3
4	73	7
4	75	6
4	76	3
4	78	7
4	80	2
4	81	6
4	83	1
4	84	4
4	86	7
4	87	2
4	89	7
4	91	1
4	92	6
4	94	4
4	95	2
4	97	6
4	100	2
4	103	4
4	105	4
4	106	2
4	108	4
4	111	4
4	113	2
4	114	3
4	116	2
4	118	1
4	119	1
4	121	4
4	125	1
4	127	2
4	130	2
4	132	3
4	133	1
4	135	1
4	137	1
4	138	1
4	140	5
4	143	1
4	144	1
4	146	2
4	149	1
4	151	4
4	154	4
4	159	2
4	162	2
4	164	2
4	165	1
4	175	1
4	179	1
4	197	1
5	0	17
5	1	16
5	2	13
5	4	13
5	5	3
5	7	4
5	8	10
5	10	4
5	11	13
5	13	4
5	14	11
5	15	6
5	17	22
5	18	9
5	20	4
5	21	10
5	22	8
5	24	13
5	26	7
5	27	16
5	29	13
5	30	6
5	32	13
5	34	5
5	35	5
5	37	8
5	38	4
5	40	9
5	41	8
5	43	8
5	45	9
5	46	7
5	48	8
5	49	4
5	51	6
5	53	5
5	54	8
5	56	13
5	57	3
5	59	9
5	61	5
5	62	7
5	64	4
5	65	8
5	67	13
5	68	3
5	70	7
5	72	5
5	73	5
5	75	10
5	76	3
5	78	7
5	80	5
5	81	7
5	83	5
5	84	9
5	86	4
5	87	3
5	89	5
5	91	3
5	92	3
5	94	6
5	95	5
5	97	4
5	99	2
5	100	1
5	102	7
5	103	2
5	105	4
5	106	5
5	108	3
5	111	4
5	113	2
5	114	3
5	116	1
5	118	3
5	119	4
5	121	4
5	122	2
5	124	2
5	125	1
5	130	4
5	132	5
5	133	1
5	135	1
5	138	1
5	140	6
5	143	3
5	149	2
5	151	1
5	154	2
5	159	1
5	162	2
5	165	1
5	168	1
5	170	3
5	173	1
5	178	3
5	181	1
5	183	1
5	189	2
5	194	1
5	195	1
6	0	7
6	1	10
6	2	11
6	4	7
6	5	2
6	7	6
6	8	9
6	10	5
6	11	6
6	13	7
6	14	11
6	15	4
6	17	9
6	18	1
6	20	4
6	21	11
6	22	1
6	24	13
6	26	4
6	27	10
6	29	7
6	30	5
6	32	7
6	34	7
6	35	8
6	37	8
6	38	6
6	40	11
6	41	5
6	43	9
6	45	8
6	46	11
6	48	12
6	49	9
6	51	6
6	53	5
6	54	9
6	56	4
6	57	4
6	59	7
6	61	8
6	62	15
6	64	3
6	65	2
6	67	5
6	68	3
6	70	5
6	72	5
6	73	4
6	75	8
6	76	4
6	78	9
6	80	4
6	81	6
6	83	3
6	84	5
6	86	8
6	87	3
6	89	6
6	91	5
6	92	3
6	94	2
6	97	10
6	99	6
6	100	10
6	102	1
6	103	7
6	105	7
6	106	5
6	108	9
6	110	3
6	111	10
6	113	2
6	114	6
6	116	6
6	118	2
6	119	8
6	121	3
6	122	3
6	124	6
6	125	1
6	127	3
6	129	1
6	130	5
6	132	5
6	133	1
6	135	7
6	137	1
6	138	3
6	140	4
6	141	2
6	143	3
6	144	2
6	146	3
6	148	4
6	149	4
6	152	1
6	154	3
6	156	2
6	157	1
6	159	3
6	160	1
6	162	1
6	165	3
6	167	1
6	168	2
6	170	4
6	171	1
6	173	1
6	176	1
6	178	1
6	190	2
6	195	1
7	0	9
7	1	2
7	2	6
7	4	2
7	5	3
7	7	3
7	8	7
7	10	4
7	11	2
7	13	1
7	14	5
7	15	3
7	17	5
7	18	2
7	20	3
7	21	5
7	22	2
7	24	10
7	26	1
7	27	4
7	29	4
7	30	6
7	32	7
7	34	5
7	35	5
7	37	7
7	38	3
7	40	7
7	41	2
7	43	9
7	45	3
7	46	9
7	48	9
7	49	5
7	51	6
7	53	2
7	54	9
7	56	8
7	57	3
7	59	10
7	61	5
7	62	11
7	64	4
7	65	7
7	67	12
7	68	3
7	70	6
7	72	4
7	73	8
7	75	10
7	76	3
7	78	7
7	80	5
7	81	8
7	83	3
7	84	7
7	86	12
7	87	6
7	89	6
7	91	6
7	92	10
7	94	7
7	95	5
7	97	17
7	99	5
7	100	9
7	102	6
7	103	8
7	105	9
7	106	1
7	108	5
7	110	5
7	111	6
7	113	6
7	114	2
7	116	1
7	118	3
7	119	3
7	121	7
7	122	4
7	124	9
7	125	3
7	127	6
7	129	1
7	130	11
7	132	8
7	133	1
7	135	5
7	137	3
7	138	3
7	140	8
7	141	2
7	143	4
7	146	4
7	148	1
7	149	2
7	151	3
7	152	2
7	154	7
7	156	1
7	157	2
7	159	4
7	160	4
7	162	4
7	164	1
7	165	5
7	167	1
7	168	2
7	170	1
7	171	1
7	173	1
7	175	1
7	176	3
7	178	6
7	179	1
7	181	1
7	183	1
7	184	1
7	189	1
7	190	2
7	192	1
7	195	1
7	197	1
7	200	2
7	206	1
8	0	4
8	1	1
8	2	3
8	4	3
8	7	1
8	8	1
8	11	5
8	13	2
8	14	5
8	15	1
8	17	3
8	18	4
8	20	3
8	21	3
8	22	1
8	24	3
8	26	1
8	27	1
8	29	2
8	30	2
8	32	4
8	34	2
8	35	4
8	37	5
8	38	1
8	40	4
8	41	3
8	43	8
8	45	4
8	46	7
8	48	6
8	49	6
8	51	4
8	53	4
8	54	4
8	56	9
8	57	5
8	59	11
8	61	3
8	62	6
8	64	1
8	65	3
8	67	7
8	68	2
8	70	8
8	72	5
8	73	4
8	75	9
8	76	6
8	78	6
8	80	2
8	81	12
8	83	1
8	84	7
8	86	16
8	87	2
8	89	7
8	91	3
8	92	10
8	94	7
8	95	2
8	97	8
8	99	2
8	100	10
8	102	2
8	103	14
8	105	8
8	106	4
8	108	3
8	110	5
8	111	5
8	113	4
8	114	2
8	116	6
8	118	6
8	119	10
8	121	13
8	122	3
8	124	6
8	125	5
8	127	12
8	129	7
8	130	7
8	132	7
8	133	3
8	135	7
8	137	3
8	138	6
8	140	11
8	141	3
8	143	11
8	144	2
8	146	8
8	148	5
8	149	2
8	151	8
8	152	5
8	154	5
8	156	4
8	157	6
8	159	6
8	160	1
8	162	4
8	164	1
8	165	6
8	167	2
8	168	6
8	170	4
8	171	1
8	173	5
8	176	2
8	178	5
8	179	2
8	181	3
8	183	1
8	184	6
8	186	1
8	187	2
8	189	1
8	190	1
8	192	3
8	195	2
8	197	3
8	198	1
8	200	2
8	202	1
8	203	2
8	205	1
8	206	2
9	0	1
9	2	1
9	4	3
9	7	1
9	10	1
9	11	1
9	15	1
9	17	2
9	20	1
9	21	2
9	22	2
9	24	3
9	26	1
9	27	7
9	29	5
9	30	2
9	32	1
9	34	2
9	35	2
9	37	6
9	38	1
9	40	3
9	41	2
9	43	4
9	45	2
9	46	4
9	48	4
9	49	1
9	51	4
9	53	1
9	54	3
9	56	5
9	59	6
9	61	2
9	62	6
9	64	2
9	65	5
9	67	2
9	70	4
9	72	5
9	73	5
9	75	8
9	76	3
9	78	5
9	80	7
9	81	7
9	83	3
9	84	6
9	86	4
9	87	1
9	89	7
9	91	2
9	92	5
9	94	6
9	95	9
9	97	8
9	99	3
9	100	4
9	102	2
9	103	8
9	105	10
9	106	2
9	108	3
9	110	3
9	111	6
9	113	9
9	114	3
9	116	10
9	118	5
9	119	7
9	121	9
9	122	3
9	124	8
9	125	6
9	127	5
9	129	4
9	130	7
9	132	12
9	135	8
9	137	7
9	138	11
9	140	5
9	141	2
9	143	7
9	144	5
9	146	6
9	148	4
9	149	8
9	151	6
9	152	6
9	154	11
9	156	2
9	157	10
9	159	10
9	160	5
9	162	6
9	164	1
9	165	5
9	167	6
9	168	4
9	170	10
9	171	4
9	173	13
9	175	5
9	176	14
9	178	7
9	179	4
9	181	3
9	183	3
9	184	6
9	186	1
9	187	5
9	189	9
9	190	3
9	192	7
9	194	3
9	195	5
9	197	5
9	200	5
9	202	1
9	203	2
9	205	5
9	206	3
10	2	1
10	14	1
10	21	1
10	24	1
10	27	2
10	29	1
10	32	2
10	40	2
10	41	1
10	43	1
10	46	2
10	48	3
10	49	1
10	51	2
10	54	1
10	56	2
10	59	1
10	62	2
10	65	3
10	70	1
10	73	3
10	75	2
10	78	2
10	80	2
10	81	4
10	84	10
10	86	4
10	87	3
10	89	4
10	91	2
10	92	4
10	94	1
10	97	4
10	99	1
10	100	6
10	102	2
10	103	4
10	105	3
10	106	2
10	108	2
10	110	2
10	111	1
10	113	3
10	114	2
10	116	5
10	118	2
10	119	2
10	121	6
10	122	3
10	124	11
10	125	4
10	127	7
10	129	3
10	130	4
10	132	7
10	133	6
10	135	8
10	137	3
10	138	14
10	140	7
10	141	3
10	143	6
10	144	1
10	146	7
10	148	5
10	149	12
10	151	11
10	152	8
10	154	5
10	156	8
10	157	11
10	159	5
10	160	3
10	162	12
10	164	7
10	165	12
10	167	5
10	168	14
10	170	7
10	171	6
10	173	12
10	175	5
10	176	9
10	178	12
10	179	6
10	181	10
10	183	5
10	184	7
10	186	7
10	187	12
10	189	8
10	190	6
10	192	22
10	194	7
10	195	6
10	197	11
10	198	6
10	200	13
10	202	6
10	203	18
10	205	22
10	206	30
