UKB_sparse_bin	YRI_bin	UKB_WBfreq
0	0	6567
0	1	186
0	2	56
0	3	246
0	4	31
0	6	134
0	7	84
0	9	7
0	10	129
0	12	36
0	13	62
0	14	22
0	16	104
0	17	13
0	19	32
0	20	26
0	22	93
0	23	8
0	25	143
0	27	20
0	28	91
0	33	24
0	34	20
0	36	29
0	38	49
0	39	13
0	41	51
0	42	12
0	44	21
0	47	60
0	49	32
0	50	31
0	54	39
0	55	4
0	58	10
0	63	17
0	71	7
0	74	20
0	85	7
0	90	12
0	95	7
0	98	20
0	103	11
0	104	4
0	111	10
0	155	16
1	0	3080552
1	1	151752
1	2	96035
1	3	150594
1	4	63030
1	6	116008
1	7	56464
1	9	53576
1	10	101531
1	12	47356
1	13	85762
1	14	40824
1	16	78674
1	17	38754
1	19	37171
1	20	69773
1	22	65274
1	23	30251
1	25	58427
1	27	27135
1	28	53179
1	30	26743
1	31	50754
1	33	45832
1	34	21614
1	36	40272
1	38	18652
1	39	39051
1	41	36759
1	42	16877
1	44	31939
1	46	16326
1	47	26673
1	49	26576
1	50	13622
1	52	24134
1	54	11646
1	55	22764
1	57	10655
1	58	19741
1	60	17133
1	61	9325
1	63	16702
1	65	7670
1	66	15033
1	68	14045
1	69	6975
1	71	12873
1	73	6217
1	74	10801
1	76	12310
1	77	5645
1	79	10732
1	81	5102
1	82	9396
1	84	4086
1	85	8372
1	87	7071
1	88	3708
1	90	6471
1	92	3041
1	93	5879
1	95	5531
1	96	2332
1	98	4987
1	100	2169
1	101	4175
1	103	3321
1	104	1919
1	106	3479
1	108	1595
1	109	2733
1	111	1874
1	112	2441
1	114	2488
1	115	1557
1	117	2294
1	119	846
1	120	1920
1	122	1900
1	123	740
1	125	1598
1	127	779
1	128	1236
1	130	1315
1	131	652
1	133	1068
1	135	792
1	136	971
1	138	412
1	139	899
1	141	1140
1	142	317
1	144	535
1	146	228
1	147	759
1	149	362
1	150	185
1	152	591
1	154	144
1	155	295
1	157	341
1	158	178
1	160	201
1	162	146
1	163	385
1	165	113
1	166	126
1	168	143
1	169	170
1	171	301
1	173	48
1	174	63
1	176	116
1	177	73
1	179	37
1	181	8
1	182	98
1	184	75
1	187	15
1	189	34
1	190	74
1	192	20
1	193	85
1	195	1
1	201	2
1	206	6
1	209	2
1	211	25
1	214	8
2	0	598997
2	1	96030
2	2	64315
2	3	101034
2	4	46706
2	6	83183
2	7	42159
2	9	39871
2	10	76782
2	12	36718
2	13	68201
2	14	32591
2	16	64230
2	17	30485
2	19	29153
2	20	57502
2	22	54368
2	23	25996
2	25	50256
2	27	24503
2	28	48359
2	30	22433
2	31	44238
2	33	43244
2	34	20845
2	36	38368
2	38	18296
2	39	36894
2	41	35710
2	42	15708
2	44	31872
2	46	16580
2	47	29701
2	49	28110
2	50	13423
2	52	26944
2	54	12400
2	55	24662
2	57	12124
2	58	22898
2	60	21224
2	61	10255
2	63	18782
2	65	10137
2	66	18796
2	68	16816
2	69	7871
2	71	16211
2	73	7473
2	74	13850
2	76	12725
2	77	6761
2	79	11871
2	81	5624
2	82	11468
2	84	5225
2	85	9448
2	87	9862
2	88	4411
2	90	8740
2	92	4602
2	93	8015
2	95	7532
2	96	4016
2	98	6696
2	100	3235
2	101	5820
2	103	5760
2	104	2975
2	106	4755
2	108	2142
2	109	4117
2	111	2588
2	112	4218
2	114	4200
2	115	2094
2	117	3050
2	119	1632
2	120	3657
2	122	2970
2	123	1483
2	125	3108
2	127	1617
2	128	2738
2	130	2266
2	131	1099
2	133	2049
2	135	720
2	136	1853
2	138	885
2	139	1904
2	141	1629
2	142	705
2	144	1394
2	146	638
2	147	1316
2	149	1183
2	150	630
2	152	1309
2	154	499
2	155	835
2	157	1052
2	158	311
2	160	669
2	162	362
2	163	642
2	165	216
2	166	664
2	168	320
2	169	171
2	171	368
2	173	190
2	174	375
2	176	330
2	177	173
2	179	215
2	181	236
2	182	152
2	184	122
2	185	80
2	187	129
2	189	28
2	190	177
2	192	16
2	193	94
2	195	90
2	196	12
2	198	82
2	200	15
2	201	29
2	203	24
2	204	3
2	206	4
2	208	503
2	209	17
2	211	20
2	214	16
3	0	193950
3	1	54777
3	2	39026
3	3	64093
3	4	28289
3	6	53387
3	7	24646
3	9	23665
3	10	45103
3	12	22504
3	13	45753
3	14	22492
3	16	44186
3	17	20605
3	19	19898
3	20	40754
3	22	39015
3	23	17674
3	25	37663
3	27	18947
3	28	37488
3	30	18739
3	31	36530
3	33	34059
3	34	16493
3	36	32269
3	38	15162
3	39	31279
3	41	28645
3	42	14482
3	44	26064
3	46	13652
3	47	26124
3	49	23833
3	50	11204
3	52	23340
3	54	11437
3	55	21708
3	57	11167
3	58	21164
3	60	20176
3	61	10017
3	63	18045
3	65	8582
3	66	17068
3	68	16192
3	69	7978
3	71	16570
3	73	7640
3	74	14568
3	76	13339
3	77	7117
3	79	12253
3	81	5717
3	82	11816
3	84	6323
3	85	11255
3	87	10728
3	88	4755
3	90	9806
3	92	4477
3	93	8636
3	95	9352
3	96	4365
3	98	8533
3	100	3832
3	101	7705
3	103	6507
3	104	3581
3	106	6228
3	108	2530
3	109	5473
3	111	2842
3	112	5023
3	114	5189
3	115	2513
3	117	4845
3	119	1755
3	120	3820
3	122	3811
3	123	2090
3	125	3432
3	127	1668
3	128	3081
3	130	3443
3	131	1495
3	133	2878
3	135	1434
3	136	3053
3	138	1240
3	139	2533
3	141	2644
3	142	1058
3	144	1997
3	146	1225
3	147	1807
3	149	1640
3	150	626
3	152	1593
3	154	674
3	155	1253
3	157	999
3	158	712
3	160	777
3	162	436
3	163	1005
3	165	518
3	166	614
3	168	512
3	169	305
3	171	637
3	173	268
3	174	509
3	176	748
3	177	162
3	179	336
3	181	201
3	182	421
3	184	273
3	185	156
3	187	260
3	189	72
3	190	147
3	192	79
3	193	123
3	195	129
3	196	115
3	198	96
3	200	35
3	201	54
3	203	24
3	204	24
3	206	84
3	208	8
3	209	59
3	211	25
3	212	6
3	214	22
4	0	180250
4	1	63698
4	2	49013
4	3	83162
4	4	38308
4	6	72319
4	7	37869
4	9	33840
4	10	69966
4	12	33293
4	13	67111
4	14	32630
4	16	65729
4	17	31531
4	19	30745
4	20	61969
4	22	59325
4	23	29680
4	25	57908
4	27	29922
4	28	56925
4	30	26397
4	31	53656
4	33	54325
4	34	28230
4	36	53792
4	38	26579
4	39	49055
4	41	47720
4	42	23835
4	44	47053
4	46	21747
4	47	45301
4	49	43857
4	50	20564
4	52	40004
4	54	20248
4	55	38525
4	57	18990
4	58	37461
4	60	33935
4	61	18293
4	63	34211
4	65	16734
4	66	30377
4	68	34249
4	69	14613
4	71	29167
4	73	13459
4	74	27268
4	76	26701
4	77	12529
4	79	24886
4	81	12269
4	82	21576
4	84	11971
4	85	20414
4	87	25140
4	88	12140
4	90	21158
4	92	10420
4	93	19205
4	95	17504
4	96	8778
4	98	16598
4	100	7305
4	101	16950
4	103	15614
4	104	7394
4	106	13886
4	108	6887
4	109	12722
4	111	6643
4	112	13454
4	114	11660
4	115	5074
4	117	11433
4	119	6234
4	120	10952
4	122	8339
4	123	4681
4	125	8461
4	127	3899
4	128	7716
4	130	9747
4	131	3266
4	133	7813
4	135	3029
4	136	7383
4	138	2624
4	139	5597
4	141	5801
4	142	3033
4	144	5360
4	146	2264
4	147	3991
4	149	4747
4	150	1832
4	152	4418
4	154	2348
4	155	3477
4	157	2611
4	158	1545
4	160	3254
4	162	1360
4	163	2600
4	165	1437
4	166	2668
4	168	2115
4	169	712
4	171	2372
4	173	887
4	174	1952
4	176	2191
4	177	643
4	179	1346
4	181	681
4	182	1097
4	184	849
4	185	509
4	187	594
4	189	544
4	190	669
4	192	186
4	193	350
4	195	719
4	196	253
4	198	571
4	200	263
4	201	547
4	203	353
4	204	131
4	206	225
4	208	38
4	209	67
4	211	50
4	214	55
5	0	86933
5	1	39106
5	2	30475
5	3	49315
5	4	24755
5	6	50389
5	7	24607
5	9	23357
5	10	47592
5	12	25615
5	13	44434
5	14	22539
5	16	45563
5	17	21958
5	19	21055
5	20	41850
5	22	40805
5	23	19678
5	25	41959
5	27	20706
5	28	41590
5	30	20470
5	31	43770
5	33	39257
5	34	19541
5	36	39380
5	38	17254
5	39	35727
5	41	35790
5	42	18732
5	44	34898
5	46	17964
5	47	32477
5	49	33929
5	50	15751
5	52	31838
5	54	16084
5	55	30481
5	57	15267
5	58	30279
5	60	28847
5	61	14054
5	63	26506
5	65	12837
5	66	27836
5	68	26655
5	69	13704
5	71	27290
5	73	12648
5	74	23622
5	76	21706
5	77	11097
5	79	21351
5	81	10416
5	82	20745
5	84	10182
5	85	19141
5	87	20159
5	88	9828
5	90	20327
5	92	9294
5	93	18459
5	95	15846
5	96	7226
5	98	16583
5	100	6593
5	101	14386
5	103	13555
5	104	6648
5	106	13383
5	108	6494
5	109	12421
5	111	6088
5	112	13350
5	114	13345
5	115	5378
5	117	11388
5	119	5288
5	120	9808
5	122	9239
5	123	4587
5	125	9503
5	127	4544
5	128	8461
5	130	7509
5	131	3881
5	133	7367
5	135	3953
5	136	6691
5	138	2876
5	139	5608
5	141	5716
5	142	2501
5	144	6049
5	146	2015
5	147	4660
5	149	4957
5	150	2524
5	152	5214
5	154	2344
5	155	4426
5	157	4383
5	158	1955
5	160	5447
5	162	2080
5	163	4006
5	165	1582
5	166	3073
5	168	3199
5	169	1191
5	171	2626
5	173	1173
5	174	2161
5	176	1921
5	177	1392
5	179	1721
5	181	879
5	182	1821
5	184	1608
5	185	812
5	187	1860
5	189	798
5	190	1069
5	192	576
5	193	582
5	195	824
5	196	448
5	198	712
5	200	421
5	201	829
5	203	439
5	204	170
5	206	566
5	208	204
5	209	192
5	211	133
5	212	177
5	214	62
5	216	157
6	0	47465
6	1	24927
6	2	19108
6	3	34344
6	4	15715
6	6	35576
6	7	17851
6	9	16964
6	10	35664
6	12	16945
6	13	34247
6	14	15961
6	16	35133
6	17	17956
6	19	16049
6	20	35199
6	22	37320
6	23	17563
6	25	31883
6	27	16170
6	28	33747
6	30	16506
6	31	34192
6	33	32445
6	34	16032
6	36	30719
6	38	15729
6	39	31826
6	41	31553
6	42	15848
6	44	30037
6	46	15661
6	47	30229
6	49	32449
6	50	14671
6	52	28992
6	54	15667
6	55	27694
6	57	15719
6	58	28174
6	60	26574
6	61	13788
6	63	25467
6	65	11874
6	66	25798
6	68	25702
6	69	12108
6	71	26165
6	73	13056
6	74	21877
6	76	21585
6	77	10659
6	79	22635
6	81	10824
6	82	20395
6	84	9910
6	85	20205
6	87	20676
6	88	9672
6	90	18068
6	92	10255
6	93	16752
6	95	17001
6	96	7529
6	98	16250
6	100	8306
6	101	15477
6	103	14444
6	104	7703
6	106	16084
6	108	7496
6	109	14544
6	111	6692
6	112	13204
6	114	12328
6	115	6082
6	117	13525
6	119	6508
6	120	12633
6	122	10249
6	123	4822
6	125	10682
6	127	5391
6	128	10942
6	130	11128
6	131	5059
6	133	8938
6	135	4148
6	136	8358
6	138	4367
6	139	8168
6	141	8256
6	142	4099
6	144	7209
6	146	4294
6	147	6954
6	149	6643
6	150	3333
6	152	5836
6	154	2542
6	155	5713
6	157	5144
6	158	3061
6	160	5622
6	162	2787
6	163	4016
6	165	2346
6	166	3672
6	168	3638
6	169	1504
6	171	3687
6	173	1980
6	174	2617
6	176	2331
6	177	1505
6	179	2536
6	181	1010
6	182	2377
6	184	1971
6	185	963
6	187	2315
6	189	781
6	190	3140
6	192	639
6	193	1208
6	195	1365
6	196	511
6	198	1098
6	200	534
6	201	1177
6	203	853
6	204	284
6	206	473
6	208	368
6	209	544
6	211	416
6	212	19
6	214	233
6	216	25
7	0	22369
7	1	11760
7	2	11313
7	3	20678
7	4	10908
7	6	21166
7	7	9876
7	9	11042
7	10	22854
7	12	10281
7	13	21749
7	14	11412
7	16	22352
7	17	11923
7	19	15057
7	20	22692
7	22	24587
7	23	13569
7	25	24987
7	27	13049
7	28	25023
7	30	12724
7	31	24573
7	33	22586
7	34	12564
7	36	25176
7	38	13232
7	39	26059
7	41	26950
7	42	14087
7	44	24712
7	46	13138
7	47	23895
7	49	24891
7	50	13966
7	52	23222
7	54	12650
7	55	24442
7	57	12841
7	58	23854
7	60	25123
7	61	14507
7	63	25842
7	65	11532
7	66	22802
7	68	22813
7	69	12119
7	71	24304
7	73	11001
7	74	20587
7	76	21745
7	77	10898
7	79	20488
7	81	9860
7	82	19559
7	84	9620
7	85	19529
7	87	19943
7	88	9330
7	90	19675
7	92	9292
7	93	18065
7	95	17069
7	96	8687
7	98	17062
7	100	8390
7	101	16968
7	103	17439
7	104	8471
7	106	16777
7	108	9522
7	109	15553
7	111	7489
7	112	13835
7	114	13659
7	115	6294
7	117	12051
7	119	7835
7	120	13759
7	122	11880
7	123	5299
7	125	13272
7	127	5425
7	128	12956
7	130	12611
7	131	5551
7	133	11057
7	135	4880
7	136	10446
7	138	4464
7	139	7813
7	141	9929
7	142	5090
7	144	8533
7	146	4173
7	147	7307
7	149	7466
7	150	3977
7	152	7500
7	154	3708
7	155	6704
7	157	5940
7	158	2927
7	160	5972
7	162	3154
7	163	6781
7	165	3004
7	166	5960
7	168	4982
7	169	2597
7	171	4026
7	173	2126
7	174	4873
7	176	4722
7	177	2066
7	179	3758
7	181	1945
7	182	3071
7	184	2651
7	185	1601
7	187	2754
7	189	1091
7	190	2172
7	192	706
7	193	2265
7	195	1693
7	196	1117
7	198	1445
7	200	1038
7	201	1236
7	203	831
7	204	490
7	206	984
7	208	916
7	209	668
7	211	944
7	212	185
7	214	640
7	216	242
8	0	10299
8	1	6295
8	2	4901
8	3	10607
8	4	5639
8	6	11859
8	7	6670
8	9	6724
8	10	12810
8	12	6724
8	13	12693
8	14	6778
8	16	14609
8	17	6145
8	19	7574
8	20	14866
8	22	15028
8	23	8087
8	25	16112
8	27	8071
8	28	16550
8	30	8281
8	31	15668
8	33	15869
8	34	8511
8	36	18803
8	38	8582
8	39	17785
8	41	17121
8	42	8318
8	44	17595
8	46	9331
8	47	16327
8	49	17530
8	50	9655
8	52	17662
8	54	8719
8	55	16675
8	57	9305
8	58	17557
8	60	17358
8	61	8376
8	63	17381
8	65	9204
8	66	17386
8	68	18041
8	69	9644
8	71	18484
8	73	9440
8	74	17658
8	76	17579
8	77	8522
8	79	17650
8	81	8699
8	82	16881
8	84	8493
8	85	18245
8	87	17074
8	88	8742
8	90	16414
8	92	8599
8	93	17068
8	95	15638
8	96	8319
8	98	15527
8	100	7949
8	101	15012
8	103	15070
8	104	7214
8	106	15819
8	108	7651
8	109	14849
8	111	7729
8	112	14927
8	114	13682
8	115	7258
8	117	13613
8	119	6319
8	120	12306
8	122	12752
8	123	6187
8	125	11768
8	127	5925
8	128	11957
8	130	11538
8	131	6068
8	133	12148
8	135	5745
8	136	10837
8	138	5601
8	139	10839
8	141	9614
8	142	5057
8	144	10745
8	146	4751
8	147	10099
8	149	9317
8	150	4494
8	152	8602
8	154	4415
8	155	9434
8	157	8515
8	158	4329
8	160	7433
8	162	3911
8	163	7009
8	165	3665
8	166	6978
8	168	5984
8	169	3133
8	171	6493
8	173	2833
8	174	5111
8	176	4700
8	177	1918
8	179	4952
8	181	2142
8	182	4734
8	184	3871
8	185	1745
8	187	3925
8	189	2418
8	190	4835
8	192	1294
8	193	2999
8	195	3267
8	196	1287
8	198	2370
8	200	861
8	201	2165
8	203	2211
8	204	988
8	206	1905
8	208	834
8	209	1204
8	211	968
8	212	414
8	214	601
8	216	573
9	0	4353
9	1	2090
9	2	2413
9	3	5460
9	4	2713
9	6	7167
9	7	3235
9	9	3779
9	10	6346
9	12	3937
9	13	7525
9	14	3586
9	16	8408
9	17	4466
9	19	4135
9	20	8118
9	22	9976
9	23	4586
9	25	10712
9	27	4518
9	28	11853
9	30	5222
9	31	11332
9	33	11019
9	34	5234
9	36	11553
9	38	6437
9	39	11592
9	41	11721
9	42	5903
9	44	12674
9	46	5996
9	47	12975
9	49	13101
9	50	7039
9	52	14092
9	54	7492
9	55	14876
9	57	7640
9	58	14082
9	60	14280
9	61	6528
9	63	13597
9	65	6738
9	66	13187
9	68	13978
9	69	7605
9	71	14281
9	73	6863
9	74	15112
9	76	16034
9	77	8641
9	79	14902
9	81	7680
9	82	15555
9	84	7986
9	85	14826
9	87	15210
9	88	8108
9	90	15050
9	92	7213
9	93	15277
9	95	15754
9	96	8306
9	98	15802
9	100	6803
9	101	15095
9	103	14736
9	104	7267
9	106	15266
9	108	6663
9	109	14255
9	111	6904
9	112	14621
9	114	14895
9	115	8072
9	117	14572
9	119	6647
9	120	14488
9	122	14527
9	123	7308
9	125	14538
9	127	7114
9	128	13630
9	130	13147
9	131	5884
9	133	12996
9	135	6560
9	136	12402
9	138	5927
9	139	11640
9	141	11684
9	142	5930
9	144	12671
9	146	5584
9	147	12025
9	149	11001
9	150	5830
9	152	11396
9	154	5216
9	155	11219
9	157	11256
9	158	4876
9	160	10825
9	162	4759
9	163	9422
9	165	4376
9	166	10657
9	168	8812
9	169	4314
9	171	7785
9	173	4277
9	174	7974
9	176	8363
9	177	3561
9	179	7628
9	181	3562
9	182	6973
9	184	7362
9	185	3265
9	187	6452
9	189	2901
9	190	5924
9	192	2734
9	193	5671
9	195	5581
9	196	2640
9	198	4959
9	200	2312
9	201	4063
9	203	3999
9	204	1866
9	206	2947
9	208	1863
9	209	3846
9	211	2332
9	212	1103
9	214	2823
9	216	2063
10	0	759
10	1	587
10	2	540
10	3	1603
10	4	597
10	6	1504
10	7	648
10	9	789
10	10	2069
10	12	1021
10	13	1975
10	14	1292
10	16	2283
10	17	1261
10	19	1355
10	20	3034
10	22	3021
10	23	1657
10	25	3290
10	27	1963
10	28	4035
10	30	1829
10	31	4272
10	33	4813
10	34	2579
10	36	4844
10	38	2262
10	39	5288
10	41	5317
10	42	3040
10	44	5859
10	46	2628
10	47	7010
10	49	6424
10	50	2908
10	52	6282
10	54	3172
10	55	7521
10	57	3923
10	58	7382
10	60	6922
10	61	3553
10	63	8101
10	65	3833
10	66	8299
10	68	7843
10	69	3801
10	71	8419
10	73	4456
10	74	8717
10	76	8570
10	77	4319
10	79	9399
10	81	4913
10	82	9346
10	84	4628
10	85	10356
10	87	10381
10	88	4902
10	90	10886
10	92	5175
10	93	10155
10	95	11032
10	96	5651
10	98	11408
10	100	5984
10	101	11393
10	103	10840
10	104	5557
10	106	11365
10	108	5858
10	109	11731
10	111	5906
10	112	12067
10	114	12667
10	115	6205
10	117	11883
10	119	6531
10	120	12213
10	122	12703
10	123	6734
10	125	12454
10	127	6548
10	128	13814
10	130	12715
10	131	6189
10	133	13150
10	135	6759
10	136	14398
10	138	7034
10	139	13174
10	141	13714
10	142	6872
10	144	13780
10	146	6733
10	147	15303
10	149	14108
10	150	6691
10	152	13724
10	154	7312
10	155	13432
10	157	14422
10	158	6996
10	160	13955
10	162	6875
10	163	14029
10	165	7031
10	166	13858
10	168	14322
10	169	6741
10	171	13474
10	173	6831
10	174	12891
10	176	13188
10	177	6453
10	179	12934
10	181	6161
10	182	13128
10	184	12912
10	185	6471
10	187	11690
10	189	6264
10	190	12272
10	192	5930
10	193	11845
10	195	11893
10	196	5645
10	198	12458
10	200	5674
10	201	10731
10	203	10854
10	204	5238
10	206	10404
10	208	4602
10	209	9369
10	211	9574
10	212	4887
10	214	12560
10	216	21607
