n_matched
26933
20588
23609
18603
12038
66758
16560
51283
13624
8909
7558
12269
37154
9969
19814
9521
13183
26568
26568
11897
11714
10692
25945
25945
10857
7544
8260
6571
6571
7488
7656
9818
9347
12274
12274
5459
6019
8321
5916
5916
7558
7939
7939
5424
5878
16840
3580
4989
4989
5336
7197
2927
29642
13026
5151
9767
27675
27675
17518
12424
5228
7988
9527
27925
27925
7018
8589
11189
6915
5769
11061
10993
6074
6851
7779
7517
3959
9623
7506
21668
9131
9397
6281
21518
8630
3681
8434
6093
21203
8375
5642
5638
6088
8072
5820
6005
18837
11456
8207
6782
6498
17844
10061
7207
5471
17691
17691
8487
6659
5600
16961
4884
4257
3469
6562
4791
4799
15076
5280
6626
4641
14878
14878
3472
2689
4635
6378
2541
6189
13130
4461
4461
13451
2132
12059
12308
12308
7427
2852
3660
4977
2481
4497
3524
11299
3582
4181
3009
2730
7463
3685
6198
