UKB_sparse_bin	YRI_bin	UKB_WBfreq
1	0	50
1	2	2
1	3	1
1	16	2
1	19	1
1	28	2
1	38	1
1	49	1
2	0	37
2	1	5
2	2	1
2	3	1
2	4	1
2	10	1
2	12	1
2	13	1
2	16	2
2	17	2
2	19	1
2	23	1
2	25	2
2	38	1
2	49	1
2	63	1
2	82	1
3	0	19
3	1	5
3	2	1
3	6	3
3	7	1
3	10	1
3	12	3
3	13	3
3	14	1
3	16	2
3	17	1
3	19	1
3	22	1
3	23	1
3	28	1
3	33	1
3	34	1
3	36	1
3	46	1
3	52	1
3	55	1
3	58	1
3	60	1
3	68	2
3	76	1
3	85	1
3	96	1
3	115	1
3	122	1
3	138	1
4	0	16
4	1	1
4	3	1
4	6	1
4	7	1
4	9	1
4	12	1
4	13	2
4	14	1
4	16	3
4	20	1
4	22	1
4	23	1
4	25	1
4	27	1
4	33	1
4	36	2
4	39	2
4	41	3
4	47	3
4	49	1
4	55	1
4	57	1
4	58	1
4	74	1
4	76	2
4	82	1
4	92	1
4	93	1
4	101	2
4	117	1
4	142	1
4	169	1
4	181	1
5	0	4
5	1	2
5	3	1
5	6	5
5	7	2
5	9	1
5	13	5
5	17	2
5	20	2
5	22	3
5	31	2
5	38	1
5	39	1
5	41	1
5	55	1
5	58	1
5	60	2
5	63	1
5	65	2
5	76	1
5	79	2
5	84	1
5	87	2
5	90	1
5	93	1
5	100	1
5	101	1
5	103	1
5	106	1
5	114	1
5	117	2
5	119	2
5	123	1
5	149	1
5	160	1
5	169	1
6	0	7
6	1	1
6	4	1
6	6	2
6	7	1
6	9	2
6	13	4
6	14	1
6	20	2
6	23	2
6	28	1
6	30	1
6	31	1
6	33	3
6	36	1
6	38	1
6	41	2
6	46	1
6	47	1
6	49	1
6	52	1
6	55	2
6	58	1
6	69	1
6	73	1
6	74	2
6	79	1
6	82	1
6	84	1
6	85	1
6	87	1
6	92	1
6	93	1
6	106	1
6	109	1
6	119	1
6	122	1
6	123	1
6	127	1
6	133	1
6	155	1
6	208	1
7	1	1
7	3	1
7	6	1
7	9	1
7	10	2
7	12	1
7	14	2
7	16	1
7	20	1
7	22	1
7	23	1
7	25	3
7	27	2
7	30	1
7	33	4
7	34	1
7	36	3
7	39	2
7	42	1
7	46	2
7	49	1
7	52	2
7	57	2
7	60	1
7	63	1
7	65	1
7	74	1
7	77	1
7	85	1
7	87	1
7	90	2
7	92	1
7	103	1
7	106	1
7	109	1
7	119	1
7	120	1
7	135	1
7	147	1
7	149	1
7	150	1
7	166	1
7	168	2
7	173	1
8	0	4
8	6	1
8	7	1
8	13	3
8	14	1
8	16	2
8	20	1
8	23	1
8	25	1
8	31	2
8	36	1
8	38	2
8	41	1
8	44	2
8	54	1
8	55	2
8	60	1
8	61	2
8	63	1
8	66	2
8	69	1
8	73	1
8	74	1
8	79	1
8	84	1
8	85	2
8	88	1
8	90	2
8	95	1
8	98	1
8	100	1
8	111	2
8	114	2
8	115	1
8	117	1
8	127	1
8	130	1
8	138	1
8	152	1
8	160	2
8	171	1
8	184	1
8	187	1
9	0	1
9	3	2
9	6	1
9	9	1
9	10	1
9	16	1
9	17	1
9	22	1
9	30	2
9	31	2
9	33	1
9	36	1
9	39	1
9	41	2
9	44	1
9	52	1
9	55	1
9	57	1
9	58	1
9	63	3
9	65	1
9	68	1
9	71	1
9	74	1
9	76	2
9	77	2
9	82	1
9	85	1
9	87	1
9	96	1
9	101	2
9	103	1
9	104	1
9	106	2
9	109	1
9	111	1
9	112	2
9	114	1
9	119	1
9	122	1
9	130	1
9	147	1
9	154	1
9	157	1
9	158	1
9	169	1
9	173	1
9	174	1
9	182	1
10	16	2
10	31	1
10	36	1
10	49	1
10	50	1
10	52	1
10	58	1
10	60	1
10	61	1
10	63	2
10	66	1
10	79	1
10	82	1
10	87	1
10	92	1
10	93	1
10	101	1
10	112	1
10	115	3
10	117	2
10	120	1
10	125	2
10	131	1
10	133	1
10	139	1
10	141	1
10	147	1
10	150	1
10	152	2
10	155	3
10	157	3
10	158	2
10	162	1
10	168	2
10	171	1
10	173	1
10	174	1
10	176	1
10	179	1
10	182	1
10	184	2
10	187	1
10	200	1
10	204	1
10	212	1
10	216	2
