n_matched
99348
99348
17632
17632
28941
28941
18829
15397
24894
12325
26527
18496
51283
13105
37154
9969
10842
32720
9482
9521
9532
8417
26568
26568
11897
15379
9029
7250
7656
4026
7140
8408
10698
5725
10675
7990
5087
10836
6882
5248
29642
19262
13041
9572
27675
17518
11987
8769
7284
7018
7487
5769
10696
10696
7689
7689
8455
7292
7506
9131
9872
6281
8630
6093
6238
5912
11240
5820
3529
3049
5812
16961
6926
6200
6626
3873
3873
13130
8943
2188
4087
4461
4450
4700
5488
7744
4182
3717
5136
4761
10951
10951
4909
2376
11461
5046
