UKB_sparse_bin	YRI_bin	UKB_WBfreq
1	0	17
2	0	10
2	6	1
2	10	2
2	20	1
2	28	1
2	33	1
2	41	1
3	0	8
3	1	1
3	2	1
3	6	1
3	9	1
3	10	1
3	30	1
3	41	2
3	79	1
4	0	6
4	2	2
4	6	1
4	10	1
4	12	1
4	30	1
4	31	1
4	38	1
4	41	1
4	49	1
4	69	1
5	0	1
5	4	1
5	6	1
5	7	1
5	9	1
5	10	1
5	16	1
5	17	1
5	20	1
5	23	1
5	34	1
5	38	1
5	39	1
5	81	1
5	104	1
5	106	1
6	0	4
6	6	2
6	13	1
6	20	1
6	25	1
6	31	1
6	57	1
6	58	2
6	76	1
6	109	1
6	125	1
6	184	1
7	2	1
7	3	1
7	4	1
7	6	1
7	10	1
7	13	1
7	16	1
7	19	1
7	30	1
7	57	1
7	60	1
7	71	1
7	106	1
7	112	1
7	122	2
7	141	1
8	1	1
8	3	1
8	22	1
8	31	1
8	36	1
8	44	1
8	47	1
8	52	1
8	58	2
8	60	1
8	63	1
8	66	1
8	98	1
8	101	1
8	128	1
8	131	1
9	13	2
9	20	1
9	41	1
9	55	1
9	88	1
9	90	1
9	122	2
9	133	2
9	150	1
9	152	1
9	157	1
9	166	1
9	168	1
9	174	1
10	65	1
10	66	1
10	85	1
10	95	1
10	104	1
10	106	1
10	109	1
10	120	1
10	128	1
10	136	1
10	144	1
10	146	1
10	147	1
10	165	1
10	166	1
10	185	1
10	193	1
