UKB_sparse_bin	YRI_bin	UKB_WBfreq
1	0	12
1	33	1
1	54	1
2	0	9
2	10	1
2	16	1
2	31	1
2	42	1
2	55	1
3	0	5
3	3	1
3	6	1
3	7	1
3	16	1
3	25	1
3	47	1
3	85	1
3	87	1
3	136	1
4	0	3
4	2	2
4	3	1
4	6	1
4	10	1
4	12	1
4	13	1
4	28	1
4	33	1
4	63	1
4	90	1
5	0	1
5	1	1
5	13	1
5	14	2
5	16	1
5	23	1
5	25	2
5	28	1
5	76	1
5	84	1
5	109	1
5	195	1
6	0	1
6	3	1
6	10	1
6	16	1
6	17	1
6	20	1
6	33	1
6	39	1
6	47	1
6	60	2
6	76	1
6	106	1
6	130	1
7	0	1
7	13	1
7	25	1
7	41	1
7	52	1
7	63	1
7	65	1
7	74	1
7	79	1
7	87	1
7	90	1
7	92	1
7	93	1
7	184	1
8	16	1
8	31	1
8	52	1
8	55	1
8	57	1
8	58	1
8	66	1
8	92	1
8	95	1
8	96	1
8	100	1
8	101	1
8	120	1
8	158	1
9	16	1
9	25	1
9	33	1
9	55	1
9	95	1
9	101	1
9	117	1
9	125	1
9	139	1
9	149	1
9	157	1
9	163	1
9	165	1
9	179	1
10	47	1
10	68	1
10	90	1
10	101	1
10	119	1
10	128	1
10	130	1
10	133	1
10	135	1
10	136	1
10	149	1
10	155	1
10	206	1
10	211	1
10	212	1
