UKB_sparse_bin	CHB_bin	UKB_WBfreq
0	0	13096
0	1	827
0	2	551
0	4	189
0	5	60
0	7	65
0	8	143
0	10	107
0	11	399
0	13	62
0	14	70
0	15	30
0	17	65
0	18	33
0	20	25
0	21	143
0	22	35
0	24	43
0	26	61
0	27	50
0	29	40
0	30	29
0	32	31
0	34	19
0	35	5
0	37	35
0	38	10
0	40	26
0	41	58
0	43	14
0	45	7
0	46	39
0	48	21
0	49	9
0	51	18
0	53	5
0	54	57
0	56	30
0	57	92
0	59	13
0	61	12
0	62	10
0	64	8
0	65	2
0	67	9
0	68	1
0	70	182
0	72	51
0	73	24
0	75	17
0	78	15
0	80	1
0	81	2
0	83	2
0	86	13
0	87	4
0	89	6
0	91	1
0	97	1
0	99	5
0	100	2
0	111	2
0	116	1
0	127	1
0	132	1
1	0	564738
1	1	38774
1	2	18194
1	4	13427
1	5	6251
1	7	5980
1	8	9928
1	10	4906
1	11	7003
1	13	3005
1	14	7056
1	15	3043
1	17	5214
1	18	3031
1	20	2432
1	21	4626
1	22	1955
1	24	3210
1	26	1676
1	27	3206
1	29	2423
1	30	1342
1	32	2562
1	34	1313
1	35	2730
1	37	2098
1	38	1028
1	40	2428
1	41	1021
1	43	1743
1	45	798
1	46	1623
1	48	1612
1	49	740
1	51	1301
1	53	661
1	54	1246
1	56	1137
1	57	642
1	59	886
1	61	399
1	62	714
1	64	524
1	65	826
1	67	588
1	68	212
1	70	508
1	72	164
1	73	335
1	75	323
1	76	283
1	78	609
1	80	271
1	81	343
1	83	196
1	84	329
1	86	304
1	87	111
1	89	365
1	91	78
1	92	132
1	94	175
1	95	90
1	97	175
1	99	106
1	100	116
1	102	46
1	103	138
1	105	86
1	106	45
1	108	68
1	110	32
1	111	74
1	113	42
1	114	24
1	116	74
1	118	20
1	119	92
1	121	49
1	122	24
1	124	30
1	125	10
1	127	16
1	129	10
1	130	56
1	132	21
1	133	7
1	135	89
1	137	28
1	138	20
1	140	19
1	141	1
1	143	3
1	144	7
1	146	8
1	148	2
1	149	9
1	151	1
1	152	2
1	154	71
1	156	8
1	157	3
1	159	2
1	162	3
1	168	2
1	170	3
1	176	3
1	187	1
1	203	1
1	205	1
2	0	195490
2	1	26108
2	2	14610
2	4	8751
2	5	3780
2	7	4005
2	8	7021
2	10	2800
2	11	5497
2	13	2999
2	14	5983
2	15	2651
2	17	4911
2	18	2367
2	20	1878
2	21	4208
2	22	2059
2	24	4046
2	26	1715
2	27	3279
2	29	2706
2	30	1625
2	32	2636
2	34	1321
2	35	2485
2	37	2455
2	38	1111
2	40	2027
2	41	920
2	43	2039
2	45	848
2	46	1874
2	48	1653
2	49	660
2	51	1151
2	53	583
2	54	1531
2	56	1005
2	57	532
2	59	897
2	61	680
2	62	730
2	64	463
2	65	729
2	67	921
2	68	370
2	70	634
2	72	312
2	73	371
2	75	394
2	76	253
2	78	458
2	80	169
2	81	308
2	83	195
2	84	316
2	86	265
2	87	161
2	89	265
2	91	141
2	92	254
2	94	277
2	95	87
2	97	258
2	99	119
2	100	182
2	102	78
2	103	175
2	105	142
2	106	47
2	108	137
2	110	75
2	111	101
2	113	60
2	114	25
2	116	78
2	118	16
2	119	47
2	121	53
2	122	27
2	124	41
2	125	28
2	127	22
2	129	21
2	130	46
2	132	45
2	133	13
2	135	50
2	137	13
2	138	35
2	140	24
2	141	3
2	143	16
2	144	7
2	146	11
2	148	12
2	149	14
2	151	25
2	152	8
2	154	36
2	156	18
2	157	22
2	160	12
2	167	2
2	168	6
2	170	4
2	173	6
2	175	1
2	178	6
2	179	3
2	183	1
2	197	1
3	0	80555
3	1	23274
3	2	16895
3	4	11139
3	5	4903
3	7	4901
3	8	9529
3	10	4510
3	11	8091
3	13	3410
3	14	7108
3	15	3796
3	17	7303
3	18	3369
3	20	3530
3	21	6634
3	22	2924
3	24	5827
3	26	2752
3	27	5498
3	29	4462
3	30	2142
3	32	4365
3	34	2240
3	35	4544
3	37	4222
3	38	2005
3	40	4001
3	41	1679
3	43	3346
3	45	1581
3	46	3332
3	48	2743
3	49	1403
3	51	2907
3	53	1368
3	54	2549
3	56	2263
3	57	1004
3	59	2410
3	61	1315
3	62	2039
3	64	1061
3	65	2258
3	67	1840
3	68	763
3	70	1490
3	72	760
3	73	1736
3	75	1396
3	76	564
3	78	1201
3	80	474
3	81	1322
3	83	574
3	84	945
3	86	981
3	87	478
3	89	860
3	91	400
3	92	982
3	94	840
3	95	329
3	97	705
3	99	325
3	100	560
3	102	301
3	103	551
3	105	530
3	106	254
3	108	460
3	110	211
3	111	383
3	113	447
3	114	242
3	116	407
3	118	131
3	119	227
3	121	246
3	122	121
3	124	169
3	125	68
3	127	171
3	129	88
3	130	179
3	132	200
3	133	102
3	135	211
3	137	74
3	138	88
3	140	82
3	141	50
3	143	119
3	144	52
3	146	150
3	148	22
3	149	69
3	151	91
3	152	78
3	154	31
3	156	19
3	157	46
3	159	80
3	160	24
3	162	40
3	164	9
3	165	48
3	167	9
3	168	76
3	170	13
3	171	8
3	173	111
3	175	15
3	176	39
3	178	8
3	179	4
3	181	10
3	183	20
3	184	1
3	186	3
3	187	2
3	200	6
3	202	2
4	0	20292
4	1	9639
4	2	8650
4	4	6229
4	5	2754
4	7	2929
4	8	4817
4	10	2751
4	11	5670
4	13	2414
4	14	4809
4	15	2769
4	17	4127
4	18	2000
4	20	2270
4	21	4153
4	22	2310
4	24	3992
4	26	1873
4	27	3937
4	29	3700
4	30	1724
4	32	3575
4	34	1627
4	35	3128
4	37	3347
4	38	1574
4	40	2974
4	41	1710
4	43	2812
4	45	1420
4	46	2594
4	48	2490
4	49	1203
4	51	2496
4	53	1185
4	54	2247
4	56	2212
4	57	943
4	59	2296
4	61	981
4	62	1998
4	64	877
4	65	1633
4	67	1758
4	68	704
4	70	1378
4	72	771
4	73	1386
4	75	1598
4	76	771
4	78	1409
4	80	736
4	81	1391
4	83	544
4	84	1310
4	86	1204
4	87	427
4	89	945
4	91	490
4	92	1204
4	94	946
4	95	543
4	97	731
4	99	333
4	100	656
4	102	354
4	103	541
4	105	632
4	106	403
4	108	574
4	110	265
4	111	725
4	113	609
4	114	211
4	116	345
4	118	222
4	119	336
4	121	289
4	122	186
4	124	298
4	125	137
4	127	376
4	129	140
4	130	217
4	132	186
4	133	52
4	135	175
4	137	87
4	138	149
4	140	130
4	141	71
4	143	202
4	144	76
4	146	79
4	148	46
4	149	115
4	151	79
4	152	63
4	154	111
4	156	42
4	157	108
4	159	92
4	160	10
4	162	61
4	164	40
4	165	53
4	167	30
4	168	66
4	170	68
4	171	5
4	173	47
4	176	5
4	178	7
4	179	6
4	181	13
4	183	16
4	184	18
4	186	2
4	187	3
4	189	18
4	190	6
4	192	2
4	195	1
5	0	15814
5	1	10254
5	2	9823
5	4	7917
5	5	3932
5	7	3121
5	8	7291
5	10	3485
5	11	6598
5	13	3816
5	14	6716
5	15	3354
5	17	6331
5	18	3008
5	20	2924
5	21	6587
5	22	3393
5	24	6091
5	26	2872
5	27	6064
5	29	5503
5	30	3289
5	32	5170
5	34	3101
5	35	5469
5	37	5186
5	38	2954
5	40	5336
5	41	2571
5	43	5192
5	45	2149
5	46	4837
5	48	4121
5	49	2177
5	51	4141
5	53	1867
5	54	4253
5	56	3862
5	57	1976
5	59	4279
5	61	2069
5	62	4028
5	64	2355
5	65	3841
5	67	3711
5	68	1726
5	70	3231
5	72	1759
5	73	3064
5	75	2992
5	76	1491
5	78	3000
5	80	1418
5	81	3140
5	83	1393
5	84	2671
5	86	2446
5	87	1154
5	89	2477
5	91	1131
5	92	2466
5	94	2152
5	95	900
5	97	1870
5	99	1240
5	100	2201
5	102	990
5	103	1800
5	105	2123
5	106	1136
5	108	1543
5	110	742
5	111	1474
5	113	1543
5	114	950
5	116	1369
5	118	608
5	119	934
5	121	875
5	122	456
5	124	924
5	125	419
5	127	894
5	129	506
5	130	960
5	132	854
5	133	442
5	135	974
5	137	289
5	138	580
5	140	557
5	141	352
5	143	568
5	144	270
5	146	527
5	148	180
5	149	389
5	151	552
5	152	166
5	154	378
5	156	218
5	157	527
5	159	380
5	160	290
5	162	371
5	164	127
5	165	389
5	167	141
5	168	381
5	170	247
5	171	56
5	173	88
5	175	31
5	176	39
5	178	86
5	179	36
5	181	54
5	183	12
5	184	91
5	186	6
5	187	16
5	189	38
5	190	8
5	192	14
5	194	6
5	195	86
5	197	35
5	198	1
5	200	28
5	203	3
5	206	3
6	0	7396
6	1	6750
6	2	7778
6	4	5975
6	5	2614
6	7	2326
6	8	5069
6	10	2356
6	11	6270
6	13	2273
6	14	4912
6	15	2967
6	17	4735
6	18	2382
6	20	2517
6	21	6043
6	22	2510
6	24	4999
6	26	2687
6	27	5456
6	29	5644
6	30	2524
6	32	5528
6	34	2697
6	35	5302
6	37	5563
6	38	2599
6	40	5270
6	41	2630
6	43	4966
6	45	2280
6	46	5052
6	48	5267
6	49	2807
6	51	5008
6	53	2523
6	54	5025
6	56	4923
6	57	2329
6	59	4632
6	61	1960
6	62	4461
6	64	2089
6	65	4226
6	67	4377
6	68	2118
6	70	3904
6	72	2320
6	73	3945
6	75	3923
6	76	1618
6	78	3844
6	80	2011
6	81	4104
6	83	1672
6	84	4430
6	86	3506
6	87	1845
6	89	4149
6	91	1634
6	92	3385
6	94	2877
6	95	1541
6	97	3242
6	99	1326
6	100	2670
6	102	1281
6	103	2679
6	105	2569
6	106	1390
6	108	2404
6	110	1405
6	111	2059
6	113	2045
6	114	966
6	116	2577
6	118	980
6	119	1987
6	121	2305
6	122	866
6	124	1656
6	125	1004
6	127	1515
6	129	768
6	130	1667
6	132	1518
6	133	739
6	135	1493
6	137	637
6	138	1218
6	140	1321
6	141	632
6	143	990
6	144	477
6	146	862
6	148	398
6	149	832
6	151	852
6	152	398
6	154	567
6	156	262
6	157	762
6	159	805
6	160	198
6	162	565
6	164	216
6	165	462
6	167	232
6	168	371
6	170	542
6	171	167
6	173	232
6	175	164
6	176	220
6	178	292
6	179	98
6	181	168
6	183	73
6	184	92
6	186	97
6	187	162
6	189	144
6	190	22
6	192	56
6	194	83
6	195	131
6	197	85
6	198	43
6	200	26
6	202	47
6	203	21
6	205	1
6	206	4
7	0	1928
7	1	2076
7	2	3426
7	4	2719
7	5	1595
7	7	1168
7	8	2363
7	10	1319
7	11	2606
7	13	1155
7	14	2297
7	15	1336
7	17	4004
7	18	1600
7	20	1550
7	21	2756
7	22	1343
7	24	3917
7	26	1541
7	27	3462
7	29	2799
7	30	1537
7	32	3100
7	34	1667
7	35	3361
7	37	3555
7	38	1833
7	40	3842
7	41	1881
7	43	3669
7	45	2151
7	46	3675
7	48	4020
7	49	1697
7	51	3552
7	53	1660
7	54	4470
7	56	3600
7	57	1706
7	59	3660
7	61	1792
7	62	4093
7	64	1861
7	65	3496
7	67	4284
7	68	1763
7	70	3392
7	72	2020
7	73	3566
7	75	3491
7	76	1922
7	78	4009
7	80	2267
7	81	3334
7	83	1808
7	84	3244
7	86	3513
7	87	1621
7	89	3694
7	91	1526
7	92	3379
7	94	3627
7	95	1344
7	97	3351
7	99	1653
7	100	2986
7	102	2069
7	103	2874
7	105	3528
7	106	1564
7	108	3224
7	110	1663
7	111	3012
7	113	2544
7	114	1229
7	116	2097
7	118	1062
7	119	2870
7	121	2763
7	122	1052
7	124	2204
7	125	1079
7	127	2153
7	129	890
7	130	2026
7	132	1811
7	133	974
7	135	2026
7	137	1004
7	138	1800
7	140	1545
7	141	832
7	143	1599
7	144	712
7	146	1269
7	148	626
7	149	1424
7	151	1411
7	152	523
7	154	925
7	156	371
7	157	973
7	159	969
7	160	657
7	162	831
7	164	446
7	165	659
7	167	268
7	168	653
7	170	677
7	171	292
7	173	662
7	175	265
7	176	604
7	178	543
7	179	203
7	181	395
7	183	166
7	184	398
7	186	126
7	187	272
7	189	278
7	190	74
7	192	293
7	194	96
7	195	425
7	197	342
7	198	73
7	200	103
7	202	24
7	203	91
7	205	40
7	206	12
8	0	376
8	1	661
8	2	906
8	4	746
8	5	297
8	7	328
8	8	754
8	10	457
8	11	608
8	13	442
8	14	1052
8	15	419
8	17	1021
8	18	483
8	20	502
8	21	1060
8	22	478
8	24	1245
8	26	556
8	27	907
8	29	1515
8	30	636
8	32	1359
8	34	675
8	35	1280
8	37	1318
8	38	652
8	40	1501
8	41	732
8	43	1619
8	45	673
8	46	1482
8	48	1544
8	49	630
8	51	1595
8	53	886
8	54	1562
8	56	1763
8	57	952
8	59	1689
8	61	956
8	62	1605
8	64	960
8	65	2011
8	67	1784
8	68	853
8	70	1909
8	72	923
8	73	1802
8	75	1964
8	76	938
8	78	1964
8	80	880
8	81	1734
8	83	840
8	84	2022
8	86	1974
8	87	1033
8	89	1885
8	91	835
8	92	2060
8	94	1843
8	95	1055
8	97	1965
8	99	1070
8	100	1545
8	102	1024
8	103	1826
8	105	1925
8	106	878
8	108	1839
8	110	850
8	111	1432
8	113	1566
8	114	698
8	116	1438
8	118	743
8	119	1593
8	121	1439
8	122	668
8	124	1463
8	125	701
8	127	1579
8	129	694
8	130	1483
8	132	1347
8	133	578
8	135	1285
8	137	515
8	138	1405
8	140	1074
8	141	574
8	143	1220
8	144	509
8	146	1189
8	148	576
8	149	1039
8	151	1053
8	152	480
8	154	958
8	156	459
8	157	1035
8	159	1004
8	160	377
8	162	864
8	164	406
8	165	670
8	167	313
8	168	665
8	170	605
8	171	283
8	173	673
8	175	219
8	176	548
8	178	608
8	179	267
8	181	428
8	183	163
8	184	336
8	186	162
8	187	331
8	189	264
8	190	109
8	192	322
8	194	180
8	195	259
8	197	212
8	198	81
8	200	138
8	202	81
8	203	244
8	205	72
8	206	47
9	0	63
9	1	111
9	2	286
9	4	225
9	5	81
9	7	127
9	8	196
9	10	180
9	11	530
9	13	146
9	14	352
9	15	242
9	17	391
9	18	246
9	20	187
9	21	400
9	22	275
9	24	484
9	26	303
9	27	721
9	29	756
9	30	322
9	32	624
9	34	323
9	35	557
9	37	846
9	38	383
9	40	864
9	41	318
9	43	873
9	45	420
9	46	904
9	48	969
9	49	487
9	51	1103
9	53	490
9	54	1059
9	56	1242
9	57	586
9	59	1110
9	61	713
9	62	1393
9	64	890
9	65	1207
9	67	1425
9	68	754
9	70	1565
9	72	770
9	73	1318
9	75	1273
9	76	602
9	78	1661
9	80	699
9	81	1645
9	83	637
9	84	1681
9	86	1960
9	87	823
9	89	1610
9	91	918
9	92	1817
9	94	1622
9	95	951
9	97	1868
9	99	954
9	100	1752
9	102	967
9	103	1865
9	105	2078
9	106	916
9	108	1888
9	110	885
9	111	1966
9	113	1863
9	114	884
9	116	2061
9	118	1026
9	119	1620
9	121	1782
9	122	927
9	124	1810
9	125	898
9	127	1981
9	129	1045
9	130	1981
9	132	1999
9	133	905
9	135	1714
9	137	978
9	138	1573
9	140	1647
9	141	896
9	143	1983
9	144	763
9	146	1775
9	148	922
9	149	1434
9	151	1552
9	152	976
9	154	1428
9	156	690
9	157	1840
9	159	1509
9	160	802
9	162	1607
9	164	566
9	165	1379
9	167	610
9	168	1256
9	170	1151
9	171	687
9	173	1096
9	175	534
9	176	1159
9	178	1068
9	179	494
9	181	1146
9	183	498
9	184	835
9	186	363
9	187	905
9	189	785
9	190	290
9	192	820
9	194	466
9	195	724
9	197	697
9	198	268
9	200	497
9	202	252
9	203	508
9	205	271
9	206	258
10	0	9
10	1	13
10	2	68
10	4	165
10	5	38
10	7	28
10	8	29
10	10	15
10	11	121
10	13	51
10	14	84
10	15	51
10	17	127
10	18	103
10	20	32
10	21	75
10	22	125
10	24	168
10	26	67
10	27	210
10	29	197
10	30	101
10	32	173
10	34	77
10	35	288
10	37	350
10	38	149
10	40	385
10	41	130
10	43	219
10	45	172
10	46	271
10	48	322
10	49	216
10	51	482
10	53	174
10	54	320
10	56	403
10	57	252
10	59	338
10	61	222
10	62	340
10	64	222
10	65	436
10	67	557
10	68	302
10	70	490
10	72	243
10	73	670
10	75	586
10	76	212
10	78	689
10	80	381
10	81	876
10	83	321
10	84	727
10	86	675
10	87	321
10	89	680
10	91	467
10	92	838
10	94	908
10	95	462
10	97	950
10	99	510
10	100	729
10	102	439
10	103	1046
10	105	1033
10	106	573
10	108	1064
10	110	579
10	111	1283
10	113	1160
10	114	499
10	116	1322
10	118	522
10	119	1348
10	121	1192
10	122	548
10	124	1232
10	125	566
10	127	1282
10	129	632
10	130	1276
10	132	1277
10	133	552
10	135	1233
10	137	775
10	138	1911
10	140	1557
10	141	726
10	143	1274
10	144	621
10	146	1395
10	148	821
10	149	1699
10	151	1326
10	152	906
10	154	1516
10	156	584
10	157	1604
10	159	1323
10	160	606
10	162	1815
10	164	659
10	165	1544
10	167	895
10	168	1547
10	170	1781
10	171	911
10	173	1544
10	175	643
10	176	1524
10	178	1492
10	179	691
10	181	1496
10	183	660
10	184	1354
10	186	525
10	187	1172
10	189	1271
10	190	679
10	192	1622
10	194	615
10	195	1352
10	197	1383
10	198	674
10	200	1129
10	202	700
10	203	1649
10	205	1451
10	206	1899
