UKB_sparse_bin	CHB_bin	UKB_WBfreq
0	0	5851
0	1	307
0	2	205
0	4	50
0	5	19
0	7	8
0	8	49
0	10	33
0	11	46
0	13	11
0	14	22
0	15	14
0	17	19
0	18	10
0	20	15
0	21	40
0	22	16
0	24	17
0	26	12
0	27	27
0	29	11
0	30	7
0	32	6
0	34	7
0	35	7
0	37	21
0	38	15
0	40	10
0	41	16
0	43	5
0	45	5
0	46	8
0	48	5
0	49	3
0	51	7
0	53	1
0	54	18
0	56	14
0	57	32
0	59	7
0	61	4
0	62	5
0	64	3
0	65	1
0	67	6
0	68	4
0	70	47
0	72	18
0	73	10
0	75	15
0	80	1
0	81	1
0	95	1
0	100	1
0	127	1
0	146	1
1	0	269500
1	1	24808
1	2	13140
1	4	9073
1	5	4118
1	7	4058
1	8	6316
1	10	3058
1	11	5395
1	13	2447
1	14	5230
1	15	2130
1	17	4367
1	18	2454
1	20	1865
1	21	3790
1	22	1939
1	24	3062
1	26	1578
1	27	2738
1	29	2691
1	30	1545
1	32	2094
1	34	1126
1	35	2461
1	37	1911
1	38	1022
1	40	2055
1	41	788
1	43	1356
1	45	728
1	46	1525
1	48	1396
1	49	666
1	51	1218
1	53	663
1	54	1036
1	56	801
1	57	464
1	59	787
1	61	379
1	62	688
1	64	355
1	65	601
1	67	544
1	68	244
1	70	623
1	72	213
1	73	401
1	75	318
1	76	185
1	78	446
1	80	264
1	81	374
1	83	157
1	84	275
1	86	324
1	87	148
1	89	360
1	91	95
1	92	245
1	94	205
1	95	125
1	97	254
1	99	102
1	100	85
1	102	64
1	103	136
1	105	188
1	106	39
1	108	84
1	110	69
1	111	151
1	113	38
1	114	55
1	116	131
1	118	28
1	119	40
1	121	89
1	122	42
1	124	38
1	125	24
1	127	20
1	129	18
1	130	34
1	132	22
1	133	12
1	135	97
1	137	24
1	138	38
1	140	36
1	141	7
1	143	8
1	144	4
1	146	103
1	148	1
1	149	11
1	151	14
1	152	8
1	154	21
1	156	7
1	157	10
1	162	1
1	165	1
1	167	1
1	168	5
1	170	5
1	173	3
1	175	1
1	176	1
1	178	1
1	183	3
1	184	1
2	0	65033
2	1	17337
2	2	11636
2	4	8528
2	5	3789
2	7	3739
2	8	6439
2	10	3571
2	11	5566
2	13	2700
2	14	5236
2	15	2432
2	17	5113
2	18	2093
2	20	2126
2	21	4602
2	22	2047
2	24	4037
2	26	1701
2	27	3576
2	29	3511
2	30	1667
2	32	2797
2	34	1400
2	35	2795
2	37	2563
2	38	1435
2	40	2897
2	41	1369
2	43	2348
2	45	1001
2	46	2270
2	48	1899
2	49	1014
2	51	1963
2	53	1071
2	54	1701
2	56	1600
2	57	718
2	59	1485
2	61	838
2	62	1249
2	64	715
2	65	1368
2	67	1035
2	68	487
2	70	1172
2	72	499
2	73	889
2	75	773
2	76	380
2	78	709
2	80	328
2	81	714
2	83	315
2	84	786
2	86	634
2	87	356
2	89	520
2	91	290
2	92	620
2	94	607
2	95	291
2	97	370
2	99	270
2	100	355
2	102	215
2	103	341
2	105	271
2	106	110
2	108	235
2	110	72
2	111	215
2	113	200
2	114	96
2	116	219
2	118	82
2	119	140
2	121	211
2	122	101
2	124	155
2	125	48
2	127	82
2	129	34
2	130	101
2	132	115
2	133	80
2	135	108
2	137	42
2	138	47
2	140	47
2	141	22
2	143	55
2	144	22
2	146	80
2	148	20
2	149	61
2	151	73
2	152	44
2	154	14
2	156	7
2	157	16
2	159	11
2	160	16
2	162	10
2	164	6
2	165	5
2	167	7
2	168	15
2	170	19
2	171	18
2	173	46
2	175	15
2	176	16
2	178	14
2	181	2
2	183	8
2	184	13
2	186	3
2	187	2
2	189	2
2	197	1
2	206	1
3	0	19512
3	1	9063
3	2	6988
3	4	5298
3	5	2439
3	7	2361
3	8	4352
3	10	2330
3	11	4282
3	13	2082
3	14	3651
3	15	2199
3	17	3598
3	18	1777
3	20	1655
3	21	3852
3	22	1516
3	24	3438
3	26	1868
3	27	3603
3	29	2971
3	30	1472
3	32	2729
3	34	1390
3	35	2581
3	37	2419
3	38	1145
3	40	2235
3	41	1228
3	43	2389
3	45	1163
3	46	2062
3	48	2061
3	49	977
3	51	2016
3	53	915
3	54	1645
3	56	1554
3	57	866
3	59	1853
3	61	786
3	62	1632
3	64	798
3	65	1410
3	67	1166
3	68	546
3	70	1157
3	72	507
3	73	1322
3	75	1075
3	76	501
3	78	1146
3	80	526
3	81	1019
3	83	784
3	84	909
3	86	761
3	87	306
3	89	676
3	91	428
3	92	654
3	94	595
3	95	389
3	97	496
3	99	263
3	100	540
3	102	214
3	103	448
3	105	530
3	106	216
3	108	399
3	110	177
3	111	442
3	113	492
3	114	209
3	116	424
3	118	142
3	119	296
3	121	190
3	122	174
3	124	199
3	125	177
3	127	172
3	129	60
3	130	157
3	132	144
3	133	75
3	135	204
3	137	59
3	138	112
3	140	132
3	141	60
3	143	98
3	144	28
3	146	155
3	148	31
3	149	48
3	151	49
3	152	25
3	154	72
3	156	38
3	157	89
3	159	75
3	160	26
3	162	39
3	164	25
3	165	19
3	167	13
3	168	113
3	170	56
3	171	7
3	173	49
3	175	3
3	176	21
3	178	24
3	179	32
3	181	16
3	183	5
3	184	9
3	187	4
3	189	29
3	192	1
3	200	3
3	202	1
4	0	9240
4	1	6497
4	2	6613
4	4	4829
4	5	1985
4	7	2324
4	8	4034
4	10	2010
4	11	3799
4	13	1993
4	14	4092
4	15	1823
4	17	3539
4	18	1994
4	20	1773
4	21	3871
4	22	1570
4	24	3504
4	26	1997
4	27	3553
4	29	3445
4	30	1693
4	32	3095
4	34	1398
4	35	3003
4	37	3360
4	38	1557
4	40	2872
4	41	1317
4	43	3087
4	45	1390
4	46	2744
4	48	2669
4	49	1280
4	51	2384
4	53	1289
4	54	2514
4	56	2495
4	57	1148
4	59	2328
4	61	1227
4	62	2458
4	64	1136
4	65	2307
4	67	2080
4	68	1012
4	70	1929
4	72	895
4	73	1908
4	75	1915
4	76	846
4	78	1705
4	80	830
4	81	1717
4	83	784
4	84	1601
4	86	1595
4	87	846
4	89	1672
4	91	719
4	92	1372
4	94	1292
4	95	531
4	97	1041
4	99	511
4	100	1168
4	102	586
4	103	1046
4	105	729
4	106	379
4	108	915
4	110	449
4	111	824
4	113	666
4	114	314
4	116	757
4	118	427
4	119	562
4	121	689
4	122	240
4	124	578
4	125	229
4	127	608
4	129	273
4	130	524
4	132	510
4	133	246
4	135	456
4	137	231
4	138	436
4	140	400
4	141	144
4	143	310
4	144	167
4	146	275
4	148	125
4	149	204
4	151	252
4	152	121
4	154	270
4	156	156
4	157	239
4	159	149
4	160	48
4	162	98
4	164	48
4	165	164
4	167	88
4	168	70
4	170	69
4	171	56
4	173	35
4	175	55
4	176	117
4	178	48
4	179	24
4	181	76
4	183	11
4	184	44
4	186	14
4	187	20
4	189	21
4	190	8
4	192	6
4	194	10
4	195	17
4	197	11
4	198	3
4	200	6
4	203	2
5	0	4054
5	1	3995
5	2	5121
5	4	3405
5	5	1698
5	7	1233
5	8	3151
5	10	1256
5	11	3254
5	13	1579
5	14	3056
5	15	1518
5	17	2887
5	18	1478
5	20	1507
5	21	3328
5	22	1385
5	24	2996
5	26	1396
5	27	3288
5	29	3248
5	30	1554
5	32	3559
5	34	1607
5	35	3376
5	37	3647
5	38	1557
5	40	3354
5	41	1632
5	43	3031
5	45	1440
5	46	3151
5	48	3808
5	49	1559
5	51	3173
5	53	1442
5	54	3287
5	56	2963
5	57	1349
5	59	3178
5	61	1625
5	62	2992
5	64	1357
5	65	3033
5	67	2969
5	68	1528
5	70	2956
5	72	1393
5	73	2723
5	75	2715
5	76	1055
5	78	2550
5	80	1169
5	81	3119
5	83	1151
5	84	2700
5	86	2447
5	87	1136
5	89	2686
5	91	1102
5	92	2520
5	94	2247
5	95	979
5	97	2257
5	99	1013
5	100	1848
5	102	1065
5	103	1874
5	105	1789
5	106	1057
5	108	1368
5	110	752
5	111	1330
5	113	1436
5	114	684
5	116	1274
5	118	737
5	119	1343
5	121	1423
5	122	593
5	124	1335
5	125	660
5	127	1269
5	129	596
5	130	1078
5	132	1059
5	133	486
5	135	1041
5	137	458
5	138	789
5	140	997
5	141	366
5	143	913
5	144	455
5	146	908
5	148	302
5	149	621
5	151	598
5	152	344
5	154	468
5	156	266
5	157	844
5	159	397
5	160	212
5	162	468
5	164	189
5	165	453
5	167	150
5	168	217
5	170	509
5	171	193
5	173	247
5	175	95
5	176	101
5	178	297
5	179	55
5	181	175
5	183	91
5	184	93
5	186	28
5	187	74
5	189	61
5	190	27
5	192	67
5	194	37
5	195	64
5	197	35
5	198	35
5	200	25
5	202	12
5	203	51
5	205	1
5	206	1
6	0	917
6	1	934
6	2	1677
6	4	1133
6	5	612
6	7	515
6	8	1004
6	10	595
6	11	1487
6	13	671
6	14	1202
6	15	544
6	17	1485
6	18	651
6	20	753
6	21	1342
6	22	653
6	24	1754
6	26	814
6	27	1527
6	29	1727
6	30	816
6	32	1548
6	34	777
6	35	1969
6	37	1838
6	38	881
6	40	1951
6	41	893
6	43	2180
6	45	981
6	46	1782
6	48	1955
6	49	933
6	51	1935
6	53	953
6	54	1889
6	56	1874
6	57	739
6	59	1939
6	61	968
6	62	2210
6	64	880
6	65	2037
6	67	1879
6	68	872
6	70	1797
6	72	914
6	73	1954
6	75	1889
6	76	1237
6	78	1937
6	80	766
6	81	1867
6	83	872
6	84	1711
6	86	1677
6	87	775
6	89	1723
6	91	725
6	92	1763
6	94	1982
6	95	755
6	97	1534
6	99	991
6	100	1770
6	102	845
6	103	1648
6	105	1752
6	106	667
6	108	1648
6	110	642
6	111	1344
6	113	1408
6	114	704
6	116	1183
6	118	704
6	119	1575
6	121	1203
6	122	554
6	124	1091
6	125	526
6	127	1137
6	129	447
6	130	967
6	132	943
6	133	438
6	135	1039
6	137	507
6	138	1189
6	140	845
6	141	427
6	143	917
6	144	504
6	146	733
6	148	308
6	149	786
6	151	742
6	152	371
6	154	584
6	156	273
6	157	492
6	159	743
6	160	261
6	162	470
6	164	188
6	165	447
6	167	144
6	168	341
6	170	395
6	171	129
6	173	328
6	175	116
6	176	375
6	178	290
6	179	139
6	181	248
6	183	169
6	184	194
6	186	92
6	187	174
6	189	144
6	190	74
6	192	251
6	194	76
6	195	155
6	197	119
6	198	49
6	200	51
6	202	14
6	203	79
6	205	32
6	206	14
7	0	409
7	1	340
7	2	744
7	4	764
7	5	469
7	7	273
7	8	1032
7	10	751
7	11	1533
7	13	576
7	14	1408
7	15	601
7	17	1127
7	18	434
7	20	681
7	21	909
7	22	591
7	24	1544
7	26	780
7	27	1402
7	29	1320
7	30	864
7	32	1370
7	34	989
7	35	1529
7	37	1803
7	38	752
7	40	1705
7	41	868
7	43	1864
7	45	1184
7	46	1791
7	48	2177
7	49	614
7	51	2028
7	53	988
7	54	1905
7	56	1970
7	57	1035
7	59	1822
7	61	1040
7	62	1715
7	64	882
7	65	1766
7	67	2221
7	68	903
7	70	2077
7	72	1031
7	73	2203
7	75	2293
7	76	1449
7	78	2505
7	80	1211
7	81	2317
7	83	1035
7	84	2557
7	86	2233
7	87	1144
7	89	2510
7	91	1231
7	92	1938
7	94	2044
7	95	887
7	97	2074
7	99	1027
7	100	2302
7	102	1207
7	103	2311
7	105	2081
7	106	1151
7	108	1864
7	110	1144
7	111	1889
7	113	1907
7	114	1083
7	116	1653
7	118	792
7	119	1735
7	121	1354
7	122	1097
7	124	1720
7	125	770
7	127	1753
7	129	752
7	130	1904
7	132	1543
7	133	940
7	135	1592
7	137	664
7	138	1621
7	140	1368
7	141	747
7	143	1403
7	144	584
7	146	1338
7	148	606
7	149	1779
7	151	1351
7	152	539
7	154	1134
7	156	533
7	157	1073
7	159	1015
7	160	444
7	162	932
7	164	462
7	165	884
7	167	537
7	168	920
7	170	765
7	171	448
7	173	628
7	175	369
7	176	669
7	178	507
7	179	300
7	181	532
7	183	224
7	184	563
7	186	300
7	187	373
7	189	559
7	190	213
7	192	414
7	194	386
7	195	199
7	197	227
7	198	79
7	200	207
7	202	122
7	203	122
7	205	136
7	206	43
8	0	109
8	1	148
8	2	441
8	4	354
8	5	165
8	7	162
8	8	416
8	10	168
8	11	494
8	13	228
8	14	435
8	15	299
8	17	544
8	18	316
8	20	332
8	21	455
8	22	392
8	24	702
8	26	336
8	27	707
8	29	722
8	30	447
8	32	916
8	34	452
8	35	909
8	37	863
8	38	455
8	40	816
8	41	490
8	43	950
8	45	555
8	46	1141
8	48	1140
8	49	582
8	51	1071
8	53	553
8	54	1268
8	56	1462
8	57	581
8	59	1059
8	61	535
8	62	1151
8	64	729
8	65	1227
8	67	1321
8	68	650
8	70	1314
8	72	597
8	73	1326
8	75	1353
8	76	807
8	78	1583
8	80	709
8	81	1366
8	83	734
8	84	1399
8	86	1513
8	87	793
8	89	1294
8	91	691
8	92	1734
8	94	1466
8	95	870
8	97	1667
8	99	862
8	100	1676
8	102	884
8	103	1711
8	105	1784
8	106	749
8	108	1766
8	110	747
8	111	1651
8	113	1574
8	114	728
8	116	1605
8	118	836
8	119	1480
8	121	1388
8	122	911
8	124	1493
8	125	624
8	127	1405
8	129	825
8	130	1376
8	132	1281
8	133	757
8	135	1411
8	137	614
8	138	1317
8	140	1296
8	141	662
8	143	1241
8	144	621
8	146	1190
8	148	611
8	149	1166
8	151	1184
8	152	712
8	154	952
8	156	635
8	157	1124
8	159	953
8	160	599
8	162	1099
8	164	417
8	165	943
8	167	452
8	168	798
8	170	808
8	171	367
8	173	796
8	175	375
8	176	834
8	178	617
8	179	290
8	181	660
8	183	272
8	184	616
8	186	320
8	187	522
8	189	449
8	190	156
8	192	469
8	194	178
8	195	485
8	197	298
8	198	122
8	200	253
8	202	132
8	203	293
8	205	175
8	206	172
9	0	18
9	1	75
9	2	174
9	4	121
9	5	55
9	7	46
9	8	113
9	10	79
9	11	146
9	13	108
9	14	182
9	15	75
9	17	159
9	18	125
9	20	136
9	21	198
9	22	147
9	24	327
9	26	214
9	27	403
9	29	330
9	30	194
9	32	414
9	34	215
9	35	638
9	37	468
9	38	261
9	40	584
9	41	238
9	43	565
9	45	369
9	46	505
9	48	477
9	49	410
9	51	525
9	53	329
9	54	629
9	56	773
9	57	425
9	59	850
9	61	311
9	62	995
9	64	366
9	65	876
9	67	1020
9	68	582
9	70	1179
9	72	435
9	73	1013
9	75	1015
9	76	411
9	78	1046
9	80	566
9	81	1251
9	83	524
9	84	1233
9	86	1360
9	87	661
9	89	1328
9	91	783
9	92	1322
9	94	1183
9	95	565
9	97	1301
9	99	803
9	100	1382
9	102	631
9	103	1351
9	105	1548
9	106	723
9	108	1493
9	110	775
9	111	1707
9	113	1491
9	114	788
9	116	1383
9	118	700
9	119	1526
9	121	1556
9	122	800
9	124	1926
9	125	801
9	127	1709
9	129	762
9	130	1810
9	132	1677
9	133	839
9	135	1611
9	137	813
9	138	1865
9	140	1711
9	141	748
9	143	1630
9	144	747
9	146	1799
9	148	813
9	149	1790
9	151	1772
9	152	845
9	154	1555
9	156	709
9	157	2037
9	159	1672
9	160	670
9	162	1507
9	164	651
9	165	1548
9	167	778
9	168	1446
9	170	1382
9	171	542
9	173	1264
9	175	600
9	176	1341
9	178	1247
9	179	444
9	181	1165
9	183	561
9	184	937
9	186	380
9	187	995
9	189	972
9	190	447
9	192	888
9	194	456
9	195	766
9	197	1105
9	198	358
9	200	610
9	202	432
9	203	815
9	205	519
9	206	397
10	0	38
10	1	6
10	2	14
10	5	44
10	7	2
10	8	4
10	10	16
10	11	23
10	13	5
10	14	61
10	15	38
10	17	19
10	18	20
10	20	16
10	21	43
10	22	16
10	24	47
10	26	44
10	27	89
10	29	73
10	30	22
10	32	98
10	34	58
10	35	118
10	37	97
10	38	70
10	40	145
10	41	104
10	43	129
10	45	54
10	46	140
10	48	155
10	49	137
10	51	215
10	53	98
10	54	223
10	56	223
10	57	78
10	59	248
10	61	104
10	62	179
10	64	152
10	65	328
10	67	332
10	68	160
10	70	279
10	72	181
10	73	315
10	75	342
10	76	185
10	78	354
10	80	183
10	81	375
10	83	227
10	84	425
10	86	425
10	87	261
10	89	444
10	91	256
10	92	633
10	94	826
10	95	337
10	97	602
10	99	261
10	100	683
10	102	258
10	103	740
10	105	677
10	106	408
10	108	626
10	110	260
10	111	595
10	113	750
10	114	381
10	116	996
10	118	466
10	119	958
10	121	842
10	122	442
10	124	914
10	125	450
10	127	992
10	129	439
10	130	1234
10	132	1031
10	133	544
10	135	1134
10	137	616
10	138	1120
10	140	1196
10	141	843
10	143	1249
10	144	626
10	146	1173
10	148	705
10	149	1339
10	151	1435
10	152	608
10	154	1332
10	156	679
10	157	1306
10	159	1310
10	160	820
10	162	1536
10	164	752
10	165	1321
10	167	737
10	168	1532
10	170	1386
10	171	1103
10	173	1623
10	175	723
10	176	1697
10	178	1898
10	179	801
10	181	1820
10	183	803
10	184	1804
10	186	916
10	187	1414
10	189	1475
10	190	835
10	192	1565
10	194	809
10	195	1700
10	197	1702
10	198	751
10	200	1799
10	202	813
10	203	2508
10	205	2721
10	206	4991
