UKB_sparse_bin	YRI_bin	UKB_WBfreq
0	0	4965
0	1	132
0	2	69
0	3	233
0	4	36
0	6	49
0	7	37
0	9	28
0	10	102
0	12	21
0	13	64
0	14	17
0	16	57
0	17	15
0	19	21
0	20	43
0	22	19
0	23	20
0	25	59
0	27	13
0	28	48
0	30	24
0	31	20
0	33	80
0	34	19
0	36	25
0	38	24
0	39	33
0	41	19
0	42	7
0	44	10
0	46	2
0	47	7
0	49	14
0	50	8
0	52	11
0	54	6
0	55	14
0	57	4
0	58	10
0	60	11
0	61	5
0	63	6
0	65	1
0	66	6
0	68	3
0	69	1
0	71	5
0	73	2
0	74	6
0	76	8
0	79	3
0	82	6
0	84	3
0	85	3
0	87	5
0	92	6
0	93	5
0	95	6
0	96	1
0	98	3
0	103	1
0	106	1
0	108	1
0	111	4
0	112	5
0	120	1
0	125	3
0	128	2
0	130	1
0	133	3
0	136	1
0	152	2
1	0	576231
1	1	28087
1	2	16640
1	3	26801
1	4	10957
1	6	19843
1	7	9690
1	9	9392
1	10	17258
1	12	8382
1	13	15148
1	14	7010
1	16	13223
1	17	6201
1	19	6036
1	20	11584
1	22	11073
1	23	5029
1	25	9872
1	27	4585
1	28	8914
1	30	4509
1	31	8174
1	33	7776
1	34	3724
1	36	6596
1	38	3022
1	39	6479
1	41	6467
1	42	2946
1	44	5493
1	46	2602
1	47	4527
1	49	4420
1	50	2134
1	52	3973
1	54	2057
1	55	3811
1	57	1781
1	58	3100
1	60	2911
1	61	1551
1	63	2761
1	65	1309
1	66	2537
1	68	2204
1	69	1165
1	71	2199
1	73	988
1	74	1954
1	76	2199
1	77	941
1	79	1671
1	81	873
1	82	1637
1	84	760
1	85	1449
1	87	1236
1	88	611
1	90	1100
1	92	469
1	93	878
1	95	863
1	96	427
1	98	830
1	100	393
1	101	772
1	103	531
1	104	258
1	106	562
1	108	202
1	109	527
1	111	319
1	112	465
1	114	368
1	115	231
1	117	304
1	119	180
1	120	369
1	122	248
1	123	119
1	125	246
1	127	103
1	128	180
1	130	187
1	131	99
1	133	156
1	135	71
1	136	120
1	138	75
1	139	142
1	141	138
1	142	71
1	144	107
1	146	71
1	147	120
1	149	68
1	150	38
1	152	66
1	154	20
1	155	33
1	157	49
1	158	8
1	160	42
1	162	21
1	163	74
1	165	9
1	166	7
1	168	16
1	169	4
1	171	55
1	173	9
1	174	19
1	176	15
1	177	6
1	179	10
1	181	2
1	182	3
1	184	2
1	187	5
1	189	1
1	190	6
1	192	2
1	193	7
1	195	25
1	206	1
1	208	2
1	211	1
2	0	131579
2	1	19054
2	2	13744
2	3	19992
2	4	9217
2	6	16111
2	7	8266
2	9	8413
2	10	14537
2	12	7031
2	13	13086
2	14	6697
2	16	12351
2	17	5758
2	19	5325
2	20	11404
2	22	10541
2	23	4862
2	25	9635
2	27	4457
2	28	9135
2	30	4255
2	31	9053
2	33	7832
2	34	3658
2	36	7336
2	38	3296
2	39	7093
2	41	6350
2	42	2970
2	44	5897
2	46	3108
2	47	5494
2	49	5319
2	50	2482
2	52	5187
2	54	2149
2	55	4757
2	57	2362
2	58	4270
2	60	3844
2	61	2062
2	63	3659
2	65	1882
2	66	3445
2	68	3003
2	69	1540
2	71	2900
2	73	1462
2	74	2522
2	76	2100
2	77	1196
2	79	2130
2	81	1066
2	82	2018
2	84	994
2	85	1671
2	87	1663
2	88	787
2	90	1552
2	92	843
2	93	1570
2	95	1436
2	96	713
2	98	1237
2	100	535
2	101	1073
2	103	1128
2	104	538
2	106	983
2	108	442
2	109	758
2	111	433
2	112	819
2	114	877
2	115	421
2	117	602
2	119	234
2	120	757
2	122	535
2	123	256
2	125	657
2	127	362
2	128	603
2	130	484
2	131	183
2	133	327
2	135	135
2	136	448
2	138	157
2	139	389
2	141	277
2	142	134
2	144	255
2	146	134
2	147	231
2	149	234
2	150	133
2	152	318
2	154	52
2	155	159
2	157	96
2	158	66
2	160	119
2	162	38
2	163	125
2	165	48
2	166	95
2	168	92
2	169	129
2	171	158
2	173	61
2	174	72
2	176	53
2	177	33
2	179	50
2	181	78
2	182	63
2	184	46
2	185	18
2	187	31
2	189	9
2	190	20
2	192	15
2	193	7
2	195	12
2	196	3
2	198	16
2	200	2
2	201	1
2	203	2
2	204	2
2	206	2
2	208	76
2	211	5
2	212	4
2	214	4
2	216	1
3	0	44904
3	1	10121
3	2	7429
3	3	12141
3	4	5596
3	6	9878
3	7	4754
3	9	4384
3	10	8952
3	12	4311
3	13	8322
3	14	4212
3	16	8192
3	17	3965
3	19	3467
3	20	7303
3	22	7238
3	23	3412
3	25	6795
3	27	3195
3	28	6170
3	30	3307
3	31	6286
3	33	6024
3	34	3181
3	36	5651
3	38	2679
3	39	5157
3	41	4866
3	42	2484
3	44	4674
3	46	2350
3	47	4686
3	49	4067
3	50	2102
3	52	4005
3	54	1959
3	55	3495
3	57	1935
3	58	3518
3	60	3417
3	61	1710
3	63	2871
3	65	1453
3	66	2756
3	68	2903
3	69	1257
3	71	2630
3	73	1368
3	74	2198
3	76	2171
3	77	968
3	79	2000
3	81	896
3	82	1873
3	84	896
3	85	1623
3	87	1780
3	88	732
3	90	1591
3	92	723
3	93	1295
3	95	1319
3	96	544
3	98	1235
3	100	551
3	101	1116
3	103	954
3	104	520
3	106	846
3	108	344
3	109	823
3	111	402
3	112	889
3	114	821
3	115	373
3	117	696
3	119	292
3	120	723
3	122	643
3	123	443
3	125	538
3	127	349
3	128	458
3	130	533
3	131	232
3	133	455
3	135	171
3	136	436
3	138	178
3	139	364
3	141	450
3	142	180
3	144	250
3	146	150
3	147	180
3	149	209
3	150	93
3	152	187
3	154	84
3	155	186
3	157	180
3	158	64
3	160	130
3	162	59
3	163	124
3	165	73
3	166	95
3	168	112
3	169	23
3	171	118
3	173	35
3	174	77
3	176	53
3	177	29
3	179	83
3	181	31
3	182	48
3	184	43
3	185	31
3	187	45
3	189	14
3	190	39
3	192	9
3	193	24
3	195	21
3	196	2
3	198	39
3	200	8
3	201	15
3	203	10
3	206	5
3	208	1
3	209	9
3	211	8
3	212	3
3	214	5
4	0	28677
4	1	9025
4	2	7190
4	3	12000
4	4	5599
4	6	10307
4	7	5465
4	9	5220
4	10	9582
4	12	4815
4	13	9265
4	14	4584
4	16	9040
4	17	4436
4	19	4113
4	20	8484
4	22	7808
4	23	4079
4	25	7959
4	27	3714
4	28	7759
4	30	3780
4	31	7564
4	33	7327
4	34	3638
4	36	7226
4	38	3467
4	39	6554
4	41	6471
4	42	3190
4	44	6282
4	46	2700
4	47	5651
4	49	5424
4	50	2639
4	52	5227
4	54	2551
4	55	5119
4	57	2305
4	58	4829
4	60	4453
4	61	2242
4	63	4714
4	65	2112
4	66	3877
4	68	4051
4	69	1968
4	71	3783
4	73	1682
4	74	3282
4	76	3372
4	77	1612
4	79	3090
4	81	1581
4	82	2855
4	84	1345
4	85	2531
4	87	3001
4	88	1255
4	90	2478
4	92	1322
4	93	2404
4	95	2457
4	96	1047
4	98	2067
4	100	1026
4	101	2059
4	103	2022
4	104	858
4	106	1745
4	108	819
4	109	1617
4	111	862
4	112	1761
4	114	1438
4	115	583
4	117	1206
4	119	752
4	120	1401
4	122	1067
4	123	606
4	125	906
4	127	482
4	128	1123
4	130	1151
4	131	508
4	133	939
4	135	346
4	136	864
4	138	431
4	139	745
4	141	630
4	142	338
4	144	564
4	146	270
4	147	567
4	149	567
4	150	237
4	152	457
4	154	221
4	155	355
4	157	352
4	158	194
4	160	293
4	162	170
4	163	339
4	165	157
4	166	303
4	168	198
4	169	102
4	171	323
4	173	139
4	174	196
4	176	265
4	177	64
4	179	149
4	181	67
4	182	86
4	184	94
4	185	39
4	187	57
4	189	43
4	190	73
4	192	17
4	193	61
4	195	49
4	196	29
4	198	230
4	200	21
4	201	75
4	203	27
4	204	13
4	206	12
4	208	13
4	209	9
4	211	5
4	214	12
4	216	2
5	0	25520
5	1	9311
5	2	7525
5	3	12161
5	4	5916
5	6	11871
5	7	6050
5	9	4865
5	10	10252
5	12	5552
5	13	10476
5	14	5116
5	16	10011
5	17	4952
5	19	5161
5	20	9695
5	22	9731
5	23	4880
5	25	9671
5	27	4719
5	28	9000
5	30	4405
5	31	9827
5	33	9139
5	34	4193
5	36	8697
5	38	4258
5	39	7589
5	41	7067
5	42	3855
5	44	7114
5	46	3844
5	47	7171
5	49	6974
5	50	3741
5	52	6864
5	54	3530
5	55	6347
5	57	3581
5	58	6312
5	60	5938
5	61	2964
5	63	5799
5	65	2561
5	66	5153
5	68	6268
5	69	2795
5	71	5393
5	73	2480
5	74	5108
5	76	4180
5	77	1971
5	79	4210
5	81	1864
5	82	3797
5	84	2004
5	85	3799
5	87	4057
5	88	2086
5	90	3809
5	92	1755
5	93	3666
5	95	2970
5	96	1501
5	98	2864
5	100	1399
5	101	3276
5	103	3078
5	104	1584
5	106	2575
5	108	1205
5	109	2230
5	111	1121
5	112	2205
5	114	2158
5	115	986
5	117	1948
5	119	1018
5	120	1673
5	122	1647
5	123	760
5	125	1778
5	127	732
5	128	1372
5	130	1561
5	131	724
5	133	1369
5	135	531
5	136	1410
5	138	496
5	139	1071
5	141	1019
5	142	442
5	144	1003
5	146	412
5	147	909
5	149	886
5	150	405
5	152	884
5	154	441
5	155	711
5	157	774
5	158	347
5	160	630
5	162	245
5	163	762
5	165	322
5	166	573
5	168	604
5	169	150
5	171	550
5	173	177
5	174	443
5	176	368
5	177	127
5	179	296
5	181	115
5	182	204
5	184	270
5	185	100
5	187	317
5	189	83
5	190	134
5	192	80
5	193	109
5	195	169
5	196	85
5	198	70
5	200	37
5	201	137
5	203	26
5	204	66
5	206	39
5	208	15
5	209	51
5	211	22
5	212	10
5	214	8
5	216	9
6	0	12188
6	1	6461
6	2	4424
6	3	8057
6	4	3898
6	6	8218
6	7	3732
6	9	4057
6	10	7784
6	12	3678
6	13	7368
6	14	3566
6	16	6797
6	17	3378
6	19	3341
6	20	7250
6	22	6561
6	23	3350
6	25	6984
6	27	3456
6	28	6905
6	30	3211
6	31	6756
6	33	6661
6	34	3290
6	36	6397
6	38	3132
6	39	6306
6	41	5885
6	42	3191
6	44	6034
6	46	2838
6	47	5875
6	49	5692
6	50	2681
6	52	5445
6	54	2816
6	55	5262
6	57	2559
6	58	5089
6	60	5194
6	61	2521
6	63	4504
6	65	2254
6	66	4666
6	68	4155
6	69	2299
6	71	4520
6	73	2141
6	74	4285
6	76	4030
6	77	1910
6	79	3574
6	81	1809
6	82	3886
6	84	1821
6	85	3612
6	87	3752
6	88	1784
6	90	3229
6	92	1728
6	93	3099
6	95	3000
6	96	1234
6	98	2960
6	100	1446
6	101	2720
6	103	2261
6	104	1117
6	106	2276
6	108	1197
6	109	2367
6	111	1221
6	112	2394
6	114	2339
6	115	975
6	117	2233
6	119	935
6	120	1982
6	122	1715
6	123	725
6	125	1754
6	127	677
6	128	1539
6	130	1494
6	131	814
6	133	1472
6	135	911
6	136	1477
6	138	552
6	139	1199
6	141	1170
6	142	555
6	144	1091
6	146	572
6	147	988
6	149	805
6	150	429
6	152	897
6	154	378
6	155	659
6	157	745
6	158	349
6	160	894
6	162	469
6	163	635
6	165	285
6	166	553
6	168	509
6	169	236
6	171	489
6	173	289
6	174	393
6	176	341
6	177	280
6	179	480
6	181	213
6	182	413
6	184	305
6	185	150
6	187	334
6	189	233
6	190	247
6	192	106
6	193	237
6	195	163
6	196	67
6	198	147
6	200	89
6	201	122
6	203	133
6	204	29
6	206	187
6	208	58
6	209	94
6	211	55
6	212	30
6	214	31
6	216	18
7	0	5213
7	1	2730
7	2	2161
7	3	4243
7	4	2047
7	6	3752
7	7	2128
7	9	1896
7	10	4171
7	12	1883
7	13	4349
7	14	2078
7	16	4500
7	17	2210
7	19	2539
7	20	4506
7	22	4801
7	23	2452
7	25	4871
7	27	2545
7	28	4477
7	30	2381
7	31	4796
7	33	4347
7	34	2344
7	36	4368
7	38	2388
7	39	4316
7	41	4706
7	42	2393
7	44	4301
7	46	2150
7	47	4459
7	49	4715
7	50	2145
7	52	4035
7	54	2059
7	55	3977
7	57	1955
7	58	4160
7	60	4327
7	61	2201
7	63	4205
7	65	1930
7	66	3701
7	68	3552
7	69	1925
7	71	3839
7	73	1930
7	74	3514
7	76	3554
7	77	1857
7	79	3455
7	81	1621
7	82	3064
7	84	1548
7	85	3010
7	87	3201
7	88	1497
7	90	3022
7	92	1599
7	93	2950
7	95	2691
7	96	1500
7	98	2966
7	100	1294
7	101	2828
7	103	2357
7	104	1466
7	106	2569
7	108	1537
7	109	2456
7	111	1186
7	112	2180
7	114	2102
7	115	959
7	117	2006
7	119	1115
7	120	2056
7	122	1818
7	123	854
7	125	1762
7	127	861
7	128	1773
7	130	1806
7	131	759
7	133	1623
7	135	723
7	136	1479
7	138	663
7	139	1302
7	141	1290
7	142	779
7	144	1294
7	146	794
7	147	1186
7	149	1076
7	150	587
7	152	1073
7	154	557
7	155	985
7	157	1059
7	158	583
7	160	954
7	162	464
7	163	1075
7	165	482
7	166	862
7	168	853
7	169	315
7	171	689
7	173	348
7	174	697
7	176	660
7	177	278
7	179	527
7	181	278
7	182	570
7	184	399
7	185	266
7	187	443
7	189	229
7	190	346
7	192	120
7	193	322
7	195	283
7	196	155
7	198	192
7	200	134
7	201	188
7	203	158
7	204	75
7	206	156
7	208	99
7	209	133
7	211	171
7	212	16
7	214	49
7	216	31
8	0	1505
8	1	952
8	2	809
8	3	1835
8	4	1022
8	6	1762
8	7	1152
8	9	1253
8	10	1914
8	12	906
8	13	2069
8	14	941
8	16	2150
8	17	910
8	19	1223
8	20	2448
8	22	2518
8	23	1237
8	25	2680
8	27	1327
8	28	2527
8	30	1347
8	31	2508
8	33	2659
8	34	1303
8	36	2634
8	38	1347
8	39	2841
8	41	2784
8	42	1390
8	44	2728
8	46	1377
8	47	2749
8	49	2656
8	50	1369
8	52	2684
8	54	1363
8	55	2650
8	57	1179
8	58	2726
8	60	2651
8	61	1243
8	63	2961
8	65	1421
8	66	2642
8	68	2595
8	69	1403
8	71	2964
8	73	1480
8	74	2616
8	76	2643
8	77	1353
8	79	2471
8	81	1267
8	82	2494
8	84	1563
8	85	2617
8	87	2577
8	88	1244
8	90	2342
8	92	1156
8	93	2241
8	95	2513
8	96	1271
8	98	2240
8	100	1055
8	101	2077
8	103	2060
8	104	966
8	106	2167
8	108	1019
8	109	2198
8	111	1152
8	112	2321
8	114	1984
8	115	1091
8	117	1818
8	119	954
8	120	1821
8	122	1752
8	123	854
8	125	1636
8	127	860
8	128	1835
8	130	1571
8	131	1018
8	133	1805
8	135	706
8	136	1742
8	138	851
8	139	1443
8	141	1553
8	142	793
8	144	1607
8	146	723
8	147	1509
8	149	1348
8	150	636
8	152	1177
8	154	584
8	155	1250
8	157	1191
8	158	610
8	160	1035
8	162	524
8	163	997
8	165	548
8	166	1027
8	168	960
8	169	474
8	171	908
8	173	432
8	174	742
8	176	750
8	177	366
8	179	656
8	181	340
8	182	675
8	184	508
8	185	250
8	187	548
8	189	303
8	190	570
8	192	166
8	193	448
8	195	451
8	196	200
8	198	350
8	200	141
8	201	299
8	203	326
8	204	99
8	206	261
8	208	128
8	209	157
8	211	186
8	212	55
8	214	142
8	216	122
9	0	610
9	1	447
9	2	436
9	3	871
9	4	474
9	6	1233
9	7	505
9	9	554
9	10	1054
9	12	559
9	13	1348
9	14	614
9	16	1273
9	17	731
9	19	698
9	20	1421
9	22	1517
9	23	826
9	25	1883
9	27	833
9	28	1987
9	30	844
9	31	1883
9	33	1793
9	34	868
9	36	1829
9	38	1073
9	39	1876
9	41	1911
9	42	951
9	44	2132
9	46	1024
9	47	2310
9	49	2074
9	50	986
9	52	2183
9	54	1310
9	55	2298
9	57	1060
9	58	2208
9	60	2381
9	61	1050
9	63	2024
9	65	1228
9	66	2107
9	68	2310
9	69	1209
9	71	2349
9	73	1144
9	74	2556
9	76	2497
9	77	1205
9	79	2519
9	81	1117
9	82	2713
9	84	1275
9	85	2526
9	87	2378
9	88	1269
9	90	2528
9	92	1198
9	93	2278
9	95	2442
9	96	1301
9	98	2558
9	100	1154
9	101	2480
9	103	2529
9	104	1166
9	106	2476
9	108	1335
9	109	2423
9	111	1123
9	112	2299
9	114	2433
9	115	1202
9	117	2390
9	119	1185
9	120	2212
9	122	2286
9	123	1249
9	125	2285
9	127	1106
9	128	2050
9	130	2131
9	131	909
9	133	2184
9	135	958
9	136	2078
9	138	951
9	139	1928
9	141	1838
9	142	910
9	144	2031
9	146	965
9	147	1911
9	149	2006
9	150	885
9	152	2139
9	154	874
9	155	1806
9	157	1854
9	158	753
9	160	1702
9	162	973
9	163	1277
9	165	803
9	166	1518
9	168	1319
9	169	711
9	171	1309
9	173	790
9	174	1229
9	176	1363
9	177	551
9	179	1066
9	181	565
9	182	1095
9	184	1091
9	185	519
9	187	1052
9	189	474
9	190	864
9	192	439
9	193	1042
9	195	915
9	196	478
9	198	775
9	200	380
9	201	787
9	203	668
9	204	369
9	206	536
9	208	261
9	209	622
9	211	431
9	212	197
9	214	635
9	216	348
10	0	138
10	1	163
10	2	109
10	3	234
10	4	103
10	6	257
10	7	128
10	9	146
10	10	278
10	12	187
10	13	324
10	14	205
10	16	451
10	17	235
10	19	232
10	20	511
10	22	563
10	23	343
10	25	621
10	27	294
10	28	672
10	30	341
10	31	697
10	33	732
10	34	470
10	36	844
10	38	434
10	39	963
10	41	945
10	42	632
10	44	964
10	46	513
10	47	1178
10	49	1061
10	50	591
10	52	948
10	54	542
10	55	1171
10	57	701
10	58	1215
10	60	1445
10	61	663
10	63	1372
10	65	725
10	66	1417
10	68	1276
10	69	597
10	71	1419
10	73	728
10	74	1720
10	76	1472
10	77	735
10	79	1619
10	81	855
10	82	1663
10	84	704
10	85	1888
10	87	1759
10	88	966
10	90	1758
10	92	864
10	93	1830
10	95	1864
10	96	987
10	98	1870
10	100	978
10	101	1961
10	103	1795
10	104	890
10	106	1806
10	108	874
10	109	1936
10	111	938
10	112	1994
10	114	2096
10	115	996
10	117	2079
10	119	919
10	120	1840
10	122	1956
10	123	1071
10	125	1941
10	127	948
10	128	2324
10	130	1900
10	131	930
10	133	2074
10	135	950
10	136	2096
10	138	1036
10	139	2176
10	141	2149
10	142	1222
10	144	2303
10	146	1093
10	147	2483
10	149	2014
10	150	1086
10	152	2230
10	154	973
10	155	2089
10	157	2214
10	158	1224
10	160	2078
10	162	910
10	163	2086
10	165	989
10	166	2243
10	168	2088
10	169	1039
10	171	2180
10	173	1012
10	174	1887
10	176	1925
10	177	909
10	179	1905
10	181	930
10	182	1742
10	184	1927
10	185	997
10	187	1701
10	189	898
10	190	1872
10	192	757
10	193	1542
10	195	1554
10	196	837
10	198	1625
10	200	845
10	201	1462
10	203	1393
10	204	598
10	206	1391
10	208	594
10	209	1253
10	211	1230
10	212	728
10	214	1569
10	216	1843
