UKB_sparse_bin	CHB_bin	UKB_WBfreq
0	0	54379
0	1	2795
0	2	1407
0	4	853
0	5	333
0	7	309
0	8	629
0	10	326
0	11	497
0	13	237
0	14	621
0	15	192
0	17	432
0	18	103
0	20	167
0	21	244
0	22	134
0	24	225
0	26	151
0	27	222
0	29	119
0	30	67
0	32	111
0	34	72
0	35	191
0	37	139
0	38	117
0	40	139
0	41	54
0	43	96
0	45	52
0	46	163
0	48	91
0	49	28
0	51	56
0	53	45
0	54	116
0	56	55
0	57	59
0	59	59
0	61	18
0	62	38
0	64	22
0	65	22
0	67	56
0	68	20
0	70	85
0	72	29
0	73	39
0	75	33
0	76	10
0	78	29
0	80	55
0	81	34
0	83	7
0	84	15
0	86	47
0	87	9
0	89	11
0	91	10
0	92	1
0	94	15
0	95	4
0	97	11
0	99	9
0	100	4
0	102	10
0	103	6
0	105	9
0	106	1
0	108	1
0	110	1
0	111	4
0	113	9
0	114	2
0	116	3
0	119	2
0	121	1
0	124	3
0	127	1
0	132	1
0	137	2
0	138	2
0	143	1
0	157	12
0	170	1
0	176	1
1	0	430133
1	1	36223
1	2	17773
1	4	12393
1	5	5523
1	7	5656
1	8	9711
1	10	4118
1	11	7832
1	13	3520
1	14	6733
1	15	3261
1	17	5160
1	18	2851
1	20	2476
1	21	4753
1	22	2097
1	24	3763
1	26	1872
1	27	3453
1	29	3141
1	30	1589
1	32	2692
1	34	1402
1	35	2481
1	37	2202
1	38	1008
1	40	2107
1	41	1079
1	43	1943
1	45	1012
1	46	1810
1	48	1563
1	49	548
1	51	1139
1	53	646
1	54	1434
1	56	1261
1	57	730
1	59	1114
1	61	462
1	62	723
1	64	398
1	65	859
1	67	785
1	68	319
1	70	550
1	72	246
1	73	484
1	75	389
1	76	334
1	78	590
1	80	339
1	81	516
1	83	205
1	84	387
1	86	313
1	87	215
1	89	385
1	91	158
1	92	228
1	94	280
1	95	143
1	97	239
1	99	131
1	100	180
1	102	57
1	103	164
1	105	109
1	106	81
1	108	150
1	110	42
1	111	103
1	113	129
1	114	35
1	116	88
1	118	39
1	119	118
1	121	57
1	122	39
1	124	44
1	125	27
1	127	102
1	129	9
1	130	50
1	132	48
1	133	21
1	135	68
1	137	29
1	138	23
1	140	13
1	141	3
1	143	5
1	144	7
1	146	6
1	148	7
1	149	7
1	151	18
1	152	3
1	154	3
1	156	4
1	157	19
1	159	10
1	160	1
1	162	7
1	165	2
1	168	7
1	170	2
1	175	2
1	176	4
1	178	2
1	184	1
1	186	1
1	187	3
1	192	1
1	203	1
1	205	1
2	0	145268
2	1	30612
2	2	18902
2	4	13696
2	5	6298
2	7	5734
2	8	10392
2	10	4839
2	11	9021
2	13	4080
2	14	7565
2	15	3710
2	17	7603
2	18	3902
2	20	3565
2	21	6140
2	22	3141
2	24	6489
2	26	3129
2	27	5697
2	29	5189
2	30	2266
2	32	4835
2	34	2545
2	35	4268
2	37	3875
2	38	1793
2	40	3563
2	41	1741
2	43	3136
2	45	1566
2	46	3033
2	48	2481
2	49	1423
2	51	2901
2	53	1107
2	54	2376
2	56	2018
2	57	870
2	59	1783
2	61	951
2	62	1740
2	64	1051
2	65	1586
2	67	1836
2	68	883
2	70	1337
2	72	723
2	73	1253
2	75	985
2	76	597
2	78	1133
2	80	674
2	81	928
2	83	482
2	84	768
2	86	788
2	87	382
2	89	682
2	91	335
2	92	690
2	94	727
2	95	248
2	97	491
2	99	300
2	100	423
2	102	230
2	103	524
2	105	393
2	106	190
2	108	470
2	110	135
2	111	326
2	113	243
2	114	60
2	116	180
2	118	114
2	119	174
2	121	171
2	122	64
2	124	194
2	125	97
2	127	154
2	129	86
2	130	167
2	132	121
2	133	91
2	135	161
2	137	61
2	138	73
2	140	49
2	141	95
2	143	67
2	144	27
2	146	124
2	148	20
2	149	93
2	151	76
2	152	51
2	154	30
2	156	4
2	157	12
2	159	12
2	160	7
2	162	11
2	164	5
2	165	35
2	167	11
2	168	22
2	170	11
2	171	2
2	173	29
2	175	3
2	176	17
2	178	3
2	179	3
2	181	2
2	183	8
2	187	3
2	189	2
2	198	1
2	200	1
3	0	29369
3	1	13187
3	2	10393
3	4	7361
3	5	3722
3	7	3256
3	8	6042
3	10	3362
3	11	6421
3	13	2850
3	14	5689
3	15	3509
3	17	5496
3	18	2312
3	20	2370
3	21	5221
3	22	2618
3	24	5061
3	26	2500
3	27	4870
3	29	4403
3	30	2032
3	32	3859
3	34	1996
3	35	3665
3	37	3792
3	38	1666
3	40	3549
3	41	1831
3	43	3475
3	45	1724
3	46	2927
3	48	2692
3	49	1534
3	51	2758
3	53	1390
3	54	2487
3	56	2211
3	57	1189
3	59	2378
3	61	1109
3	62	2221
3	64	1012
3	65	1796
3	67	2162
3	68	824
3	70	1544
3	72	830
3	73	1455
3	75	1442
3	76	730
3	78	1450
3	80	768
3	81	1434
3	83	921
3	84	1447
3	86	1111
3	87	571
3	89	975
3	91	643
3	92	1059
3	94	791
3	95	444
3	97	772
3	99	388
3	100	672
3	102	410
3	103	756
3	105	815
3	106	397
3	108	524
3	110	206
3	111	680
3	113	581
3	114	265
3	116	495
3	118	206
3	119	460
3	121	306
3	122	233
3	124	347
3	125	159
3	127	319
3	129	112
3	130	252
3	132	181
3	133	135
3	135	196
3	137	74
3	138	147
3	140	201
3	141	106
3	143	149
3	144	55
3	146	209
3	148	48
3	149	88
3	151	91
3	152	44
3	154	91
3	156	43
3	157	95
3	159	107
3	160	36
3	162	95
3	164	73
3	165	39
3	167	24
3	168	144
3	170	70
3	171	20
3	173	50
3	175	17
3	176	13
3	178	8
3	179	7
3	181	28
3	183	2
3	184	11
3	186	4
3	187	6
3	189	29
3	190	7
3	192	3
3	197	1
3	198	1
3	200	5
3	205	1
4	0	16080
4	1	11112
4	2	10788
4	4	8100
4	5	4139
4	7	3777
4	8	6553
4	10	3095
4	11	6548
4	13	3712
4	14	6710
4	15	3041
4	17	5870
4	18	2828
4	20	3092
4	21	7008
4	22	3545
4	24	6870
4	26	3092
4	27	6544
4	29	6254
4	30	3056
4	32	6045
4	34	3136
4	35	5673
4	37	5146
4	38	3156
4	40	5068
4	41	2523
4	43	5548
4	45	2360
4	46	4899
4	48	4468
4	49	2310
4	51	4442
4	53	2207
4	54	4539
4	56	3987
4	57	2006
4	59	4069
4	61	2035
4	62	4217
4	64	1980
4	65	3934
4	67	3890
4	68	1978
4	70	3396
4	72	1717
4	73	3207
4	75	3304
4	76	1559
4	78	3031
4	80	1306
4	81	2810
4	83	1302
4	84	2958
4	86	2550
4	87	1138
4	89	2682
4	91	1230
4	92	2351
4	94	2534
4	95	1030
4	97	1826
4	99	1167
4	100	2042
4	102	1019
4	103	2101
4	105	2306
4	106	901
4	108	1479
4	110	711
4	111	1670
4	113	1311
4	114	699
4	116	1487
4	118	649
4	119	1060
4	121	927
4	122	500
4	124	983
4	125	503
4	127	884
4	129	506
4	130	1072
4	132	976
4	133	480
4	135	944
4	137	390
4	138	645
4	140	546
4	141	272
4	143	434
4	144	299
4	146	567
4	148	236
4	149	457
4	151	619
4	152	223
4	154	469
4	156	271
4	157	515
4	159	391
4	160	151
4	162	265
4	164	106
4	165	333
4	167	219
4	168	228
4	170	185
4	171	88
4	173	86
4	175	172
4	176	109
4	178	70
4	179	32
4	181	101
4	183	13
4	184	61
4	186	22
4	187	60
4	189	74
4	190	9
4	192	33
4	194	13
4	195	101
4	197	36
4	198	4
4	200	20
4	202	2
4	203	5
4	206	3
5	0	4391
5	1	4367
5	2	4680
5	4	3755
5	5	1820
5	7	1791
5	8	3689
5	10	1591
5	11	4149
5	13	1577
5	14	3407
5	15	1655
5	17	3240
5	18	1660
5	20	1801
5	21	3676
5	22	1794
5	24	3609
5	26	1806
5	27	4073
5	29	4137
5	30	2185
5	32	4118
5	34	2147
5	35	3943
5	37	3903
5	38	1759
5	40	3964
5	41	1828
5	43	4012
5	45	1832
5	46	3746
5	48	3580
5	49	1881
5	51	3857
5	53	1897
5	54	4186
5	56	3668
5	57	1791
5	59	3798
5	61	1631
5	62	3199
5	64	1803
5	65	3457
5	67	3508
5	68	1592
5	70	3085
5	72	1683
5	73	3052
5	75	3092
5	76	1362
5	78	3095
5	80	1305
5	81	3159
5	83	1512
5	84	3312
5	86	2857
5	87	1409
5	89	3107
5	91	1248
5	92	2386
5	94	2164
5	95	1148
5	97	2469
5	99	1131
5	100	2486
5	102	1044
5	103	2095
5	105	2078
5	106	986
5	108	2031
5	110	1065
5	111	1594
5	113	1762
5	114	947
5	116	1500
5	118	804
5	119	1436
5	121	1662
5	122	736
5	124	1218
5	125	685
5	127	1192
5	129	638
5	130	1444
5	132	1236
5	133	408
5	135	1106
5	137	645
5	138	1020
5	140	952
5	141	402
5	143	846
5	144	380
5	146	702
5	148	321
5	149	765
5	151	731
5	152	260
5	154	469
5	156	173
5	157	687
5	159	484
5	160	259
5	162	395
5	164	172
5	165	318
5	167	193
5	168	393
5	170	420
5	171	113
5	173	159
5	175	67
5	176	235
5	178	164
5	179	146
5	181	148
5	183	106
5	184	106
5	186	91
5	187	134
5	189	99
5	190	44
5	192	40
5	194	76
5	195	61
5	197	66
5	198	13
5	200	19
5	202	16
5	203	36
5	205	3
5	206	2
6	0	2456
6	1	2656
6	2	3633
6	4	2667
6	5	1447
6	7	1185
6	8	2774
6	10	1410
6	11	2834
6	13	1305
6	14	2506
6	15	1463
6	17	3847
6	18	1414
6	20	1403
6	21	2937
6	22	1405
6	24	3559
6	26	1542
6	27	3485
6	29	3287
6	30	1490
6	32	3507
6	34	1996
6	35	3822
6	37	3718
6	38	1735
6	40	3788
6	41	1762
6	43	3791
6	45	2414
6	46	3932
6	48	3922
6	49	1742
6	51	3472
6	53	1784
6	54	4009
6	56	4000
6	57	1581
6	59	3670
6	61	1820
6	62	3592
6	64	1798
6	65	3836
6	67	3765
6	68	1784
6	70	3416
6	72	1705
6	73	3552
6	75	3278
6	76	1742
6	78	3533
6	80	2066
6	81	3288
6	83	1320
6	84	2797
6	86	3218
6	87	1542
6	89	3129
6	91	1293
6	92	3395
6	94	2818
6	95	1238
6	97	2673
6	99	1447
6	100	2885
6	102	1618
6	103	2398
6	105	3088
6	106	1215
6	108	2282
6	110	1238
6	111	2683
6	113	2337
6	114	974
6	116	2105
6	118	966
6	119	2199
6	121	2579
6	122	944
6	124	1805
6	125	865
6	127	1917
6	129	681
6	130	1534
6	132	1499
6	133	718
6	135	1614
6	137	675
6	138	1634
6	140	1285
6	141	598
6	143	1119
6	144	603
6	146	1080
6	148	424
6	149	862
6	151	957
6	152	372
6	154	828
6	156	428
6	157	896
6	159	676
6	160	307
6	162	662
6	164	321
6	165	655
6	167	285
6	168	538
6	170	435
6	171	271
6	173	712
6	175	236
6	176	416
6	178	242
6	179	117
6	181	244
6	183	124
6	184	152
6	186	108
6	187	251
6	189	159
6	190	81
6	192	148
6	194	65
6	195	171
6	197	131
6	198	41
6	200	107
6	202	32
6	203	79
6	205	15
6	206	4
7	0	898
7	1	1225
7	2	2191
7	4	1508
7	5	651
7	7	540
7	8	1457
7	10	943
7	11	1729
7	13	864
7	14	1572
7	15	761
7	17	1874
7	18	1177
7	20	1044
7	21	1846
7	22	1076
7	24	2492
7	26	972
7	27	2394
7	29	2004
7	30	1030
7	32	2252
7	34	1383
7	35	2236
7	37	2421
7	38	1223
7	40	2572
7	41	1465
7	43	3008
7	45	1484
7	46	2811
7	48	2952
7	49	1140
7	51	2701
7	53	1376
7	54	2718
7	56	2757
7	57	1592
7	59	2798
7	61	1483
7	62	2807
7	64	1559
7	65	3015
7	67	3038
7	68	1529
7	70	3075
7	72	1641
7	73	2689
7	75	2895
7	76	1447
7	78	3101
7	80	1328
7	81	2737
7	83	1474
7	84	2763
7	86	2697
7	87	1332
7	89	2694
7	91	1299
7	92	2623
7	94	3206
7	95	1284
7	97	2940
7	99	1414
7	100	2635
7	102	1327
7	103	2801
7	105	2402
7	106	1370
7	108	2783
7	110	1296
7	111	2331
7	113	2390
7	114	1329
7	116	1934
7	118	997
7	119	2543
7	121	2022
7	122	912
7	124	2063
7	125	947
7	127	2031
7	129	804
7	130	1935
7	132	1725
7	133	870
7	135	1670
7	137	846
7	138	1694
7	140	1576
7	141	794
7	143	1350
7	144	614
7	146	1427
7	148	684
7	149	1738
7	151	1291
7	152	579
7	154	1189
7	156	467
7	157	912
7	159	881
7	160	603
7	162	804
7	164	351
7	165	752
7	167	440
7	168	801
7	170	905
7	171	237
7	173	523
7	175	235
7	176	623
7	178	552
7	179	313
7	181	417
7	183	246
7	184	395
7	186	227
7	187	353
7	189	314
7	190	132
7	192	373
7	194	102
7	195	377
7	197	232
7	198	66
7	200	195
7	202	86
7	203	125
7	205	74
7	206	30
8	0	404
8	1	425
8	2	727
8	4	515
8	5	380
8	7	325
8	8	784
8	10	378
8	11	781
8	13	319
8	14	957
8	15	342
8	17	823
8	18	435
8	20	428
8	21	896
8	22	481
8	24	1120
8	26	472
8	27	1033
8	29	1239
8	30	619
8	32	1308
8	34	593
8	35	1320
8	37	1269
8	38	659
8	40	1305
8	41	838
8	43	1371
8	45	873
8	46	1522
8	48	1639
8	49	761
8	51	1852
8	53	959
8	54	1623
8	56	2028
8	57	1035
8	59	1915
8	61	955
8	62	1777
8	64	931
8	65	1798
8	67	1856
8	68	877
8	70	1989
8	72	899
8	73	2080
8	75	1966
8	76	1022
8	78	2062
8	80	982
8	81	1982
8	83	1046
8	84	2012
8	86	1967
8	87	1104
8	89	1793
8	91	1007
8	92	2152
8	94	1790
8	95	1116
8	97	2077
8	99	965
8	100	2004
8	102	1114
8	103	2441
8	105	1881
8	106	908
8	108	2170
8	110	1099
8	111	1928
8	113	1793
8	114	901
8	116	1951
8	118	1005
8	119	1726
8	121	1872
8	122	980
8	124	1990
8	125	966
8	127	1891
8	129	863
8	130	1664
8	132	1890
8	133	878
8	135	1838
8	137	671
8	138	1712
8	140	1525
8	141	716
8	143	1470
8	144	878
8	146	1619
8	148	953
8	149	1497
8	151	1415
8	152	641
8	154	1403
8	156	658
8	157	1264
8	159	1313
8	160	660
8	162	1313
8	164	610
8	165	1090
8	167	452
8	168	842
8	170	977
8	171	377
8	173	920
8	175	404
8	176	814
8	178	654
8	179	321
8	181	630
8	183	276
8	184	569
8	186	242
8	187	536
8	189	489
8	190	235
8	192	612
8	194	316
8	195	467
8	197	325
8	198	118
8	200	251
8	202	137
8	203	220
8	205	96
8	206	95
9	0	53
9	1	58
9	2	261
9	4	254
9	5	133
9	7	86
9	8	251
9	10	193
9	11	564
9	13	150
9	14	413
9	15	192
9	17	498
9	18	223
9	20	156
9	21	461
9	22	235
9	24	522
9	26	318
9	27	779
9	29	738
9	30	370
9	32	645
9	34	391
9	35	630
9	37	851
9	38	451
9	40	1049
9	41	360
9	43	937
9	45	637
9	46	981
9	48	1049
9	49	380
9	51	1054
9	53	501
9	54	919
9	56	1438
9	57	626
9	59	1145
9	61	627
9	62	1573
9	64	709
9	65	1181
9	67	1467
9	68	748
9	70	1436
9	72	662
9	73	1225
9	75	1457
9	76	611
9	78	1715
9	80	895
9	81	1641
9	83	866
9	84	1689
9	86	2053
9	87	786
9	89	1739
9	91	952
9	92	1828
9	94	1810
9	95	985
9	97	1861
9	99	809
9	100	1984
9	102	997
9	103	2063
9	105	2220
9	106	1118
9	108	1857
9	110	803
9	111	2037
9	113	1902
9	114	897
9	116	2252
9	118	1026
9	119	1872
9	121	2030
9	122	1093
9	124	2042
9	125	968
9	127	2124
9	129	1233
9	130	1971
9	132	1924
9	133	938
9	135	1867
9	137	1012
9	138	1939
9	140	1753
9	141	799
9	143	1693
9	144	805
9	146	1677
9	148	868
9	149	1676
9	151	1503
9	152	1021
9	154	1544
9	156	603
9	157	2107
9	159	1583
9	160	905
9	162	1778
9	164	669
9	165	1515
9	167	731
9	168	1540
9	170	1509
9	171	813
9	173	1188
9	175	488
9	176	1279
9	178	1222
9	179	530
9	181	1287
9	183	647
9	184	895
9	186	538
9	187	995
9	189	964
9	190	351
9	192	797
9	194	457
9	195	920
9	197	778
9	198	328
9	200	557
9	202	321
9	203	618
9	205	309
9	206	243
10	0	44
10	1	5
10	2	18
10	4	44
10	5	26
10	7	5
10	8	15
10	10	7
10	11	27
10	13	36
10	14	30
10	15	44
10	17	48
10	18	17
10	20	33
10	21	76
10	22	18
10	24	65
10	26	29
10	27	123
10	29	110
10	30	39
10	32	83
10	34	56
10	35	126
10	37	217
10	38	113
10	40	168
10	41	81
10	43	213
10	45	67
10	46	284
10	48	256
10	49	143
10	51	389
10	53	101
10	54	282
10	56	260
10	57	107
10	59	365
10	61	132
10	62	312
10	64	201
10	65	320
10	67	432
10	68	207
10	70	486
10	72	212
10	73	463
10	75	460
10	76	261
10	78	462
10	80	262
10	81	497
10	83	214
10	84	559
10	86	634
10	87	304
10	89	775
10	91	426
10	92	734
10	94	767
10	95	391
10	97	732
10	99	463
10	100	956
10	102	383
10	103	1064
10	105	876
10	106	569
10	108	917
10	110	419
10	111	866
10	113	1060
10	114	534
10	116	1203
10	118	493
10	119	1088
10	121	1329
10	122	622
10	124	1215
10	125	754
10	127	1500
10	129	718
10	130	1302
10	132	1387
10	133	759
10	135	1478
10	137	819
10	138	1654
10	140	1901
10	141	806
10	143	1652
10	144	837
10	146	1514
10	148	784
10	149	1869
10	151	1711
10	152	916
10	154	2098
10	156	931
10	157	2159
10	159	1858
10	160	886
10	162	2136
10	164	1044
10	165	1760
10	167	1031
10	168	2134
10	170	2117
10	171	1271
10	173	2320
10	175	1111
10	176	2527
10	178	2238
10	179	1277
10	181	2600
10	183	1245
10	184	2495
10	186	1231
10	187	2692
10	189	2473
10	190	1259
10	192	2830
10	194	1276
10	195	2943
10	197	2886
10	198	1266
10	200	3334
10	202	1523
10	203	4289
10	205	4362
10	206	9136
