UKB_sparse_bin	CHB_bin	UKB_WBfreq
0	0	20375
0	1	1171
0	2	596
0	4	403
0	5	191
0	7	179
0	8	285
0	10	132
0	11	232
0	13	96
0	14	213
0	15	92
0	17	169
0	18	69
0	20	69
0	21	122
0	22	77
0	24	245
0	26	64
0	27	113
0	29	106
0	30	70
0	32	93
0	34	28
0	35	70
0	37	50
0	38	39
0	40	42
0	41	33
0	43	95
0	45	16
0	46	54
0	48	56
0	49	11
0	51	47
0	53	32
0	54	26
0	56	40
0	57	13
0	59	26
0	61	4
0	62	50
0	64	16
0	65	22
0	67	22
0	68	14
0	70	6
0	73	9
0	75	6
0	76	8
0	78	7
0	80	3
0	81	5
0	83	1
0	84	2
0	86	6
0	87	7
0	89	2
0	91	2
0	92	4
0	94	1
0	97	3
0	99	2
0	100	6
0	102	4
0	103	3
0	108	2
0	110	5
0	111	8
0	113	7
0	114	2
0	116	2
0	118	1
0	124	1
0	125	2
0	137	1
0	140	2
0	178	1
1	0	160378
1	1	25575
1	2	15182
1	4	10106
1	5	4646
1	7	3994
1	8	7541
1	10	3500
1	11	6634
1	13	2449
1	14	5610
1	15	2564
1	17	5100
1	18	2503
1	20	2326
1	21	3986
1	22	2040
1	24	4040
1	26	1657
1	27	3376
1	29	2975
1	30	1697
1	32	2698
1	34	1212
1	35	2700
1	37	2288
1	38	1439
1	40	2140
1	41	1008
1	43	1990
1	45	953
1	46	1875
1	48	1365
1	49	790
1	51	1331
1	53	646
1	54	1280
1	56	1228
1	57	558
1	59	1128
1	61	670
1	62	1114
1	64	393
1	65	1056
1	67	818
1	68	363
1	70	596
1	72	292
1	73	633
1	75	525
1	76	217
1	78	407
1	80	188
1	81	455
1	83	244
1	84	415
1	86	485
1	87	270
1	89	460
1	91	233
1	92	348
1	94	287
1	95	164
1	97	248
1	99	168
1	100	181
1	102	156
1	103	231
1	105	239
1	106	77
1	108	196
1	110	74
1	111	150
1	113	110
1	114	64
1	116	121
1	118	46
1	119	80
1	121	86
1	122	26
1	124	133
1	125	48
1	127	120
1	129	47
1	130	78
1	132	118
1	133	77
1	135	157
1	137	39
1	138	53
1	140	31
1	141	16
1	143	82
1	144	24
1	146	79
1	148	17
1	149	84
1	151	61
1	152	39
1	154	34
1	156	10
1	157	40
1	159	44
1	160	7
1	162	4
1	165	1
1	167	3
1	168	7
1	171	2
1	173	30
1	175	3
1	181	1
1	183	8
1	187	1
1	206	1
2	0	48421
2	1	15676
2	2	12333
2	4	8656
2	5	3805
2	7	3379
2	8	5900
2	10	3425
2	11	6250
2	13	2843
2	14	5719
2	15	2509
2	17	4883
2	18	2680
2	20	2441
2	21	5288
2	22	2214
2	24	4377
2	26	2040
2	27	4256
2	29	3991
2	30	1777
2	32	3613
2	34	1621
2	35	3331
2	37	2919
2	38	1443
2	40	2469
2	41	1719
2	43	2863
2	45	1097
2	46	2377
2	48	3008
2	49	1308
2	51	2318
2	53	1131
2	54	2070
2	56	1949
2	57	819
2	59	2001
2	61	967
2	62	2131
2	64	754
2	65	1725
2	67	1371
2	68	690
2	70	1168
2	72	554
2	73	1114
2	75	1136
2	76	610
2	78	1201
2	80	435
2	81	1081
2	83	409
2	84	889
2	86	687
2	87	343
2	89	507
2	91	324
2	92	641
2	94	678
2	95	367
2	97	653
2	99	308
2	100	513
2	102	196
2	103	524
2	105	451
2	106	155
2	108	388
2	110	235
2	111	343
2	113	272
2	114	163
2	116	267
2	118	118
2	119	268
2	121	304
2	122	107
2	124	217
2	125	97
2	127	204
2	129	99
2	130	190
2	132	114
2	133	48
2	135	109
2	137	41
2	138	79
2	140	110
2	141	64
2	143	81
2	144	14
2	146	108
2	148	20
2	149	72
2	151	41
2	152	31
2	154	29
2	156	14
2	157	23
2	159	20
2	160	17
2	162	24
2	164	8
2	165	8
2	167	2
2	168	30
2	170	15
2	171	5
2	173	4
2	175	12
2	176	6
2	178	25
2	181	2
2	186	2
2	189	2
2	190	6
2	194	1
2	195	1
2	197	2
3	0	14518
3	1	6971
3	2	4988
3	4	3869
3	5	2228
3	7	1988
3	8	3390
3	10	1561
3	11	3237
3	13	1972
3	14	3136
3	15	1420
3	17	2658
3	18	1395
3	20	1164
3	21	2476
3	22	1478
3	24	2724
3	26	1146
3	27	2631
3	29	2336
3	30	1239
3	32	2333
3	34	1271
3	35	2347
3	37	2276
3	38	986
3	40	2216
3	41	899
3	43	1560
3	45	885
3	46	1767
3	48	1704
3	49	931
3	51	1837
3	53	796
3	54	1358
3	56	1321
3	57	668
3	59	1422
3	61	681
3	62	1307
3	64	614
3	65	1219
3	67	1030
3	68	415
3	70	973
3	72	434
3	73	865
3	75	1048
3	76	425
3	78	881
3	80	359
3	81	842
3	83	357
3	84	530
3	86	796
3	87	354
3	89	570
3	91	365
3	92	579
3	94	433
3	95	356
3	97	400
3	99	184
3	100	468
3	102	166
3	103	312
3	105	447
3	106	202
3	108	287
3	110	194
3	111	305
3	113	214
3	114	165
3	116	239
3	118	73
3	119	183
3	121	206
3	122	282
3	124	260
3	125	178
3	127	217
3	129	48
3	130	176
3	132	187
3	133	81
3	135	140
3	137	90
3	138	81
3	140	80
3	141	33
3	143	93
3	144	31
3	146	78
3	148	30
3	149	42
3	151	60
3	152	17
3	154	45
3	156	27
3	157	34
3	159	42
3	160	27
3	162	21
3	164	5
3	165	12
3	167	8
3	168	17
3	170	28
3	171	3
3	173	14
3	175	5
3	176	11
3	178	1
3	179	3
3	181	11
3	183	2
3	184	18
3	186	2
3	187	5
3	189	3
3	190	8
4	0	10418
4	1	6779
4	2	6402
4	4	5014
4	5	2363
4	7	2195
4	8	3975
4	10	2029
4	11	3550
4	13	2142
4	14	3828
4	15	1785
4	17	3873
4	18	1827
4	20	1790
4	21	3947
4	22	1955
4	24	3563
4	26	1878
4	27	3771
4	29	3570
4	30	1944
4	32	3471
4	34	1773
4	35	3250
4	37	3102
4	38	1603
4	40	3020
4	41	1473
4	43	3103
4	45	1428
4	46	2550
4	48	2407
4	49	1274
4	51	2314
4	53	1207
4	54	2627
4	56	2221
4	57	1034
4	59	2303
4	61	990
4	62	2200
4	64	1256
4	65	2346
4	67	2070
4	68	1063
4	70	1708
4	72	907
4	73	1958
4	75	1722
4	76	943
4	78	1754
4	80	699
4	81	1821
4	83	677
4	84	1560
4	86	1417
4	87	726
4	89	1489
4	91	640
4	92	1390
4	94	1282
4	95	593
4	97	1053
4	99	661
4	100	1105
4	102	585
4	103	998
4	105	1005
4	106	486
4	108	769
4	110	414
4	111	845
4	113	676
4	114	417
4	116	585
4	118	314
4	119	543
4	121	510
4	122	268
4	124	551
4	125	232
4	127	525
4	129	271
4	130	484
4	132	428
4	133	242
4	135	390
4	137	195
4	138	360
4	140	279
4	141	223
4	143	260
4	144	159
4	146	291
4	148	110
4	149	232
4	151	233
4	152	109
4	154	173
4	156	142
4	157	252
4	159	217
4	160	164
4	162	134
4	164	60
4	165	122
4	167	60
4	168	160
4	170	90
4	171	43
4	173	36
4	175	30
4	176	28
4	178	22
4	179	14
4	181	20
4	183	10
4	184	41
4	186	4
4	187	11
4	189	52
4	190	7
4	192	12
4	194	2
4	195	28
4	197	6
4	198	6
4	200	4
4	206	1
5	0	6142
5	1	5092
5	2	5149
5	4	3769
5	5	2011
5	7	1817
5	8	3684
5	10	2035
5	11	4516
5	13	1908
5	14	3426
5	15	2035
5	17	3564
5	18	1511
5	20	1948
5	21	3983
5	22	2012
5	24	3567
5	26	2015
5	27	3614
5	29	3534
5	30	1781
5	32	3711
5	34	1865
5	35	3648
5	37	3364
5	38	1961
5	40	3622
5	41	1872
5	43	3241
5	45	1558
5	46	3438
5	48	3276
5	49	1552
5	51	3094
5	53	1488
5	54	3062
5	56	2717
5	57	1403
5	59	2692
5	61	1356
5	62	2677
5	64	1499
5	65	2806
5	67	2448
5	68	1271
5	70	2320
5	72	1377
5	73	2158
5	75	2201
5	76	1009
5	78	2233
5	80	1183
5	81	2209
5	83	1007
5	84	2484
5	86	2199
5	87	1001
5	89	2250
5	91	873
5	92	1867
5	94	1520
5	95	687
5	97	1465
5	99	654
5	100	1520
5	102	652
5	103	1455
5	105	1580
5	106	644
5	108	1156
5	110	651
5	111	1200
5	113	1023
5	114	570
5	116	1247
5	118	553
5	119	1038
5	121	898
5	122	427
5	124	825
5	125	518
5	127	772
5	129	452
5	130	816
5	132	754
5	133	349
5	135	816
5	137	275
5	138	581
5	140	627
5	141	238
5	143	415
5	144	211
5	146	390
5	148	205
5	149	424
5	151	330
5	152	203
5	154	215
5	156	132
5	157	369
5	159	361
5	160	87
5	162	278
5	164	60
5	165	238
5	167	78
5	168	252
5	170	221
5	171	63
5	173	121
5	175	45
5	176	107
5	178	78
5	179	45
5	181	103
5	183	32
5	184	46
5	186	25
5	187	65
5	189	39
5	190	4
5	192	35
5	194	22
5	195	61
5	197	31
5	198	8
5	200	13
5	202	7
5	203	13
5	205	2
5	206	5
6	0	1886
6	1	1901
6	2	2713
6	4	1919
6	5	987
6	7	901
6	8	1762
6	10	868
6	11	1955
6	13	903
6	14	1696
6	15	1009
6	17	2275
6	18	855
6	20	986
6	21	1950
6	22	918
6	24	2313
6	26	1021
6	27	2328
6	29	2205
6	30	1061
6	32	1996
6	34	1128
6	35	2350
6	37	2412
6	38	1142
6	40	2384
6	41	1124
6	43	2382
6	45	1265
6	46	2474
6	48	2616
6	49	1112
6	51	2268
6	53	1178
6	54	2560
6	56	2210
6	57	1321
6	59	2358
6	61	1166
6	62	2339
6	64	1071
6	65	2326
6	67	2345
6	68	946
6	70	2137
6	72	1321
6	73	1970
6	75	2072
6	76	1026
6	78	2210
6	80	1068
6	81	2198
6	83	946
6	84	2021
6	86	1909
6	87	916
6	89	2175
6	91	931
6	92	1748
6	94	1628
6	95	830
6	97	1646
6	99	840
6	100	1803
6	102	837
6	103	1206
6	105	1623
6	106	886
6	108	1546
6	110	788
6	111	1569
6	113	1543
6	114	701
6	116	1340
6	118	664
6	119	1158
6	121	1366
6	122	595
6	124	1063
6	125	662
6	127	854
6	129	378
6	130	910
6	132	952
6	133	422
6	135	1064
6	137	451
6	138	774
6	140	786
6	141	390
6	143	760
6	144	356
6	146	533
6	148	338
6	149	573
6	151	550
6	152	286
6	154	423
6	156	288
6	157	495
6	159	387
6	160	191
6	162	384
6	164	195
6	165	362
6	167	182
6	168	286
6	170	320
6	171	87
6	173	218
6	175	171
6	176	197
6	178	162
6	179	112
6	181	84
6	183	52
6	184	84
6	186	54
6	187	153
6	189	79
6	190	32
6	192	62
6	194	43
6	195	126
6	197	65
6	198	9
6	200	28
6	202	7
6	203	36
6	205	7
6	206	1
7	0	782
7	1	877
7	2	1736
7	4	1372
7	5	778
7	7	539
7	8	1509
7	10	682
7	11	1510
7	13	676
7	14	1465
7	15	660
7	17	1889
7	18	858
7	20	928
7	21	1325
7	22	807
7	24	1767
7	26	901
7	27	1618
7	29	1562
7	30	882
7	32	1553
7	34	965
7	35	1718
7	37	2068
7	38	928
7	40	2044
7	41	1000
7	43	2118
7	45	1134
7	46	2039
7	48	2543
7	49	1021
7	51	1932
7	53	933
7	54	2122
7	56	1958
7	57	919
7	59	2249
7	61	1009
7	62	2595
7	64	1256
7	65	2340
7	67	2261
7	68	1160
7	70	2012
7	72	1207
7	73	2303
7	75	2517
7	76	1360
7	78	2308
7	80	1038
7	81	2149
7	83	1069
7	84	2491
7	86	2186
7	87	1150
7	89	2307
7	91	1052
7	92	2059
7	94	2262
7	95	997
7	97	2117
7	99	996
7	100	1875
7	102	1031
7	103	2141
7	105	2016
7	106	969
7	108	2221
7	110	1140
7	111	1526
7	113	1736
7	114	1002
7	116	1653
7	118	849
7	119	1890
7	121	1574
7	122	761
7	124	1613
7	125	692
7	127	1410
7	129	659
7	130	1560
7	132	1158
7	133	640
7	135	1385
7	137	678
7	138	1365
7	140	1197
7	141	556
7	143	1219
7	144	499
7	146	1029
7	148	507
7	149	1140
7	151	1124
7	152	432
7	154	928
7	156	394
7	157	756
7	159	943
7	160	388
7	162	764
7	164	316
7	165	654
7	167	230
7	168	517
7	170	437
7	171	193
7	173	438
7	175	193
7	176	522
7	178	414
7	179	187
7	181	321
7	183	140
7	184	356
7	186	141
7	187	226
7	189	166
7	190	63
7	192	143
7	194	182
7	195	287
7	197	191
7	198	44
7	200	83
7	202	34
7	203	148
7	205	28
7	206	18
8	0	235
8	1	344
8	2	563
8	4	494
8	5	265
8	7	190
8	8	536
8	10	546
8	11	640
8	13	284
8	14	723
8	15	378
8	17	939
8	18	375
8	20	402
8	21	845
8	22	452
8	24	821
8	26	542
8	27	875
8	29	1058
8	30	609
8	32	1251
8	34	602
8	35	1146
8	37	1395
8	38	769
8	40	1341
8	41	728
8	43	1483
8	45	703
8	46	1259
8	48	1441
8	49	660
8	51	1655
8	53	910
8	54	1674
8	56	1766
8	57	863
8	59	1451
8	61	907
8	62	1620
8	64	806
8	65	1690
8	67	1811
8	68	935
8	70	1691
8	72	964
8	73	2005
8	75	1781
8	76	948
8	78	1918
8	80	861
8	81	1930
8	83	983
8	84	1825
8	86	1714
8	87	1038
8	89	1742
8	91	772
8	92	1826
8	94	1876
8	95	823
8	97	1781
8	99	953
8	100	1682
8	102	890
8	103	1875
8	105	1647
8	106	918
8	108	1703
8	110	745
8	111	1453
8	113	1548
8	114	802
8	116	1383
8	118	712
8	119	1424
8	121	1338
8	122	824
8	124	1541
8	125	676
8	127	1771
8	129	775
8	130	1559
8	132	1303
8	133	805
8	135	1375
8	137	594
8	138	1504
8	140	1161
8	141	558
8	143	1060
8	144	596
8	146	1100
8	148	727
8	149	1179
8	151	1074
8	152	460
8	154	1183
8	156	536
8	157	923
8	159	855
8	160	447
8	162	945
8	164	447
8	165	765
8	167	442
8	168	831
8	170	763
8	171	334
8	173	601
8	175	269
8	176	582
8	178	657
8	179	307
8	181	507
8	183	212
8	184	446
8	186	312
8	187	416
8	189	379
8	190	135
8	192	304
8	194	207
8	195	308
8	197	165
8	198	85
8	200	227
8	202	71
8	203	125
8	205	117
8	206	31
9	0	118
9	1	113
9	2	217
9	4	164
9	5	76
9	7	116
9	8	133
9	10	92
9	11	210
9	13	81
9	14	298
9	15	243
9	17	273
9	18	128
9	20	211
9	21	355
9	22	286
9	24	451
9	26	221
9	27	425
9	29	895
9	30	275
9	32	677
9	34	232
9	35	602
9	37	651
9	38	360
9	40	665
9	41	259
9	43	991
9	45	505
9	46	850
9	48	734
9	49	354
9	51	840
9	53	472
9	54	1024
9	56	1055
9	57	515
9	59	798
9	61	497
9	62	1181
9	64	452
9	65	1147
9	67	1352
9	68	781
9	70	1445
9	72	586
9	73	1375
9	75	1153
9	76	569
9	78	1322
9	80	699
9	81	1321
9	83	577
9	84	1370
9	86	1768
9	87	854
9	89	1398
9	91	718
9	92	1499
9	94	1338
9	95	1033
9	97	1680
9	99	877
9	100	1343
9	102	897
9	103	1917
9	105	1848
9	106	864
9	108	1553
9	110	806
9	111	1777
9	113	1518
9	114	776
9	116	1596
9	118	832
9	119	1644
9	121	1786
9	122	808
9	124	1911
9	125	681
9	127	1771
9	129	700
9	130	1662
9	132	1545
9	133	784
9	135	1687
9	137	760
9	138	1563
9	140	1513
9	141	730
9	143	1691
9	144	664
9	146	1581
9	148	661
9	149	1195
9	151	1472
9	152	736
9	154	1405
9	156	621
9	157	1587
9	159	1303
9	160	759
9	162	1379
9	164	629
9	165	1463
9	167	670
9	168	1310
9	170	1242
9	171	592
9	173	1047
9	175	457
9	176	1121
9	178	1035
9	179	456
9	181	1107
9	183	445
9	184	894
9	186	415
9	187	935
9	189	693
9	190	367
9	192	608
9	194	402
9	195	829
9	197	612
9	198	257
9	200	560
9	202	349
9	203	607
9	205	318
9	206	225
10	0	11
10	1	12
10	2	33
10	4	8
10	5	6
10	7	2
10	8	27
10	10	26
10	11	17
10	13	12
10	14	33
10	15	26
10	17	32
10	18	12
10	20	23
10	21	65
10	22	48
10	24	79
10	26	60
10	27	96
10	29	95
10	30	30
10	32	83
10	34	86
10	35	257
10	37	186
10	38	74
10	40	171
10	41	60
10	43	189
10	45	71
10	46	153
10	48	241
10	49	58
10	51	238
10	53	135
10	54	167
10	56	216
10	57	138
10	59	305
10	61	130
10	62	229
10	64	126
10	65	357
10	67	260
10	68	168
10	70	361
10	72	209
10	73	407
10	75	445
10	76	171
10	78	461
10	80	213
10	81	370
10	83	253
10	84	556
10	86	661
10	87	174
10	89	544
10	91	314
10	92	493
10	94	571
10	95	216
10	97	518
10	99	385
10	100	628
10	102	242
10	103	623
10	105	617
10	106	238
10	108	682
10	110	423
10	111	845
10	113	634
10	114	352
10	116	934
10	118	371
10	119	774
10	121	802
10	122	436
10	124	816
10	125	453
10	127	1093
10	129	412
10	130	1072
10	132	954
10	133	483
10	135	822
10	137	400
10	138	972
10	140	961
10	141	502
10	143	1174
10	144	538
10	146	951
10	148	516
10	149	1211
10	151	1410
10	152	478
10	154	1097
10	156	592
10	157	1225
10	159	1081
10	160	542
10	162	1066
10	164	670
10	165	1153
10	167	681
10	168	1161
10	170	1198
10	171	635
10	173	1145
10	175	519
10	176	1267
10	178	1073
10	179	648
10	181	1158
10	183	504
10	184	1090
10	186	686
10	187	1157
10	189	1124
10	190	541
10	192	1490
10	194	748
10	195	1252
10	197	1568
10	198	516
10	200	1451
10	202	767
10	203	1907
10	205	2068
10	206	4580
