UKB_sparse_bin	YRI_bin	UKB_WBfreq
1	0	21
1	1	1
1	7	1
1	41	1
2	0	12
2	1	1
2	4	2
2	9	2
2	19	1
2	20	1
2	28	2
2	47	1
2	61	1
3	0	4
3	4	1
3	6	1
3	7	1
3	9	1
3	16	1
3	20	1
3	22	1
3	25	2
3	28	1
3	31	1
3	38	1
3	41	2
3	46	1
3	47	2
3	50	1
3	120	1
3	144	1
4	0	4
4	1	1
4	3	1
4	4	1
4	6	1
4	9	1
4	10	2
4	13	3
4	16	1
4	19	1
4	20	1
4	25	1
4	33	1
4	42	1
4	58	1
4	63	1
4	122	1
5	0	3
5	2	2
5	3	2
5	10	1
5	13	1
5	14	1
5	17	1
5	22	1
5	25	1
5	27	1
5	28	1
5	49	1
5	84	1
5	93	1
5	111	1
5	114	1
5	130	1
5	144	1
5	157	1
6	0	3
6	6	1
6	9	1
6	23	1
6	28	1
6	30	1
6	39	1
6	41	2
6	55	1
6	58	1
6	68	1
6	71	2
6	76	1
6	87	1
6	103	2
6	112	2
6	136	1
6	141	1
7	1	1
7	3	1
7	10	1
7	14	1
7	17	1
7	19	2
7	20	1
7	22	1
7	25	1
7	39	1
7	49	1
7	55	1
7	58	1
7	71	1
7	84	1
7	92	1
7	112	1
7	117	1
7	122	1
7	147	1
7	157	1
7	187	1
8	2	1
8	6	1
8	17	1
8	20	1
8	25	2
8	31	1
8	39	1
8	41	1
8	58	1
8	66	1
8	73	1
8	74	1
8	88	1
8	95	1
8	106	2
8	108	1
8	112	2
8	119	1
8	147	1
8	150	1
8	190	1
9	1	1
9	19	3
9	22	1
9	28	1
9	30	1
9	36	2
9	44	1
9	47	1
9	58	1
9	74	1
9	85	1
9	87	1
9	95	1
9	104	1
9	138	1
9	150	1
9	160	1
9	165	1
9	176	1
9	192	1
10	10	1
10	25	1
10	39	1
10	47	1
10	49	1
10	55	1
10	71	1
10	82	1
10	87	1
10	92	1
10	100	2
10	106	1
10	122	1
10	144	2
10	147	1
10	168	1
10	171	1
10	173	1
10	181	1
10	190	1
10	195	1
10	216	1
