UKB_sparse_bin	CHB_bin	UKB_WBfreq
0	0	52394
0	1	2483
0	2	955
0	4	911
0	5	288
0	7	200
0	8	656
0	10	192
0	11	577
0	13	203
0	14	509
0	15	303
0	17	393
0	18	132
0	20	238
0	21	267
0	22	159
0	24	305
0	26	243
0	27	189
0	29	119
0	30	64
0	32	93
0	34	88
0	35	188
0	37	142
0	38	130
0	40	113
0	41	46
0	43	105
0	45	91
0	46	129
0	48	68
0	49	39
0	51	64
0	53	61
0	54	84
0	56	69
0	57	51
0	59	50
0	61	20
0	62	36
0	64	31
0	65	21
0	67	39
0	68	15
0	70	64
0	72	21
0	73	33
0	75	16
0	76	6
0	78	21
0	80	10
0	81	17
0	83	8
0	84	7
0	86	48
0	87	6
0	89	12
0	91	1
0	92	2
0	94	21
0	95	6
0	97	14
0	99	2
0	100	5
0	102	2
0	106	3
0	108	3
0	110	2
0	111	7
0	113	17
0	114	2
0	116	3
0	119	6
0	121	1
0	124	4
0	143	1
0	146	9
0	157	24
1	0	336724
1	1	23217
1	2	12482
1	4	8533
1	5	3996
1	7	3428
1	8	5815
1	10	2586
1	11	5248
1	13	2435
1	14	5476
1	15	2151
1	17	3504
1	18	1721
1	20	1611
1	21	2953
1	22	1484
1	24	2306
1	26	1194
1	27	2226
1	29	2013
1	30	958
1	32	1639
1	34	768
1	35	1523
1	37	1594
1	38	633
1	40	1424
1	41	618
1	43	1077
1	45	596
1	46	1210
1	48	837
1	49	523
1	51	728
1	53	450
1	54	782
1	56	811
1	57	377
1	59	573
1	61	199
1	62	378
1	64	325
1	65	494
1	67	597
1	68	249
1	70	407
1	72	202
1	73	235
1	75	226
1	76	255
1	78	231
1	80	204
1	81	235
1	83	113
1	84	202
1	86	308
1	87	107
1	89	193
1	91	74
1	92	111
1	94	110
1	95	54
1	97	227
1	99	93
1	100	81
1	102	23
1	103	44
1	105	67
1	106	74
1	108	88
1	110	26
1	111	131
1	113	94
1	114	10
1	116	28
1	118	6
1	119	20
1	121	39
1	122	46
1	124	9
1	125	18
1	127	27
1	129	1
1	130	28
1	132	12
1	133	7
1	135	110
1	137	13
1	138	21
1	140	10
1	143	3
1	144	1
1	146	90
1	148	4
1	149	7
1	151	2
1	157	30
1	159	16
1	160	2
1	162	8
1	164	2
1	165	1
1	176	1
1	187	1
1	189	2
1	192	3
2	0	350099
2	1	46265
2	2	26030
2	4	15517
2	5	7180
2	7	7135
2	8	12209
2	10	5467
2	11	10986
2	13	4561
2	14	10348
2	15	4218
2	17	8566
2	18	4187
2	20	3278
2	21	6562
2	22	3467
2	24	6427
2	26	2946
2	27	5831
2	29	5203
2	30	2404
2	32	4896
2	34	1930
2	35	4063
2	37	3487
2	38	1939
2	40	3516
2	41	1567
2	43	2824
2	45	1526
2	46	2664
2	48	2619
2	49	1280
2	51	1896
2	53	1092
2	54	1975
2	56	1830
2	57	927
2	59	1725
2	61	890
2	62	1635
2	64	519
2	65	1240
2	67	1173
2	68	542
2	70	932
2	72	460
2	73	934
2	75	916
2	76	318
2	78	671
2	80	443
2	81	814
2	83	314
2	84	587
2	86	458
2	87	314
2	89	565
2	91	256
2	92	391
2	94	529
2	95	236
2	97	442
2	99	300
2	100	398
2	102	138
2	103	329
2	105	396
2	106	188
2	108	322
2	110	147
2	111	211
2	113	133
2	114	51
2	116	170
2	118	74
2	119	80
2	121	129
2	122	46
2	124	106
2	125	47
2	127	122
2	129	34
2	130	76
2	132	124
2	133	63
2	135	56
2	137	32
2	138	90
2	140	84
2	141	21
2	143	69
2	144	33
2	146	74
2	148	17
2	149	76
2	151	60
2	152	11
2	154	34
2	156	24
2	157	29
2	159	62
2	160	2
2	162	7
2	165	2
2	167	2
2	168	2
2	171	1
2	173	3
2	175	1
2	176	1
2	183	1
2	197	1
3	0	75284
3	1	20134
3	2	12912
3	4	8427
3	5	4008
3	7	3554
3	8	6898
3	10	3165
3	11	5934
3	13	2790
3	14	5582
3	15	2457
3	17	5483
3	18	2474
3	20	2706
3	21	4762
3	22	2212
3	24	4159
3	26	1917
3	27	4057
3	29	3752
3	30	1707
3	32	3200
3	34	1467
3	35	2763
3	37	2703
3	38	1491
3	40	2766
3	41	1330
3	43	2504
3	45	1169
3	46	2412
3	48	1966
3	49	961
3	51	1849
3	53	1034
3	54	1793
3	56	1571
3	57	745
3	59	1545
3	61	704
3	62	1334
3	64	646
3	65	1463
3	67	1254
3	68	644
3	70	1036
3	72	449
3	73	951
3	75	806
3	76	368
3	78	706
3	80	308
3	81	629
3	83	361
3	84	645
3	86	683
3	87	300
3	89	510
3	91	334
3	92	509
3	94	702
3	95	226
3	97	446
3	99	205
3	100	406
3	102	193
3	103	317
3	105	424
3	106	158
3	108	327
3	110	118
3	111	307
3	113	257
3	114	102
3	116	260
3	118	135
3	119	135
3	121	108
3	122	58
3	124	166
3	125	121
3	127	106
3	129	86
3	130	72
3	132	94
3	133	36
3	135	76
3	137	45
3	138	43
3	140	82
3	141	19
3	143	48
3	144	17
3	146	38
3	148	19
3	149	18
3	151	63
3	152	20
3	154	69
3	156	5
3	157	24
3	159	14
3	160	4
3	162	7
3	164	8
3	165	15
3	167	6
3	168	11
3	170	9
3	171	8
3	173	5
3	175	3
3	176	5
3	178	17
3	179	3
3	183	3
3	184	1
3	187	1
3	189	2
3	200	14
4	0	21517
4	1	10988
4	2	9126
4	4	7736
4	5	3359
4	7	3095
4	8	5886
4	10	3313
4	11	5906
4	13	2960
4	14	5453
4	15	2782
4	17	5712
4	18	2773
4	20	2515
4	21	5358
4	22	2324
4	24	4703
4	26	2566
4	27	4894
4	29	4912
4	30	2535
4	32	4660
4	34	2022
4	35	4317
4	37	4134
4	38	1981
4	40	3860
4	41	2107
4	43	3710
4	45	1792
4	46	3130
4	48	3360
4	49	1531
4	51	3482
4	53	1735
4	54	3290
4	56	2911
4	57	1447
4	59	2976
4	61	1338
4	62	2807
4	64	1360
4	65	2441
4	67	2482
4	68	1165
4	70	2034
4	72	1191
4	73	2237
4	75	2096
4	76	1120
4	78	2097
4	80	967
4	81	2228
4	83	988
4	84	2080
4	86	1760
4	87	764
4	89	1711
4	91	809
4	92	1663
4	94	1531
4	95	798
4	97	1319
4	99	757
4	100	1353
4	102	749
4	103	924
4	105	1046
4	106	612
4	108	970
4	110	455
4	111	1009
4	113	864
4	114	458
4	116	938
4	118	356
4	119	658
4	121	585
4	122	323
4	124	647
4	125	264
4	127	729
4	129	279
4	130	409
4	132	404
4	133	265
4	135	362
4	137	170
4	138	381
4	140	323
4	141	125
4	143	266
4	144	150
4	146	320
4	148	171
4	149	435
4	151	252
4	152	95
4	154	183
4	156	119
4	157	276
4	159	204
4	160	69
4	162	130
4	164	44
4	165	80
4	167	62
4	168	179
4	170	78
4	171	55
4	173	89
4	175	14
4	176	21
4	178	11
4	179	12
4	181	25
4	183	22
4	184	28
4	186	2
4	187	14
4	189	48
4	190	4
4	192	5
4	194	3
4	195	14
4	197	3
4	198	2
4	200	2
4	206	1
5	0	9145
5	1	6949
5	2	7187
5	4	5262
5	5	2797
5	7	2349
5	8	5262
5	10	2184
5	11	5362
5	13	2525
5	14	4407
5	15	2702
5	17	4546
5	18	1877
5	20	2369
5	21	5431
5	22	2877
5	24	4489
5	26	2681
5	27	4566
5	29	4608
5	30	2095
5	32	4819
5	34	2680
5	35	4336
5	37	3859
5	38	2242
5	40	4061
5	41	2162
5	43	4240
5	45	2006
5	46	4414
5	48	3728
5	49	2076
5	51	3806
5	53	1835
5	54	3670
5	56	3522
5	57	1665
5	59	3491
5	61	1590
5	62	3447
5	64	1841
5	65	3339
5	67	2968
5	68	1803
5	70	3061
5	72	1504
5	73	2830
5	75	2743
5	76	1535
5	78	2660
5	80	1444
5	81	2382
5	83	1206
5	84	2532
5	86	2242
5	87	1070
5	89	2579
5	91	911
5	92	2037
5	94	1895
5	95	813
5	97	1715
5	99	938
5	100	2013
5	102	806
5	103	1877
5	105	2159
5	106	758
5	108	1402
5	110	710
5	111	1409
5	113	1367
5	114	642
5	116	1380
5	118	717
5	119	963
5	121	983
5	122	403
5	124	940
5	125	603
5	127	925
5	129	597
5	130	1025
5	132	701
5	133	378
5	135	764
5	137	299
5	138	711
5	140	401
5	141	232
5	143	418
5	144	284
5	146	486
5	148	203
5	149	676
5	151	419
5	152	224
5	154	338
5	156	196
5	157	410
5	159	467
5	160	240
5	162	265
5	164	107
5	165	296
5	167	110
5	168	289
5	170	232
5	171	75
5	173	99
5	175	39
5	176	116
5	178	69
5	179	35
5	181	79
5	183	26
5	184	35
5	186	23
5	187	73
5	189	62
5	190	7
5	192	32
5	194	18
5	195	79
5	197	33
5	198	8
5	200	2
5	203	11
5	205	2
5	206	2
6	0	3280
6	1	3156
6	2	3993
6	4	3555
6	5	1567
6	7	1833
6	8	3159
6	10	1243
6	11	2526
6	13	1286
6	14	2486
6	15	1420
6	17	2502
6	18	1510
6	20	1423
6	21	3247
6	22	1418
6	24	2728
6	26	1373
6	27	3092
6	29	3125
6	30	1566
6	32	3320
6	34	1587
6	35	3502
6	37	3276
6	38	1581
6	40	3317
6	41	1518
6	43	2751
6	45	1331
6	46	3235
6	48	3834
6	49	1665
6	51	3137
6	53	1311
6	54	3143
6	56	3277
6	57	1441
6	59	3071
6	61	1464
6	62	2793
6	64	1387
6	65	2878
6	67	3144
6	68	1491
6	70	3024
6	72	1398
6	73	2421
6	75	2668
6	76	1180
6	78	2597
6	80	1126
6	81	2623
6	83	1108
6	84	2714
6	86	2313
6	87	1128
6	89	2399
6	91	1039
6	92	2159
6	94	2128
6	95	861
6	97	1831
6	99	1077
6	100	2032
6	102	1087
6	103	1694
6	105	1774
6	106	1117
6	108	1635
6	110	801
6	111	1523
6	113	1634
6	114	761
6	116	1378
6	118	764
6	119	1239
6	121	1259
6	122	603
6	124	1390
6	125	667
6	127	1361
6	129	524
6	130	1104
6	132	1094
6	133	344
6	135	825
6	137	427
6	138	819
6	140	991
6	141	424
6	143	804
6	144	455
6	146	800
6	148	288
6	149	679
6	151	561
6	152	396
6	154	589
6	156	597
6	157	1017
6	159	400
6	160	149
6	162	415
6	164	205
6	165	415
6	167	133
6	168	378
6	170	401
6	171	140
6	173	264
6	175	67
6	176	184
6	178	186
6	179	105
6	181	303
6	183	95
6	184	203
6	186	42
6	187	127
6	189	82
6	190	33
6	192	44
6	194	34
6	195	51
6	197	39
6	198	18
6	200	422
6	202	36
6	203	57
6	206	2
7	0	1565
7	1	1751
7	2	2791
7	4	2168
7	5	1171
7	7	882
7	8	2112
7	10	1023
7	11	2462
7	13	1049
7	14	2069
7	15	1190
7	17	3160
7	18	1222
7	20	1515
7	21	2046
7	22	1207
7	24	3173
7	26	1369
7	27	2581
7	29	2490
7	30	1347
7	32	2895
7	34	1579
7	35	3103
7	37	2860
7	38	1518
7	40	3285
7	41	1668
7	43	3255
7	45	1991
7	46	3076
7	48	3782
7	49	1409
7	51	3008
7	53	1605
7	54	3611
7	56	3195
7	57	1401
7	59	3108
7	61	1610
7	62	3158
7	64	1777
7	65	3500
7	67	3677
7	68	1510
7	70	3170
7	72	1510
7	73	3169
7	75	3208
7	76	1875
7	78	3413
7	80	1857
7	81	3119
7	83	1731
7	84	2886
7	86	2998
7	87	1424
7	89	3154
7	91	1227
7	92	3087
7	94	3170
7	95	1374
7	97	2873
7	99	1336
7	100	2778
7	102	1364
7	103	2702
7	105	3230
7	106	1182
7	108	2583
7	110	1084
7	111	2374
7	113	2608
7	114	1040
7	116	1974
7	118	961
7	119	2449
7	121	2341
7	122	1047
7	124	2172
7	125	992
7	127	2090
7	129	927
7	130	1840
7	132	1464
7	133	896
7	135	1826
7	137	884
7	138	1803
7	140	1440
7	141	706
7	143	1484
7	144	637
7	146	1294
7	148	567
7	149	1444
7	151	1379
7	152	546
7	154	1139
7	156	417
7	157	802
7	159	1104
7	160	488
7	162	915
7	164	386
7	165	703
7	167	376
7	168	662
7	170	849
7	171	296
7	173	590
7	175	209
7	176	461
7	178	494
7	179	194
7	181	333
7	183	165
7	184	439
7	186	137
7	187	243
7	189	279
7	190	90
7	192	277
7	194	129
7	195	542
7	197	251
7	198	90
7	200	122
7	202	77
7	203	155
7	205	30
7	206	14
8	0	260
8	1	413
8	2	616
8	4	482
8	5	314
8	7	310
8	8	670
8	10	311
8	11	839
8	13	326
8	14	1194
8	15	533
8	17	713
8	18	357
8	20	496
8	21	783
8	22	400
8	24	1194
8	26	497
8	27	1147
8	29	1147
8	30	601
8	32	1229
8	34	629
8	35	1293
8	37	1143
8	38	687
8	40	1285
8	41	703
8	43	1511
8	45	995
8	46	1556
8	48	1826
8	49	808
8	51	2003
8	53	868
8	54	1803
8	56	1809
8	57	1129
8	59	1521
8	61	890
8	62	1800
8	64	943
8	65	1726
8	67	2068
8	68	884
8	70	2003
8	72	861
8	73	2201
8	75	2105
8	76	1176
8	78	2009
8	80	917
8	81	1863
8	83	1092
8	84	2112
8	86	1885
8	87	1062
8	89	1828
8	91	1137
8	92	2025
8	94	1916
8	95	931
8	97	1951
8	99	956
8	100	1761
8	102	1087
8	103	2152
8	105	2088
8	106	974
8	108	1883
8	110	969
8	111	1860
8	113	1929
8	114	899
8	116	1828
8	118	866
8	119	1709
8	121	1588
8	122	1014
8	124	1706
8	125	739
8	127	1857
8	129	778
8	130	2049
8	132	1690
8	133	783
8	135	1623
8	137	676
8	138	1462
8	140	1456
8	141	880
8	143	1423
8	144	540
8	146	1396
8	148	636
8	149	1460
8	151	1255
8	152	586
8	154	1038
8	156	656
8	157	1033
8	159	1070
8	160	556
8	162	1036
8	164	564
8	165	1056
8	167	566
8	168	983
8	170	728
8	171	431
8	173	694
8	175	373
8	176	774
8	178	584
8	179	352
8	181	586
8	183	314
8	184	490
8	186	282
8	187	464
8	189	546
8	190	224
8	192	465
8	194	384
8	195	330
8	197	383
8	198	115
8	200	294
8	202	157
8	203	265
8	205	105
8	206	48
9	0	39
9	1	48
9	2	264
9	4	255
9	5	56
9	7	251
9	8	131
9	10	166
9	11	268
9	13	85
9	14	263
9	15	145
9	17	225
9	18	90
9	20	116
9	21	326
9	22	222
9	24	451
9	26	228
9	27	785
9	29	481
9	30	227
9	32	482
9	34	260
9	35	685
9	37	473
9	38	314
9	40	595
9	41	280
9	43	763
9	45	393
9	46	681
9	48	655
9	49	450
9	51	975
9	53	402
9	54	858
9	56	1142
9	57	572
9	59	951
9	61	415
9	62	1167
9	64	561
9	65	1118
9	67	1388
9	68	845
9	70	1235
9	72	568
9	73	1336
9	75	1350
9	76	621
9	78	1332
9	80	759
9	81	1537
9	83	781
9	84	1393
9	86	1600
9	87	760
9	89	1400
9	91	842
9	92	1715
9	94	1468
9	95	775
9	97	1884
9	99	944
9	100	1811
9	102	670
9	103	1700
9	105	1697
9	106	708
9	108	1514
9	110	819
9	111	1608
9	113	1831
9	114	793
9	116	1728
9	118	987
9	119	1836
9	121	1844
9	122	922
9	124	1782
9	125	749
9	127	1941
9	129	840
9	130	1788
9	132	1581
9	133	847
9	135	1575
9	137	830
9	138	1938
9	140	1755
9	141	787
9	143	1697
9	144	967
9	146	1670
9	148	772
9	149	1806
9	151	1774
9	152	865
9	154	1561
9	156	770
9	157	1590
9	159	1615
9	160	804
9	162	1643
9	164	651
9	165	1579
9	167	749
9	168	1426
9	170	1225
9	171	695
9	173	1109
9	175	581
9	176	1127
9	178	1159
9	179	601
9	181	1108
9	183	413
9	184	790
9	186	579
9	187	904
9	189	877
9	190	372
9	192	771
9	194	389
9	195	593
9	197	654
9	198	251
9	200	724
9	202	338
9	203	572
9	205	527
9	206	348
10	0	9
10	1	3
10	2	18
10	4	13
10	5	32
10	7	5
10	8	22
10	10	7
10	11	14
10	13	14
10	14	18
10	15	66
10	17	118
10	18	19
10	20	13
10	21	59
10	22	25
10	24	90
10	26	48
10	27	228
10	29	118
10	30	53
10	32	178
10	34	82
10	35	132
10	37	159
10	38	96
10	40	150
10	41	167
10	43	206
10	45	66
10	46	182
10	48	268
10	49	98
10	51	422
10	53	184
10	54	244
10	56	159
10	57	115
10	59	383
10	61	205
10	62	345
10	64	114
10	65	344
10	67	386
10	68	242
10	70	423
10	72	255
10	73	449
10	75	555
10	76	297
10	78	550
10	80	275
10	81	535
10	83	353
10	84	491
10	86	741
10	87	375
10	89	737
10	91	338
10	92	755
10	94	830
10	95	508
10	97	830
10	99	391
10	100	801
10	102	466
10	103	980
10	105	808
10	106	490
10	108	1086
10	110	517
10	111	882
10	113	1068
10	114	425
10	116	982
10	118	546
10	119	1087
10	121	1051
10	122	699
10	124	1214
10	125	643
10	127	1435
10	129	694
10	130	1600
10	132	1526
10	133	844
10	135	1426
10	137	814
10	138	1590
10	140	2085
10	141	993
10	143	1629
10	144	735
10	146	1886
10	148	949
10	149	2079
10	151	2092
10	152	910
10	154	1869
10	156	916
10	157	1818
10	159	2117
10	160	1028
10	162	2419
10	164	1006
10	165	2027
10	167	1086
10	168	2065
10	170	2156
10	171	1254
10	173	2551
10	175	976
10	176	2635
10	178	2672
10	179	1214
10	181	2874
10	183	1086
10	184	2746
10	186	1548
10	187	2888
10	189	2924
10	190	1429
10	192	2979
10	194	1180
10	195	3166
10	197	3098
10	198	1464
10	200	3681
10	202	1904
10	203	4531
10	205	4370
10	206	13186
