n_matched
99348
56368
56368
17632
28941
67347
40323
50329
21869
23609
24894
16608
12506
42034
20489
20911
12569
22031
10834
11463
13655
15035
5648
9532
18268
16716
25945
8330
10114
7351
7488
7656
22884
8812
7140
3295
6012
18892
18892
10675
7990
7207
5897
16121
2933
5177
5211
29642
27925
12436
9179
9179
25044
7455
6922
6922
6281
7157
8630
6093
5642
5912
7092
20248
20248
11240
6049
18837
4158
17844
7502
10061
10061
5077
5471
5764
5764
8487
6659
5659
16961
4257
4799
6200
15068
3907
5193
5193
14878
14878
6093
8033
6189
4277
4226
13451
5234
14201
5611
3949
4202
5002
4003
11299
2249
3980
6667
5186
4630
3667
