UKB_sparse_bin	CHB_bin	UKB_WBfreq
0	0	4348
0	1	224
0	2	144
0	4	44
0	5	12
0	7	11
0	8	37
0	10	27
0	11	58
0	13	9
0	14	29
0	15	6
0	17	27
0	18	12
0	20	16
0	21	27
0	22	26
0	24	51
0	26	2
0	27	9
0	29	7
0	30	12
0	32	10
0	34	7
0	35	18
0	37	14
0	38	35
0	40	9
0	41	14
0	43	12
0	45	1
0	46	11
0	48	5
0	49	1
0	51	3
0	53	9
0	54	20
0	56	6
0	57	24
0	59	4
0	61	3
0	62	3
0	64	1
0	67	3
0	70	41
0	72	15
0	73	7
0	75	11
0	78	3
0	87	2
0	91	1
0	108	1
0	127	1
1	0	305027
1	1	21744
1	2	11589
1	4	8000
1	5	3621
1	7	3339
1	8	5736
1	10	2557
1	11	4558
1	13	2166
1	14	4328
1	15	1900
1	17	3200
1	18	1627
1	20	1288
1	21	3038
1	22	1361
1	24	2535
1	26	1283
1	27	1872
1	29	1816
1	30	981
1	32	1580
1	34	812
1	35	1654
1	37	1409
1	38	670
1	40	1412
1	41	670
1	43	1242
1	45	627
1	46	982
1	48	912
1	49	445
1	51	700
1	53	457
1	54	772
1	56	857
1	57	446
1	59	739
1	61	251
1	62	481
1	64	265
1	65	427
1	67	414
1	68	266
1	70	486
1	72	129
1	73	265
1	75	227
1	76	149
1	78	277
1	80	219
1	81	321
1	83	109
1	84	137
1	86	199
1	87	178
1	89	220
1	91	100
1	92	162
1	94	129
1	95	69
1	97	158
1	99	64
1	100	62
1	102	28
1	103	81
1	105	65
1	106	37
1	108	68
1	110	25
1	111	90
1	113	81
1	114	21
1	116	45
1	118	22
1	119	30
1	121	31
1	122	21
1	124	34
1	125	14
1	127	18
1	129	4
1	130	12
1	132	12
1	133	2
1	135	18
1	137	26
1	138	17
1	140	9
1	143	3
1	144	2
1	146	2
1	148	1
1	149	2
1	151	9
1	152	2
1	154	1
1	157	31
1	159	12
1	160	2
1	162	5
1	164	4
1	165	3
1	168	2
1	171	1
1	176	1
1	178	2
1	187	1
2	0	186759
2	1	33375
2	2	19795
2	4	12947
2	5	6649
2	7	5882
2	8	10575
2	10	4454
2	11	8663
2	13	3761
2	14	8326
2	15	3882
2	17	8211
2	18	3689
2	20	3395
2	21	5939
2	22	3104
2	24	5822
2	26	2695
2	27	5236
2	29	4896
2	30	2237
2	32	4145
2	34	1778
2	35	4284
2	37	3420
2	38	1832
2	40	3312
2	41	1531
2	43	2821
2	45	1243
2	46	2721
2	48	2278
2	49	1373
2	51	2217
2	53	1098
2	54	2222
2	56	1851
2	57	898
2	59	1680
2	61	917
2	62	1610
2	64	670
2	65	1765
2	67	1462
2	68	560
2	70	1007
2	72	584
2	73	948
2	75	858
2	76	346
2	78	764
2	80	334
2	81	731
2	83	306
2	84	605
2	86	658
2	87	341
2	89	649
2	91	293
2	92	556
2	94	519
2	95	301
2	97	436
2	99	228
2	100	308
2	102	218
2	103	371
2	105	281
2	106	120
2	108	276
2	110	92
2	111	308
2	113	282
2	114	120
2	116	257
2	118	95
2	119	108
2	121	146
2	122	60
2	124	139
2	125	83
2	127	155
2	129	51
2	130	113
2	132	136
2	133	72
2	135	121
2	137	30
2	138	77
2	140	49
2	141	24
2	143	98
2	144	27
2	146	112
2	148	35
2	149	131
2	151	98
2	152	64
2	154	89
2	156	11
2	157	31
2	159	46
2	160	5
2	162	5
2	164	2
2	165	20
2	167	11
2	168	13
2	170	12
2	171	3
2	173	33
2	175	3
2	176	1
2	178	5
2	179	2
2	181	1
2	183	8
2	187	1
2	200	8
3	0	46678
3	1	14990
3	2	10809
3	4	7037
3	5	3082
3	7	2749
3	8	5442
3	10	2881
3	11	5101
3	13	2157
3	14	4994
3	15	2195
3	17	4266
3	18	2078
3	20	2119
3	21	4390
3	22	1963
3	24	3711
3	26	1678
3	27	3419
3	29	3288
3	30	1280
3	32	2952
3	34	1303
3	35	2374
3	37	2616
3	38	1304
3	40	2435
3	41	1247
3	43	2309
3	45	910
3	46	1932
3	48	2087
3	49	916
3	51	1701
3	53	984
3	54	1676
3	56	1401
3	57	585
3	59	1418
3	61	724
3	62	1425
3	64	574
3	65	1356
3	67	1175
3	68	501
3	70	1094
3	72	428
3	73	871
3	75	965
3	76	463
3	78	879
3	80	319
3	81	667
3	83	428
3	84	705
3	86	771
3	87	327
3	89	492
3	91	303
3	92	432
3	94	616
3	95	290
3	97	501
3	99	241
3	100	359
3	102	131
3	103	297
3	105	263
3	106	137
3	108	218
3	110	121
3	111	250
3	113	268
3	114	137
3	116	197
3	118	93
3	119	216
3	121	202
3	122	114
3	124	140
3	125	109
3	127	149
3	129	82
3	130	120
3	132	87
3	133	38
3	135	97
3	137	52
3	138	62
3	140	81
3	141	53
3	143	57
3	144	15
3	146	46
3	148	48
3	149	47
3	151	20
3	152	14
3	154	30
3	156	6
3	157	22
3	159	15
3	160	5
3	162	18
3	164	10
3	165	8
3	167	3
3	168	5
3	170	14
3	171	3
3	173	7
3	175	7
3	176	5
3	179	1
3	181	1
3	183	3
3	184	12
3	189	1
3	190	3
4	0	21930
4	1	9920
4	2	8291
4	4	7163
4	5	2888
4	7	2481
4	8	5518
4	10	2289
4	11	4984
4	13	2564
4	14	5157
4	15	2153
4	17	4157
4	18	2050
4	20	2062
4	21	3940
4	22	2039
4	24	3934
4	26	1981
4	27	3870
4	29	3659
4	30	1998
4	32	3261
4	34	1889
4	35	3242
4	37	3021
4	38	1403
4	40	2971
4	41	1203
4	43	2889
4	45	1614
4	46	2545
4	48	2571
4	49	1313
4	51	2515
4	53	1210
4	54	2141
4	56	2190
4	57	1012
4	59	2306
4	61	887
4	62	1998
4	64	1247
4	65	1720
4	67	1536
4	68	1027
4	70	1574
4	72	809
4	73	1344
4	75	1594
4	76	699
4	78	1238
4	80	769
4	81	1263
4	83	492
4	84	1250
4	86	991
4	87	464
4	89	801
4	91	533
4	92	852
4	94	770
4	95	348
4	97	710
4	99	432
4	100	695
4	102	301
4	103	550
4	105	585
4	106	259
4	108	569
4	110	311
4	111	620
4	113	583
4	114	295
4	116	366
4	118	183
4	119	411
4	121	306
4	122	166
4	124	306
4	125	174
4	127	294
4	129	96
4	130	247
4	132	158
4	133	100
4	135	232
4	137	119
4	138	242
4	140	130
4	141	54
4	143	132
4	144	63
4	146	90
4	148	40
4	149	127
4	151	87
4	152	48
4	154	190
4	156	91
4	157	165
4	159	100
4	160	42
4	162	62
4	164	83
4	165	73
4	167	45
4	168	43
4	170	33
4	171	26
4	173	15
4	175	1
4	176	23
4	178	41
4	179	10
4	181	75
4	183	10
4	184	6
4	186	2
4	187	7
4	189	107
4	190	3
4	192	1
4	194	2
4	198	1
4	200	3
4	202	3
4	206	3
5	0	9408
5	1	6424
5	2	6272
5	4	4755
5	5	2095
5	7	2170
5	8	3791
5	10	1760
5	11	3720
5	13	1953
5	14	3997
5	15	1663
5	17	3834
5	18	1761
5	20	1681
5	21	3844
5	22	1781
5	24	3575
5	26	1698
5	27	3705
5	29	3447
5	30	1850
5	32	3689
5	34	1753
5	35	3174
5	37	2993
5	38	1551
5	40	2725
5	41	1418
5	43	3137
5	45	1406
5	46	2561
5	48	2273
5	49	1306
5	51	2311
5	53	1315
5	54	2356
5	56	2366
5	57	1059
5	59	2373
5	61	1005
5	62	2221
5	64	1058
5	65	2284
5	67	1955
5	68	1008
5	70	1770
5	72	991
5	73	1897
5	75	1595
5	76	1039
5	78	1804
5	80	778
5	81	1666
5	83	744
5	84	1525
5	86	1320
5	87	606
5	89	1389
5	91	572
5	92	1481
5	94	1362
5	95	477
5	97	1064
5	99	517
5	100	1164
5	102	522
5	103	934
5	105	1116
5	106	362
5	108	896
5	110	428
5	111	826
5	113	756
5	114	397
5	116	607
5	118	317
5	119	513
5	121	528
5	122	348
5	124	497
5	125	202
5	127	592
5	129	358
5	130	676
5	132	459
5	133	250
5	135	399
5	137	205
5	138	327
5	140	352
5	141	177
5	143	266
5	144	163
5	146	344
5	148	101
5	149	257
5	151	268
5	152	148
5	154	219
5	156	127
5	157	194
5	159	177
5	160	62
5	162	105
5	164	121
5	165	166
5	167	82
5	168	121
5	170	53
5	171	59
5	173	82
5	175	14
5	176	33
5	178	29
5	179	27
5	181	20
5	183	19
5	184	17
5	187	12
5	189	33
5	190	10
5	192	10
5	194	1
5	195	21
5	197	10
5	198	1
5	200	1
5	203	2
5	205	1
5	206	2
6	0	7569
6	1	6486
6	2	6708
6	4	5150
6	5	2456
6	7	1994
6	8	4985
6	10	2518
6	11	4782
6	13	2388
6	14	4569
6	15	2605
6	17	4497
6	18	2351
6	20	2136
6	21	5017
6	22	2308
6	24	4264
6	26	2729
6	27	4593
6	29	4241
6	30	2215
6	32	4019
6	34	2420
6	35	4500
6	37	4525
6	38	2557
6	40	4411
6	41	2167
6	43	4382
6	45	2142
6	46	4071
6	48	4221
6	49	1748
6	51	4552
6	53	2146
6	54	3718
6	56	3422
6	57	1821
6	59	3003
6	61	1648
6	62	3637
6	64	1674
6	65	3277
6	67	2815
6	68	1492
6	70	3037
6	72	1769
6	73	3014
6	75	3139
6	76	1263
6	78	2635
6	80	1453
6	81	2594
6	83	1317
6	84	3219
6	86	2617
6	87	1382
6	89	2770
6	91	1321
6	92	2477
6	94	2294
6	95	994
6	97	2064
6	99	1020
6	100	2313
6	102	1125
6	103	2037
6	105	1694
6	106	783
6	108	1703
6	110	864
6	111	1494
6	113	1348
6	114	652
6	116	1516
6	118	790
6	119	1333
6	121	1270
6	122	418
6	124	1020
6	125	857
6	127	1167
6	129	494
6	130	1036
6	132	1161
6	133	524
6	135	972
6	137	461
6	138	797
6	140	1129
6	141	609
6	143	827
6	144	275
6	146	548
6	148	391
6	149	616
6	151	490
6	152	199
6	154	406
6	156	146
6	157	370
6	159	417
6	160	244
6	162	319
6	164	103
6	165	316
6	167	174
6	168	305
6	170	299
6	171	101
6	173	204
6	175	115
6	176	166
6	178	114
6	179	29
6	181	175
6	183	33
6	184	87
6	186	77
6	187	107
6	189	84
6	190	30
6	192	27
6	194	27
6	195	100
6	197	34
6	198	8
6	200	59
6	202	18
6	203	33
6	205	9
6	206	5
7	0	2014
7	1	2409
7	2	3139
7	4	2597
7	5	1367
7	7	1167
7	8	2188
7	10	1149
7	11	2472
7	13	1256
7	14	2022
7	15	1242
7	17	2909
7	18	1134
7	20	1266
7	21	2872
7	22	1257
7	24	3020
7	26	1518
7	27	2991
7	29	2867
7	30	1492
7	32	2769
7	34	1519
7	35	3158
7	37	3219
7	38	1663
7	40	3467
7	41	1477
7	43	3028
7	45	1747
7	46	3290
7	48	3142
7	49	1535
7	51	2964
7	53	1554
7	54	3368
7	56	3305
7	57	1473
7	59	3138
7	61	1498
7	62	3183
7	64	1371
7	65	3293
7	67	3092
7	68	1296
7	70	2884
7	72	1490
7	73	2819
7	75	2763
7	76	1474
7	78	3156
7	80	1588
7	81	3064
7	83	1238
7	84	2618
7	86	2486
7	87	1371
7	89	2655
7	91	1288
7	92	2702
7	94	2294
7	95	1153
7	97	2452
7	99	1333
7	100	2476
7	102	1217
7	103	2046
7	105	2560
7	106	1268
7	108	2183
7	110	1059
7	111	2121
7	113	1850
7	114	930
7	116	1762
7	118	893
7	119	1937
7	121	2157
7	122	781
7	124	1619
7	125	947
7	127	1316
7	129	574
7	130	1350
7	132	1407
7	133	613
7	135	1446
7	137	589
7	138	1225
7	140	1139
7	141	608
7	143	1101
7	144	489
7	146	1003
7	148	460
7	149	827
7	151	748
7	152	442
7	154	675
7	156	401
7	157	649
7	159	599
7	160	316
7	162	625
7	164	399
7	165	534
7	167	231
7	168	437
7	170	495
7	171	185
7	173	425
7	175	275
7	176	317
7	178	252
7	179	142
7	181	207
7	183	80
7	184	115
7	186	93
7	187	201
7	189	132
7	190	96
7	192	142
7	194	53
7	195	208
7	197	116
7	198	81
7	200	81
7	202	45
7	203	43
7	205	15
7	206	7
8	0	618
8	1	824
8	2	1433
8	4	1083
8	5	456
8	7	401
8	8	1150
8	10	531
8	11	1277
8	13	456
8	14	1327
8	15	711
8	17	1301
8	18	751
8	20	663
8	21	1306
8	22	615
8	24	1621
8	26	611
8	27	1302
8	29	1494
8	30	903
8	32	1669
8	34	744
8	35	1650
8	37	1574
8	38	856
8	40	1653
8	41	943
8	43	1995
8	45	998
8	46	1951
8	48	2122
8	49	864
8	51	2004
8	53	1092
8	54	1991
8	56	1965
8	57	946
8	59	1869
8	61	1142
8	62	2181
8	64	884
8	65	2244
8	67	2317
8	68	902
8	70	2203
8	72	1075
8	73	1980
8	75	2258
8	76	1048
8	78	2245
8	80	1036
8	81	1932
8	83	1168
8	84	2285
8	86	2021
8	87	1084
8	89	1808
8	91	869
8	92	1881
8	94	2150
8	95	867
8	97	1888
8	99	866
8	100	1862
8	102	1027
8	103	1958
8	105	1862
8	106	905
8	108	1941
8	110	798
8	111	1595
8	113	1625
8	114	1036
8	116	1425
8	118	783
8	119	1730
8	121	1524
8	122	764
8	124	1509
8	125	759
8	127	1611
8	129	675
8	130	1499
8	132	1418
8	133	742
8	135	1510
8	137	707
8	138	1437
8	140	1074
8	141	585
8	143	1117
8	144	645
8	146	1050
8	148	505
8	149	1115
8	151	986
8	152	448
8	154	1035
8	156	488
8	157	999
8	159	872
8	160	515
8	162	839
8	164	451
8	165	792
8	167	363
8	168	639
8	170	558
8	171	235
8	173	539
8	175	277
8	176	622
8	178	489
8	179	256
8	181	377
8	183	268
8	184	375
8	186	163
8	187	263
8	189	311
8	190	137
8	192	393
8	194	239
8	195	201
8	197	205
8	198	110
8	200	137
8	202	67
8	203	133
8	205	43
8	206	26
9	0	79
9	1	183
9	2	356
9	4	265
9	5	217
9	7	156
9	8	359
9	10	198
9	11	709
9	13	282
9	14	429
9	15	218
9	17	565
9	18	233
9	20	250
9	21	520
9	22	224
9	24	641
9	26	383
9	27	805
9	29	862
9	30	361
9	32	906
9	34	417
9	35	735
9	37	679
9	38	387
9	40	1096
9	41	526
9	43	978
9	45	604
9	46	1090
9	48	1177
9	49	572
9	51	1158
9	53	522
9	54	1214
9	56	1401
9	57	617
9	59	1043
9	61	593
9	62	1583
9	64	926
9	65	1216
9	67	1262
9	68	746
9	70	1431
9	72	668
9	73	1468
9	75	1532
9	76	877
9	78	1534
9	80	790
9	81	1403
9	83	791
9	84	1491
9	86	1682
9	87	729
9	89	1484
9	91	831
9	92	1700
9	94	1649
9	95	952
9	97	1674
9	99	936
9	100	1850
9	102	1139
9	103	1940
9	105	1876
9	106	823
9	108	1918
9	110	886
9	111	1795
9	113	1683
9	114	808
9	116	1843
9	118	888
9	119	1512
9	121	1690
9	122	928
9	124	1749
9	125	872
9	127	1583
9	129	1101
9	130	1683
9	132	1609
9	133	825
9	135	1646
9	137	871
9	138	1566
9	140	1368
9	141	706
9	143	1585
9	144	711
9	146	1357
9	148	682
9	149	1340
9	151	1249
9	152	604
9	154	1231
9	156	673
9	157	1399
9	159	1352
9	160	690
9	162	1328
9	164	545
9	165	1033
9	167	470
9	168	1013
9	170	1025
9	171	383
9	173	1006
9	175	371
9	176	934
9	178	815
9	179	402
9	181	993
9	183	432
9	184	639
9	186	314
9	187	609
9	189	591
9	190	200
9	192	549
9	194	361
9	195	624
9	197	436
9	198	157
9	200	326
9	202	221
9	203	368
9	205	126
9	206	87
10	0	26
10	1	12
10	2	70
10	4	81
10	5	16
10	7	29
10	8	37
10	10	45
10	11	43
10	13	44
10	14	101
10	15	33
10	17	104
10	18	53
10	20	79
10	21	105
10	22	31
10	24	140
10	26	71
10	27	219
10	29	215
10	30	95
10	32	169
10	34	55
10	35	260
10	37	153
10	38	122
10	40	207
10	41	86
10	43	193
10	45	87
10	46	236
10	48	269
10	49	99
10	51	307
10	53	171
10	54	340
10	56	337
10	57	175
10	59	389
10	61	207
10	62	343
10	64	253
10	65	370
10	67	488
10	68	245
10	70	515
10	72	287
10	73	535
10	75	437
10	76	223
10	78	483
10	80	277
10	81	507
10	83	227
10	84	548
10	86	594
10	87	376
10	89	730
10	91	336
10	92	725
10	94	751
10	95	401
10	97	858
10	99	480
10	100	612
10	102	315
10	103	712
10	105	768
10	106	441
10	108	911
10	110	510
10	111	872
10	113	761
10	114	389
10	116	1090
10	118	482
10	119	901
10	121	1100
10	122	637
10	124	1081
10	125	492
10	127	1031
10	129	553
10	130	1055
10	132	1226
10	133	484
10	135	1124
10	137	561
10	138	1336
10	140	1189
10	141	561
10	143	1095
10	144	484
10	146	1043
10	148	652
10	149	1130
10	151	1224
10	152	662
10	154	1237
10	156	613
10	157	1416
10	159	1351
10	160	537
10	162	1482
10	164	620
10	165	1227
10	167	649
10	168	1319
10	170	1176
10	171	565
10	173	1037
10	175	657
10	176	1154
10	178	1078
10	179	569
10	181	1182
10	183	607
10	184	1165
10	186	650
10	187	1056
10	189	1238
10	190	642
10	192	1197
10	194	519
10	195	1104
10	197	1387
10	198	451
10	200	1284
10	202	773
10	203	1796
10	205	1292
10	206	3673
