n_matched
99348
22377
26933
50329
21869
12020
10072
66758
15087
30854
23639
9182
13575
43863
17092
16718
37154
15334
7440
15035
28833
13183
26568
26568
5626
9029
7351
22884
13385
8812
6475
6180
19637
7600
5728
10675
16840
5129
9686
5248
29642
13026
19262
5151
17518
11987
8752
27925
27925
7018
16228
11061
7689
8151
8200
8987
8987
23107
4085
7455
6851
6851
22403
9934
10193
21668
13330
9872
9872
6976
6976
7109
12008
7920
20248
20248
20248
18837
5266
5266
17844
10061
3336
8105
8105
17691
3725
5753
5753
5753
5812
16961
3532
7533
7533
15686
6926
6926
7308
4799
15076
9087
6200
5244
8993
8993
4330
4459
13130
5925
13451
2722
2722
3909
4124
2852
4250
3775
12007
12007
4497
3638
2718
2718
3863
3582
11501
4788
6843
2453
4615
3427
5186
5186
7463
