UKB_sparse_bin	YRI_bin	UKB_WBfreq
1	0	17
1	2	1
1	7	1
1	13	1
2	0	10
2	3	1
2	6	1
2	7	1
2	10	2
2	13	1
2	28	1
2	41	1
2	55	1
3	0	6
3	2	1
3	3	1
3	6	1
3	16	1
3	22	1
3	36	1
3	39	1
3	44	1
3	46	1
3	57	1
3	65	1
3	98	1
3	108	1
4	0	1
4	1	1
4	2	1
4	4	1
4	6	1
4	10	1
4	16	1
4	17	1
4	19	1
4	22	1
4	23	1
4	31	1
4	33	1
4	46	1
4	66	1
4	76	1
4	82	1
4	93	1
4	101	1
5	0	2
5	1	1
5	3	1
5	4	1
5	6	1
5	13	1
5	14	1
5	19	1
5	25	1
5	27	1
5	41	2
5	49	1
5	63	1
5	85	1
5	90	2
5	100	1
6	1	2
6	4	1
6	10	2
6	13	1
6	16	2
6	17	1
6	25	1
6	44	1
6	52	1
6	60	1
6	65	1
6	66	1
6	79	1
6	81	1
6	93	1
6	127	1
7	0	2
7	2	1
7	6	1
7	16	1
7	22	1
7	25	1
7	30	1
7	34	1
7	36	1
7	49	1
7	73	1
7	82	1
7	84	1
7	87	1
7	103	1
7	109	1
7	117	1
7	133	1
8	0	1
8	4	2
8	20	1
8	22	1
8	25	2
8	36	1
8	47	1
8	52	1
8	58	2
8	85	1
8	92	1
8	108	1
8	109	1
8	119	1
8	120	1
8	163	1
9	28	1
9	39	1
9	41	2
9	44	1
9	46	1
9	73	1
9	90	1
9	93	1
9	101	2
9	109	1
9	117	2
9	138	1
9	149	1
9	152	1
9	163	1
9	211	1
10	25	1
10	36	1
10	55	1
10	65	1
10	74	1
10	79	1
10	117	1
10	120	2
10	128	1
10	144	1
10	152	1
10	155	1
10	162	1
10	163	1
10	168	1
10	173	1
10	181	1
10	196	1
10	216	1
