UKB_sparse_bin	CHB_bin	UKB_WBfreq
0	0	29596
0	1	1724
0	2	806
0	4	543
0	5	170
0	7	210
0	8	314
0	10	171
0	11	361
0	13	153
0	14	464
0	15	67
0	17	178
0	18	29
0	20	51
0	21	194
0	22	54
0	24	89
0	26	77
0	27	135
0	29	84
0	30	24
0	32	47
0	34	45
0	35	104
0	37	63
0	38	21
0	40	43
0	41	35
0	43	37
0	45	12
0	46	91
0	48	42
0	49	16
0	51	24
0	53	15
0	54	63
0	56	25
0	57	33
0	59	30
0	61	15
0	62	20
0	64	11
0	65	35
0	67	46
0	68	16
0	70	70
0	72	20
0	73	20
0	75	6
0	76	19
0	78	18
0	80	1
0	81	13
0	83	5
0	84	11
0	86	27
0	89	4
0	94	2
0	95	1
0	97	9
0	99	7
0	100	4
0	102	7
0	103	6
0	105	9
0	108	1
0	116	1
0	119	1
0	121	1
0	132	1
0	170	1
0	176	1
1	0	578603
1	1	63532
1	2	33150
1	4	22542
1	5	10545
1	7	9678
1	8	17540
1	10	8292
1	11	14400
1	13	5837
1	14	12780
1	15	5995
1	17	10609
1	18	5594
1	20	4904
1	21	8301
1	22	4392
1	24	7619
1	26	3205
1	27	6771
1	29	6170
1	30	3142
1	32	5799
1	34	2794
1	35	5108
1	37	4827
1	38	2489
1	40	4490
1	41	1986
1	43	4087
1	45	2002
1	46	3401
1	48	3024
1	49	1646
1	51	2686
1	53	1396
1	54	2656
1	56	2514
1	57	1345
1	59	2088
1	61	890
1	62	2073
1	64	790
1	65	1527
1	67	1653
1	68	777
1	70	1241
1	72	452
1	73	999
1	75	1035
1	76	478
1	78	954
1	80	476
1	81	860
1	83	444
1	84	652
1	86	622
1	87	433
1	89	843
1	91	375
1	92	584
1	94	558
1	95	334
1	97	378
1	99	297
1	100	414
1	102	214
1	103	440
1	105	367
1	106	128
1	108	230
1	110	117
1	111	308
1	113	188
1	114	63
1	116	226
1	118	88
1	119	148
1	121	204
1	122	107
1	124	91
1	125	41
1	127	189
1	129	26
1	130	81
1	132	126
1	133	84
1	135	134
1	137	64
1	138	84
1	140	77
1	141	93
1	143	164
1	144	29
1	146	87
1	148	37
1	149	141
1	151	77
1	152	19
1	154	49
1	156	20
1	157	32
1	159	60
1	160	3
1	162	3
1	165	3
1	168	12
1	170	5
1	171	1
1	175	2
1	176	1
1	178	4
1	183	3
1	184	1
1	187	2
1	189	1
1	192	1
1	203	1
1	205	1
1	206	1
2	0	109164
2	1	33524
2	2	23780
2	4	17637
2	5	7978
2	7	7131
2	8	12199
2	10	6453
2	11	13082
2	13	5497
2	14	10895
2	15	5359
2	17	10192
2	18	4819
2	20	4446
2	21	10925
2	22	5031
2	24	8964
2	26	4177
2	27	8759
2	29	7810
2	30	3527
2	32	7464
2	34	3353
2	35	6165
2	37	5612
2	38	2931
2	40	4975
2	41	2967
2	43	5287
2	45	2438
2	46	4858
2	48	4953
2	49	2693
2	51	4573
2	53	2007
2	54	3789
2	56	3394
2	57	1629
2	59	3924
2	61	2047
2	62	3648
2	64	1409
2	65	3175
2	67	3013
2	68	1272
2	70	2419
2	72	1044
2	73	2036
2	75	2290
2	76	1120
2	78	2225
2	80	980
2	81	2070
2	83	833
2	84	1721
2	86	1312
2	87	741
2	89	1110
2	91	794
2	92	1224
2	94	1321
2	95	640
2	97	1089
2	99	561
2	100	841
2	102	382
2	103	964
2	105	974
2	106	474
2	108	823
2	110	425
2	111	812
2	113	810
2	114	295
2	116	560
2	118	230
2	119	500
2	121	433
2	122	303
2	124	359
2	125	134
2	127	401
2	129	130
2	130	323
2	132	204
2	133	147
2	135	288
2	137	107
2	138	154
2	140	233
2	141	101
2	143	105
2	144	72
2	146	175
2	148	138
2	149	164
2	151	75
2	152	37
2	154	34
2	156	23
2	157	63
2	159	75
2	160	36
2	162	68
2	164	46
2	165	34
2	167	11
2	168	76
2	170	43
2	171	19
2	173	57
2	175	12
2	176	39
2	178	69
2	179	12
2	181	142
2	183	2
2	184	9
2	186	4
2	187	1
2	189	2
2	190	10
2	197	1
2	200	4
2	202	1
2	206	1
3	0	19241
3	1	10220
3	2	9285
3	4	6101
3	5	2666
3	7	2856
3	8	5097
3	10	2435
3	11	4918
3	13	2436
3	14	4887
3	15	2969
3	17	4631
3	18	2324
3	20	2144
3	21	4394
3	22	2130
3	24	4241
3	26	2147
3	27	4365
3	29	4375
3	30	2106
3	32	3663
3	34	1953
3	35	4424
3	37	4058
3	38	1573
3	40	3543
3	41	1561
3	43	2961
3	45	1506
3	46	2604
3	48	2708
3	49	1469
3	51	2948
3	53	1724
3	54	2540
3	56	2453
3	57	1360
3	59	2660
3	61	1292
3	62	2456
3	64	1134
3	65	2141
3	67	1904
3	68	995
3	70	1885
3	72	968
3	73	1927
3	75	1685
3	76	772
3	78	1558
3	80	762
3	81	1596
3	83	766
3	84	1425
3	86	1246
3	87	579
3	89	1244
3	91	665
3	92	1214
3	94	1211
3	95	572
3	97	966
3	99	388
3	100	913
3	102	435
3	103	760
3	105	631
3	106	444
3	108	671
3	110	373
3	111	648
3	113	569
3	114	299
3	116	475
3	118	222
3	119	600
3	121	486
3	122	200
3	124	485
3	125	221
3	127	517
3	129	244
3	130	354
3	132	249
3	133	189
3	135	302
3	137	137
3	138	271
3	140	155
3	141	143
3	143	163
3	144	103
3	146	211
3	148	87
3	149	108
3	151	164
3	152	49
3	154	188
3	156	74
3	157	176
3	159	130
3	160	26
3	162	84
3	164	78
3	165	73
3	167	50
3	168	55
3	170	69
3	171	17
3	173	61
3	175	10
3	176	35
3	178	16
3	179	17
3	181	53
3	183	13
3	184	37
3	186	5
3	187	12
3	189	5
3	190	10
3	192	11
3	194	1
3	197	4
3	198	1
3	200	10
3	205	1
4	0	21466
4	1	16039
4	2	15485
4	4	11748
4	5	5648
4	7	5097
4	8	10547
4	10	5432
4	11	9572
4	13	5338
4	14	9744
4	15	5323
4	17	9662
4	18	4275
4	20	4728
4	21	10480
4	22	5203
4	24	9691
4	26	5064
4	27	9190
4	29	8607
4	30	4767
4	32	9289
4	34	4380
4	35	8891
4	37	8684
4	38	4918
4	40	8193
4	41	4203
4	43	8478
4	45	3855
4	46	8009
4	48	7526
4	49	3806
4	51	7712
4	53	3617
4	54	6961
4	56	6857
4	57	3239
4	59	6725
4	61	3011
4	62	6408
4	64	3345
4	65	5970
4	67	5464
4	68	2918
4	70	5212
4	72	2637
4	73	4985
4	75	4952
4	76	2915
4	78	4996
4	80	2407
4	81	4747
4	83	2238
4	84	4682
4	86	4191
4	87	2068
4	89	4610
4	91	1894
4	92	4095
4	94	4008
4	95	1885
4	97	2966
4	99	1790
4	100	3382
4	102	1595
4	103	3399
4	105	3362
4	106	1401
4	108	2636
4	110	1386
4	111	2455
4	113	2221
4	114	1146
4	116	2699
4	118	1147
4	119	1740
4	121	1823
4	122	740
4	124	1738
4	125	1043
4	127	1767
4	129	954
4	130	1729
4	132	1489
4	133	663
4	135	1404
4	137	495
4	138	1174
4	140	1026
4	141	583
4	143	1180
4	144	441
4	146	956
4	148	476
4	149	1036
4	151	744
4	152	344
4	154	767
4	156	400
4	157	742
4	159	685
4	160	476
4	162	477
4	164	147
4	165	497
4	167	211
4	168	625
4	170	348
4	171	113
4	173	186
4	175	131
4	176	135
4	178	172
4	179	68
4	181	169
4	183	24
4	184	132
4	186	33
4	187	76
4	189	93
4	190	10
4	192	37
4	194	31
4	195	105
4	197	49
4	200	5
4	202	6
4	203	7
4	205	2
4	206	4
5	0	7973
5	1	7711
5	2	8500
5	4	7236
5	5	3272
5	7	3342
5	8	6871
5	10	2678
5	11	5609
5	13	2813
5	14	5479
5	15	3052
5	17	5990
5	18	2982
5	20	2860
5	21	6558
5	22	2928
5	24	5223
5	26	2933
5	27	6539
5	29	6382
5	30	3310
5	32	6415
5	34	3860
5	35	6330
5	37	5946
5	38	3090
5	40	6313
5	41	2909
5	43	5875
5	45	3017
5	46	6045
5	48	6143
5	49	3095
5	51	5629
5	53	2824
5	54	6106
5	56	5554
5	57	2727
5	59	5143
5	61	2583
5	62	5242
5	64	2568
5	65	5253
5	67	5290
5	68	2393
5	70	4756
5	72	2540
5	73	4519
5	75	4685
5	76	2010
5	78	4634
5	80	2165
5	81	4717
5	83	2198
5	84	5097
5	86	4362
5	87	2094
5	89	4172
5	91	1907
5	92	3555
5	94	3370
5	95	1766
5	97	3499
5	99	1884
5	100	3596
5	102	1645
5	103	2979
5	105	3055
5	106	1594
5	108	2864
5	110	1543
5	111	2559
5	113	2461
5	114	1097
5	116	2303
5	118	1322
5	119	2196
5	121	2518
5	122	950
5	124	1807
5	125	1101
5	127	2120
5	129	805
5	130	2088
5	132	1880
5	133	746
5	135	1728
5	137	875
5	138	1363
5	140	1939
5	141	770
5	143	1299
5	144	578
5	146	1119
5	148	430
5	149	931
5	151	895
5	152	432
5	154	701
5	156	428
5	157	1317
5	159	582
5	160	389
5	162	504
5	164	239
5	165	561
5	167	279
5	168	509
5	170	634
5	171	225
5	173	363
5	175	93
5	176	261
5	178	242
5	179	145
5	181	338
5	183	113
5	184	257
5	186	128
5	187	144
5	189	111
5	190	40
5	192	58
5	194	73
5	195	104
5	197	56
5	198	15
5	200	324
5	202	31
5	203	57
5	205	3
5	206	5
6	0	2864
6	1	3527
6	2	5294
6	4	4022
6	5	1957
6	7	1614
6	8	3397
6	10	1864
6	11	3874
6	13	1828
6	14	3289
6	15	1738
6	17	4557
6	18	2113
6	20	2093
6	21	4244
6	22	2048
6	24	5123
6	26	2035
6	27	4235
6	29	4675
6	30	2072
6	32	4497
6	34	2289
6	35	4993
6	37	4947
6	38	2545
6	40	5342
6	41	2569
6	43	5337
6	45	2689
6	46	5015
6	48	5564
6	49	2272
6	51	5028
6	53	2705
6	54	5497
6	56	5414
6	57	2173
6	59	5238
6	61	2548
6	62	5663
6	64	2428
6	65	5531
6	67	4916
6	68	2706
6	70	4920
6	72	2601
6	73	4848
6	75	5038
6	76	2657
6	78	5463
6	80	2260
6	81	4995
6	83	2460
6	84	4152
6	86	4181
6	87	2127
6	89	4732
6	91	2206
6	92	4421
6	94	4514
6	95	2079
6	97	4463
6	99	2456
6	100	3990
6	102	2321
6	103	4002
6	105	3966
6	106	2000
6	108	4063
6	110	1777
6	111	3620
6	113	3337
6	114	1766
6	116	3176
6	118	1468
6	119	3763
6	121	3034
6	122	1425
6	124	2892
6	125	1585
6	127	2545
6	129	1106
6	130	2050
6	132	2315
6	133	1076
6	135	2548
6	137	1262
6	138	2552
6	140	1998
6	141	1025
6	143	2271
6	144	1113
6	146	1696
6	148	666
6	149	1935
6	151	1566
6	152	803
6	154	1367
6	156	602
6	157	1239
6	159	1180
6	160	678
6	162	1197
6	164	504
6	165	1047
6	167	418
6	168	770
6	170	969
6	171	411
6	173	700
6	175	383
6	176	779
6	178	568
6	179	387
6	181	467
6	183	240
6	184	449
6	186	170
6	187	418
6	189	352
6	190	162
6	192	515
6	194	262
6	195	342
6	197	266
6	198	98
6	200	97
6	202	31
6	203	108
6	205	49
6	206	29
7	0	1095
7	1	1063
7	2	1990
7	4	1638
7	5	943
7	7	674
7	8	2001
7	10	1368
7	11	2576
7	13	1046
7	14	2220
7	15	1031
7	17	2204
7	18	867
7	20	1273
7	21	1949
7	22	1272
7	24	2334
7	26	1404
7	27	2348
7	29	2636
7	30	1561
7	32	2764
7	34	1578
7	35	2920
7	37	3331
7	38	1392
7	40	3313
7	41	1543
7	43	3463
7	45	1786
7	46	3332
7	48	3266
7	49	1443
7	51	3699
7	53	1676
7	54	3134
7	56	3543
7	57	1946
7	59	3618
7	61	1861
7	62	3952
7	64	1773
7	65	3568
7	67	3892
7	68	1918
7	70	3811
7	72	1963
7	73	3772
7	75	4386
7	76	2152
7	78	4120
7	80	1806
7	81	3966
7	83	1885
7	84	4480
7	86	3695
7	87	2215
7	89	4161
7	91	1879
7	92	3467
7	94	3688
7	95	1805
7	97	3852
7	99	1757
7	100	3779
7	102	1828
7	103	4254
7	105	3557
7	106	2056
7	108	3528
7	110	2066
7	111	3344
7	113	3616
7	114	1868
7	116	2874
7	118	1587
7	119	3226
7	121	2955
7	122	1531
7	124	3135
7	125	1599
7	127	3197
7	129	1288
7	130	3189
7	132	2589
7	133	1428
7	135	2876
7	137	1356
7	138	2912
7	140	2573
7	141	1341
7	143	2398
7	144	1134
7	146	2309
7	148	1063
7	149	2628
7	151	2126
7	152	1083
7	154	1829
7	156	861
7	157	1940
7	159	2308
7	160	858
7	162	1707
7	164	793
7	165	1601
7	167	845
7	168	1763
7	170	1328
7	171	511
7	173	1193
7	175	521
7	176	1396
7	178	1078
7	179	547
7	181	846
7	183	379
7	184	804
7	186	421
7	187	622
7	189	685
7	190	326
7	192	607
7	194	380
7	195	592
7	197	387
7	198	109
7	200	380
7	202	179
7	203	293
7	205	139
7	206	56
8	0	180
8	1	364
8	2	558
8	4	559
8	5	253
8	7	440
8	8	609
8	10	422
8	11	847
8	13	304
8	14	538
8	15	374
8	17	739
8	18	516
8	20	485
8	21	1030
8	22	577
8	24	1135
8	26	624
8	27	1247
8	29	1379
8	30	621
8	32	1303
8	34	581
8	35	1346
8	37	1331
8	38	664
8	40	1604
8	41	743
8	43	1787
8	45	841
8	46	1728
8	48	1806
8	49	921
8	51	2111
8	53	938
8	54	2118
8	56	2385
8	57	1296
8	59	2098
8	61	1130
8	62	2640
8	64	1404
8	65	2185
8	67	2216
8	68	1218
8	70	2316
8	72	1064
8	73	2391
8	75	2625
8	76	1163
8	78	2472
8	80	1208
8	81	2763
8	83	975
8	84	2426
8	86	2993
8	87	1181
8	89	2291
8	91	1099
8	92	2923
8	94	2564
8	95	1695
8	97	2967
8	99	1709
8	100	2938
8	102	1817
8	103	3078
8	105	2960
8	106	1269
8	108	3095
8	110	1544
8	111	2824
8	113	2728
8	114	1272
8	116	3292
8	118	1310
8	119	2416
8	121	2536
8	122	1533
8	124	2718
8	125	1227
8	127	2886
8	129	1235
8	130	2508
8	132	2480
8	133	1121
8	135	2414
8	137	1410
8	138	2525
8	140	2051
8	141	1187
8	143	2689
8	144	1012
8	146	2130
8	148	957
8	149	1986
8	151	2063
8	152	1008
8	154	1786
8	156	948
8	157	2071
8	159	2257
8	160	1187
8	162	1918
8	164	1016
8	165	1651
8	167	839
8	168	1698
8	170	1582
8	171	562
8	173	1342
8	175	550
8	176	1303
8	178	1084
8	179	554
8	181	892
8	183	480
8	184	869
8	186	450
8	187	865
8	189	814
8	190	364
8	192	859
8	194	314
8	195	752
8	197	560
8	198	239
8	200	490
8	202	238
8	203	508
8	205	236
8	206	145
9	0	46
9	1	102
9	2	417
9	4	239
9	5	122
9	7	108
9	8	221
9	10	164
9	11	483
9	13	139
9	14	353
9	15	226
9	17	530
9	18	230
9	20	289
9	21	535
9	22	363
9	24	747
9	26	410
9	27	714
9	29	1035
9	30	385
9	32	848
9	34	388
9	35	869
9	37	880
9	38	495
9	40	978
9	41	488
9	43	1303
9	45	746
9	46	1063
9	48	1317
9	49	760
9	51	1223
9	53	657
9	54	1617
9	56	2051
9	57	1070
9	59	1855
9	61	947
9	62	1980
9	64	862
9	65	1671
9	67	1936
9	68	1332
9	70	2153
9	72	955
9	73	2313
9	75	2209
9	76	900
9	78	2533
9	80	1247
9	81	2440
9	83	1346
9	84	2795
9	86	2939
9	87	1327
9	89	2912
9	91	1430
9	92	3285
9	94	2642
9	95	1723
9	97	3551
9	99	1386
9	100	3337
9	102	1443
9	103	3265
9	105	3384
9	106	1778
9	108	3342
9	110	1570
9	111	3385
9	113	3207
9	114	1384
9	116	3091
9	118	1525
9	119	3156
9	121	2853
9	122	1484
9	124	3345
9	125	1729
9	127	3850
9	129	1753
9	130	3426
9	132	3466
9	133	1536
9	135	3154
9	137	1632
9	138	3172
9	140	3368
9	141	1728
9	143	3381
9	144	1755
9	146	3177
9	148	1503
9	149	3150
9	151	3212
9	152	1673
9	154	3185
9	156	1315
9	157	3445
9	159	2904
9	160	1682
9	162	3392
9	164	1415
9	165	3298
9	167	1627
9	168	3145
9	170	2749
9	171	1464
9	173	2359
9	175	1101
9	176	2361
9	178	2416
9	179	1029
9	181	2780
9	183	872
9	184	1850
9	186	987
9	187	2420
9	189	1912
9	190	880
9	192	1490
9	194	728
9	195	1599
9	197	1274
9	198	611
9	200	1276
9	202	511
9	203	1642
9	205	779
9	206	578
10	0	47
10	1	32
10	2	56
10	4	32
10	5	10
10	7	19
10	8	53
10	10	41
10	11	45
10	13	59
10	14	122
10	15	87
10	17	144
10	18	17
10	20	33
10	21	128
10	22	105
10	24	145
10	26	66
10	27	267
10	29	343
10	30	159
10	32	314
10	34	150
10	35	346
10	37	312
10	38	131
10	40	312
10	41	261
10	43	345
10	45	184
10	46	350
10	48	465
10	49	220
10	51	701
10	53	282
10	54	442
10	56	540
10	57	339
10	59	516
10	61	269
10	62	473
10	64	287
10	65	977
10	67	637
10	68	414
10	70	772
10	72	368
10	73	1024
10	75	920
10	76	394
10	78	995
10	80	512
10	81	866
10	83	516
10	84	923
10	86	1081
10	87	643
10	89	1468
10	91	592
10	92	1283
10	94	1350
10	95	725
10	97	1551
10	99	770
10	100	1614
10	102	626
10	103	1821
10	105	1703
10	106	826
10	108	1680
10	110	1037
10	111	1721
10	113	1867
10	114	767
10	116	1970
10	118	881
10	119	2170
10	121	2285
10	122	1239
10	124	2129
10	125	966
10	127	2111
10	129	1168
10	130	2670
10	132	2215
10	133	1294
10	135	2219
10	137	1325
10	138	2343
10	140	2742
10	141	1544
10	143	2578
10	144	1413
10	146	2909
10	148	1579
10	149	3228
10	151	3358
10	152	1457
10	154	2876
10	156	1588
10	157	2921
10	159	2953
10	160	1544
10	162	3240
10	164	1852
10	165	3407
10	167	1745
10	168	3127
10	170	3112
10	171	1814
10	173	3386
10	175	1706
10	176	3693
10	178	3562
10	179	1761
10	181	3763
10	183	1677
10	184	3534
10	186	1784
10	187	3220
10	189	3387
10	190	1787
10	192	3187
10	194	1474
10	195	3459
10	197	3516
10	198	1540
10	200	3493
10	202	2120
10	203	4662
10	205	3958
10	206	6327
