UKB_sparse_bin	YRI_bin	UKB_WBfreq
0	0	6776
0	1	238
0	2	125
0	3	513
0	4	37
0	6	106
0	7	32
0	9	35
0	10	107
0	12	52
0	13	149
0	14	33
0	16	76
0	17	20
0	19	26
0	20	56
0	22	28
0	23	23
0	25	127
0	27	16
0	28	66
0	30	56
0	31	35
0	33	38
0	34	21
0	36	48
0	38	69
0	39	29
0	41	28
0	42	4
0	44	13
0	46	10
0	47	14
0	49	21
0	50	19
0	52	13
0	54	2
0	55	15
0	57	18
0	58	6
0	60	12
0	63	11
0	65	4
0	66	9
0	68	2
0	69	2
0	71	10
0	73	1
0	74	4
0	76	24
0	79	3
0	81	1
0	82	3
0	84	1
0	85	1
0	87	1
0	88	2
0	90	2
0	93	2
0	95	14
0	98	4
0	103	2
0	108	5
0	109	1
0	111	18
0	112	12
0	135	2
0	149	1
0	157	1
1	0	348963
1	1	14311
1	2	8255
1	3	12613
1	4	4780
1	6	8931
1	7	4164
1	9	4129
1	10	8039
1	12	3476
1	13	6286
1	14	3202
1	16	6115
1	17	2544
1	19	2631
1	20	4987
1	22	4714
1	23	2227
1	25	4190
1	27	1938
1	28	3784
1	30	1903
1	31	3650
1	33	3273
1	34	1533
1	36	2481
1	38	1390
1	39	2759
1	41	2761
1	42	1066
1	44	2417
1	46	971
1	47	1880
1	49	1870
1	50	881
1	52	1670
1	54	805
1	55	1366
1	57	812
1	58	1491
1	60	1180
1	61	573
1	63	1140
1	65	476
1	66	1027
1	68	862
1	69	476
1	71	955
1	73	356
1	74	742
1	76	645
1	77	300
1	79	607
1	81	253
1	82	678
1	84	232
1	85	517
1	87	481
1	88	239
1	90	502
1	92	241
1	93	279
1	95	349
1	96	282
1	98	366
1	100	106
1	101	234
1	103	183
1	104	121
1	106	253
1	108	51
1	109	142
1	111	95
1	112	149
1	114	123
1	115	60
1	117	143
1	119	48
1	120	75
1	122	77
1	123	58
1	125	73
1	127	24
1	128	47
1	130	70
1	131	68
1	133	118
1	135	38
1	136	33
1	138	9
1	139	54
1	141	20
1	142	50
1	144	31
1	146	23
1	147	32
1	149	12
1	150	10
1	152	43
1	154	14
1	155	7
1	157	18
1	158	3
1	160	12
1	162	4
1	163	8
1	165	1
1	166	3
1	169	2
1	171	10
1	174	5
1	176	6
1	177	3
1	181	2
1	182	1
1	187	1
1	189	1
1	192	1
1	195	1
1	203	1
1	206	1
2	0	167257
2	1	15838
2	2	9907
2	3	15647
2	4	7008
2	6	11792
2	7	5855
2	9	5307
2	10	11024
2	12	4956
2	13	10020
2	14	4840
2	16	8940
2	17	4251
2	19	4260
2	20	7974
2	22	7106
2	23	3305
2	25	6697
2	27	3429
2	28	6121
2	30	2996
2	31	5740
2	33	5050
2	34	2628
2	36	4711
2	38	2176
2	39	4638
2	41	4165
2	42	1913
2	44	3418
2	46	2065
2	47	3345
2	49	2820
2	50	1427
2	52	2932
2	54	1308
2	55	2761
2	57	1195
2	58	2472
2	60	2165
2	61	1103
2	63	2355
2	65	1000
2	66	1997
2	68	1791
2	69	959
2	71	1550
2	73	745
2	74	1368
2	76	1507
2	77	694
2	79	1277
2	81	657
2	82	1320
2	84	479
2	85	1069
2	87	908
2	88	453
2	90	912
2	92	368
2	93	643
2	95	824
2	96	268
2	98	684
2	100	279
2	101	517
2	103	483
2	104	334
2	106	459
2	108	242
2	109	392
2	111	344
2	112	409
2	114	404
2	115	156
2	117	280
2	119	205
2	120	326
2	122	231
2	123	85
2	125	220
2	127	88
2	128	230
2	130	216
2	131	84
2	133	133
2	135	176
2	136	143
2	138	119
2	139	141
2	141	301
2	142	52
2	144	155
2	146	82
2	147	107
2	149	98
2	150	45
2	152	79
2	154	40
2	155	48
2	157	47
2	158	18
2	160	61
2	162	33
2	163	46
2	165	14
2	166	48
2	168	32
2	169	12
2	171	39
2	173	9
2	174	9
2	176	10
2	177	21
2	179	6
2	181	4
2	182	20
2	184	1
2	185	1
2	187	4
2	189	7
2	190	13
2	193	14
2	195	5
2	198	3
2	200	1
2	201	19
2	206	3
2	208	1
2	211	2
3	0	59039
3	1	10250
3	2	6873
3	3	11143
3	4	5090
3	6	9348
3	7	4715
3	9	4454
3	10	8593
3	12	4303
3	13	7896
3	14	3752
3	16	7210
3	17	3512
3	19	2973
3	20	6560
3	22	6094
3	23	2992
3	25	5519
3	27	2838
3	28	5384
3	30	2383
3	31	5083
3	33	4813
3	34	2192
3	36	4215
3	38	1985
3	39	4154
3	41	4169
3	42	1718
3	44	3688
3	46	1861
3	47	3288
3	49	3123
3	50	1473
3	52	3240
3	54	1501
3	55	2769
3	57	1239
3	58	2706
3	60	2449
3	61	1226
3	63	2103
3	65	1184
3	66	2080
3	68	1959
3	69	1067
3	71	1878
3	73	862
3	74	1702
3	76	1505
3	77	709
3	79	1269
3	81	645
3	82	1305
3	84	606
3	85	1006
3	87	1049
3	88	526
3	90	1096
3	92	515
3	93	934
3	95	1032
3	96	564
3	98	844
3	100	351
3	101	760
3	103	608
3	104	364
3	106	614
3	108	259
3	109	493
3	111	265
3	112	608
3	114	505
3	115	230
3	117	430
3	119	177
3	120	471
3	122	308
3	123	144
3	125	368
3	127	271
3	128	284
3	130	310
3	131	128
3	133	251
3	135	126
3	136	234
3	138	110
3	139	234
3	141	146
3	142	74
3	144	117
3	146	71
3	147	108
3	149	159
3	150	100
3	152	223
3	154	78
3	155	80
3	157	125
3	158	35
3	160	79
3	162	24
3	163	46
3	165	47
3	166	48
3	168	22
3	169	22
3	171	86
3	173	46
3	174	51
3	176	58
3	177	18
3	179	30
3	181	77
3	182	7
3	184	20
3	185	11
3	187	14
3	189	5
3	190	13
3	192	8
3	193	6
3	195	9
3	196	2
3	198	25
3	200	2
3	201	3
3	204	1
3	206	1
3	208	2
3	209	5
3	211	1
3	212	1
3	214	4
3	216	1
4	0	21608
4	1	5973
4	2	4237
4	3	7011
4	4	2722
4	6	5744
4	7	2475
4	9	2407
4	10	4617
4	12	2485
4	13	5126
4	14	2426
4	16	4706
4	17	2427
4	19	2085
4	20	4067
4	22	4079
4	23	1978
4	25	3666
4	27	1968
4	28	3803
4	30	2070
4	31	3838
4	33	3597
4	34	1638
4	36	3255
4	38	1656
4	39	3265
4	41	2800
4	42	1512
4	44	2544
4	46	1367
4	47	2890
4	49	2689
4	50	1308
4	52	2410
4	54	1176
4	55	2363
4	57	1240
4	58	2204
4	60	2006
4	61	1093
4	63	1957
4	65	1056
4	66	1887
4	68	1753
4	69	787
4	71	1695
4	73	728
4	74	1646
4	76	1289
4	77	764
4	79	1226
4	81	577
4	82	1108
4	84	664
4	85	1194
4	87	1133
4	88	487
4	90	909
4	92	400
4	93	824
4	95	881
4	96	391
4	98	852
4	100	420
4	101	747
4	103	626
4	104	262
4	106	584
4	108	271
4	109	602
4	111	295
4	112	538
4	114	555
4	115	247
4	117	522
4	119	187
4	120	398
4	122	402
4	123	200
4	125	287
4	127	141
4	128	324
4	130	344
4	131	145
4	133	287
4	135	126
4	136	326
4	138	96
4	139	224
4	141	247
4	142	96
4	144	237
4	146	151
4	147	164
4	149	176
4	150	63
4	152	172
4	154	75
4	155	168
4	157	99
4	158	48
4	160	101
4	162	30
4	163	63
4	165	55
4	166	90
4	168	48
4	169	24
4	171	50
4	173	42
4	174	37
4	176	69
4	177	12
4	179	35
4	181	25
4	182	45
4	184	22
4	185	13
4	187	20
4	189	6
4	190	7
4	192	6
4	193	7
4	195	23
4	196	20
4	198	13
4	200	6
4	201	4
4	203	5
4	204	3
4	206	2
4	208	2
4	209	2
4	211	5
4	216	2
5	0	19113
5	1	6724
5	2	5093
5	3	8529
5	4	3873
5	6	7744
5	7	3689
5	9	3638
5	10	7241
5	12	3503
5	13	6978
5	14	3442
5	16	6405
5	17	3127
5	19	2985
5	20	6433
5	22	5702
5	23	2856
5	25	5657
5	27	2927
5	28	5613
5	30	2709
5	31	5351
5	33	5659
5	34	2887
5	36	5405
5	38	2679
5	39	5017
5	41	4737
5	42	2421
5	44	4814
5	46	2057
5	47	4506
5	49	4376
5	50	1995
5	52	3840
5	54	2063
5	55	3854
5	57	1804
5	58	3805
5	60	3336
5	61	1677
5	63	3430
5	65	1631
5	66	3017
5	68	3276
5	69	1472
5	71	2774
5	73	1269
5	74	2534
5	76	2599
5	77	1311
5	79	2333
5	81	1122
5	82	2235
5	84	1254
5	85	2135
5	87	2158
5	88	1064
5	90	1934
5	92	918
5	93	1667
5	95	1851
5	96	840
5	98	1540
5	100	888
5	101	1526
5	103	1617
5	104	695
5	106	1255
5	108	633
5	109	1166
5	111	644
5	112	1246
5	114	1106
5	115	580
5	117	1043
5	119	508
5	120	1058
5	122	876
5	123	437
5	125	779
5	127	388
5	128	792
5	130	903
5	131	420
5	133	708
5	135	277
5	136	704
5	138	302
5	139	642
5	141	592
5	142	290
5	144	466
5	146	249
5	147	427
5	149	416
5	150	123
5	152	403
5	154	281
5	155	344
5	157	237
5	158	134
5	160	234
5	162	130
5	163	290
5	165	127
5	166	238
5	168	201
5	169	78
5	171	230
5	173	109
5	174	129
5	176	138
5	177	46
5	179	126
5	181	63
5	182	102
5	184	68
5	185	46
5	187	70
5	189	45
5	190	79
5	192	28
5	193	54
5	195	77
5	196	45
5	198	33
5	200	12
5	201	105
5	203	20
5	204	16
5	206	11
5	208	5
5	209	7
5	211	3
5	214	9
5	216	5
6	0	7390
6	1	3167
6	2	2541
6	3	4286
6	4	1926
6	6	4065
6	7	1961
6	9	2025
6	10	3564
6	12	1966
6	13	3576
6	14	1670
6	16	3512
6	17	1590
6	19	1717
6	20	3567
6	22	3328
6	23	1591
6	25	3202
6	27	1689
6	28	3443
6	30	1523
6	31	3320
6	33	3353
6	34	1809
6	36	3074
6	38	1376
6	39	2938
6	41	2820
6	42	1504
6	44	2632
6	46	1404
6	47	2814
6	49	2655
6	50	1380
6	52	2492
6	54	1368
6	55	2370
6	57	1349
6	58	2382
6	60	2152
6	61	1083
6	63	2188
6	65	1041
6	66	2243
6	68	2050
6	69	969
6	71	1993
6	73	919
6	74	1818
6	76	1744
6	77	857
6	79	1633
6	81	772
6	82	1653
6	84	810
6	85	1560
6	87	1472
6	88	657
6	90	1492
6	92	761
6	93	1441
6	95	1332
6	96	741
6	98	1288
6	100	580
6	101	1192
6	103	1044
6	104	600
6	106	1111
6	108	548
6	109	1073
6	111	469
6	112	1129
6	114	1005
6	115	544
6	117	910
6	119	412
6	120	807
6	122	728
6	123	294
6	125	700
6	127	294
6	128	677
6	130	667
6	131	352
6	133	653
6	135	255
6	136	595
6	138	267
6	139	492
6	141	523
6	142	234
6	144	415
6	146	185
6	147	363
6	149	430
6	150	189
6	152	371
6	154	225
6	155	553
6	157	349
6	158	155
6	160	368
6	162	132
6	163	261
6	165	139
6	166	244
6	168	249
6	169	66
6	171	150
6	173	90
6	174	170
6	176	139
6	177	85
6	179	120
6	181	69
6	182	139
6	184	134
6	185	40
6	187	118
6	189	47
6	190	67
6	192	43
6	193	41
6	195	91
6	196	48
6	198	81
6	200	44
6	201	60
6	203	35
6	204	8
6	206	45
6	208	20
6	209	24
6	211	5
6	212	9
6	214	4
6	216	15
7	0	3491
7	1	1703
7	2	1636
7	3	2718
7	4	1130
7	6	2445
7	7	1190
7	9	1250
7	10	2676
7	12	1292
7	13	2581
7	14	1322
7	16	2567
7	17	1355
7	19	1397
7	20	2715
7	22	2776
7	23	1332
7	25	2575
7	27	1377
7	28	2528
7	30	1258
7	31	2612
7	33	2577
7	34	1328
7	36	2409
7	38	1266
7	39	2607
7	41	2769
7	42	1260
7	44	2382
7	46	1209
7	47	2410
7	49	2473
7	50	1246
7	52	2231
7	54	1295
7	55	2463
7	57	1099
7	58	2299
7	60	2332
7	61	1283
7	63	2170
7	65	1082
7	66	2234
7	68	1935
7	69	1110
7	71	2168
7	73	1108
7	74	1954
7	76	1961
7	77	916
7	79	1808
7	81	1041
7	82	1852
7	84	849
7	85	1727
7	87	1815
7	88	837
7	90	1641
7	92	916
7	93	1482
7	95	1588
7	96	731
7	98	1534
7	100	742
7	101	1470
7	103	1454
7	104	744
7	106	1357
7	108	614
7	109	1227
7	111	587
7	112	1111
7	114	1024
7	115	440
7	117	1165
7	119	638
7	120	1073
7	122	1019
7	123	468
7	125	1044
7	127	454
7	128	1026
7	130	1027
7	131	422
7	133	897
7	135	382
7	136	825
7	138	337
7	139	756
7	141	858
7	142	320
7	144	700
7	146	351
7	147	670
7	149	538
7	150	252
7	152	531
7	154	256
7	155	614
7	157	531
7	158	232
7	160	423
7	162	259
7	163	422
7	165	195
7	166	272
7	168	441
7	169	179
7	171	335
7	173	214
7	174	343
7	176	266
7	177	169
7	179	256
7	181	106
7	182	202
7	184	216
7	185	70
7	187	251
7	189	105
7	190	241
7	192	60
7	193	172
7	195	179
7	196	52
7	198	129
7	200	120
7	201	129
7	203	125
7	204	37
7	206	41
7	208	38
7	209	48
7	211	81
7	212	9
7	214	33
7	216	8
8	0	1692
8	1	822
8	2	794
8	3	1494
8	4	776
8	6	1420
8	7	906
8	9	749
8	10	1895
8	12	746
8	13	1621
8	14	941
8	16	1875
8	17	941
8	19	965
8	20	1949
8	22	2040
8	23	953
8	25	2138
8	27	1031
8	28	2047
8	30	1051
8	31	2085
8	33	2128
8	34	1064
8	36	2209
8	38	1016
8	39	2217
8	41	2094
8	42	1155
8	44	2333
8	46	1158
8	47	2294
8	49	2231
8	50	1071
8	52	2177
8	54	996
8	55	1977
8	57	1249
8	58	2302
8	60	2247
8	61	1073
8	63	2443
8	65	947
8	66	2201
8	68	2075
8	69	1123
8	71	2135
8	73	1127
8	74	2050
8	76	1866
8	77	995
8	79	1870
8	81	906
8	82	1689
8	84	871
8	85	1812
8	87	1910
8	88	831
8	90	1847
8	92	830
8	93	1622
8	95	1755
8	96	821
8	98	1852
8	100	939
8	101	1765
8	103	1691
8	104	887
8	106	1666
8	108	736
8	109	1634
8	111	897
8	112	1655
8	114	1376
8	115	739
8	117	1394
8	119	695
8	120	1373
8	122	1182
8	123	721
8	125	1233
8	127	592
8	128	1401
8	130	1157
8	131	750
8	133	1129
8	135	584
8	136	1215
8	138	523
8	139	910
8	141	1022
8	142	477
8	144	1055
8	146	433
8	147	960
8	149	852
8	150	443
8	152	817
8	154	407
8	155	775
8	157	778
8	158	367
8	160	712
8	162	371
8	163	778
8	165	326
8	166	708
8	168	691
8	169	335
8	171	596
8	173	252
8	174	487
8	176	397
8	177	204
8	179	382
8	181	206
8	182	439
8	184	384
8	185	209
8	187	388
8	189	207
8	190	387
8	192	147
8	193	243
8	195	244
8	196	129
8	198	185
8	200	84
8	201	178
8	203	135
8	204	67
8	206	132
8	208	101
8	209	161
8	211	125
8	212	37
8	214	117
8	216	32
9	0	439
9	1	266
9	2	276
9	3	498
9	4	354
9	6	814
9	7	355
9	9	422
9	10	665
9	12	366
9	13	959
9	14	385
9	16	1012
9	17	422
9	19	472
9	20	841
9	22	997
9	23	492
9	25	1142
9	27	402
9	28	1275
9	30	453
9	31	1099
9	33	1232
9	34	493
9	36	1206
9	38	602
9	39	1220
9	41	1252
9	42	684
9	44	1476
9	46	668
9	47	1368
9	49	1378
9	50	645
9	52	1425
9	54	724
9	55	1614
9	57	745
9	58	1527
9	60	1433
9	61	681
9	63	1476
9	65	753
9	66	1381
9	68	1374
9	69	752
9	71	1435
9	73	660
9	74	1558
9	76	1668
9	77	788
9	79	1533
9	81	762
9	82	1540
9	84	855
9	85	1634
9	87	1616
9	88	804
9	90	1525
9	92	716
9	93	1537
9	95	1680
9	96	713
9	98	1540
9	100	727
9	101	1627
9	103	1453
9	104	733
9	106	1429
9	108	928
9	109	1462
9	111	716
9	112	1480
9	114	1571
9	115	762
9	117	1554
9	119	711
9	120	1399
9	122	1505
9	123	779
9	125	1516
9	127	779
9	128	1276
9	130	1350
9	131	660
9	133	1289
9	135	556
9	136	1419
9	138	583
9	139	1343
9	141	1178
9	142	571
9	144	1397
9	146	533
9	147	1139
9	149	1092
9	150	522
9	152	1386
9	154	484
9	155	1065
9	157	1164
9	158	518
9	160	1314
9	162	462
9	163	1063
9	165	476
9	166	1043
9	168	984
9	169	424
9	171	854
9	173	493
9	174	939
9	176	872
9	177	345
9	179	742
9	181	404
9	182	760
9	184	887
9	185	382
9	187	676
9	189	362
9	190	684
9	192	288
9	193	584
9	195	541
9	196	248
9	198	586
9	200	224
9	201	518
9	203	466
9	204	218
9	206	374
9	208	189
9	209	432
9	211	267
9	212	180
9	214	386
9	216	259
10	0	59
10	1	82
10	2	55
10	3	96
10	4	58
10	6	175
10	7	58
10	9	70
10	10	174
10	12	81
10	13	197
10	14	169
10	16	232
10	17	156
10	19	76
10	20	243
10	22	235
10	23	197
10	25	298
10	27	137
10	28	438
10	30	174
10	31	369
10	33	332
10	34	229
10	36	561
10	38	237
10	39	541
10	41	514
10	42	350
10	44	516
10	46	184
10	47	541
10	49	530
10	50	284
10	52	586
10	54	252
10	55	613
10	57	270
10	58	595
10	60	632
10	61	288
10	63	682
10	65	357
10	66	775
10	68	774
10	69	387
10	71	791
10	73	297
10	74	948
10	76	808
10	77	447
10	79	903
10	81	430
10	82	899
10	84	404
10	85	867
10	87	961
10	88	425
10	90	891
10	92	414
10	93	844
10	95	976
10	96	515
10	98	981
10	100	535
10	101	1026
10	103	1066
10	104	587
10	106	1057
10	108	417
10	109	1028
10	111	476
10	112	1055
10	114	1165
10	115	480
10	117	1154
10	119	438
10	120	1033
10	122	1039
10	123	649
10	125	1208
10	127	601
10	128	1155
10	130	1064
10	131	576
10	133	1319
10	135	626
10	136	1240
10	138	628
10	139	1275
10	141	1157
10	142	689
10	144	1266
10	146	533
10	147	1156
10	149	1303
10	150	572
10	152	1279
10	154	623
10	155	1309
10	157	1255
10	158	726
10	160	1162
10	162	620
10	163	1358
10	165	565
10	166	1015
10	168	1194
10	169	626
10	171	1257
10	173	715
10	174	1051
10	176	1138
10	177	640
10	179	1202
10	181	578
10	182	1118
10	184	1142
10	185	558
10	187	1067
10	189	609
10	190	1357
10	192	511
10	193	982
10	195	1011
10	196	474
10	198	1007
10	200	620
10	201	962
10	203	909
10	204	505
10	206	1022
10	208	427
10	209	855
10	211	1045
10	212	589
10	214	1281
10	216	4547
